monthly-interpolation-tps/anu/Anuspl43/test/rad/out/rad7.grd
NCOLS       16
NROWS       16
XLLCORNER    144.50000000000    
YLLCORNER   -44.000000000000    
CELLSIZE    0.25000000000000    
NODATA_VALUE   -99.00000    
  -99.00  -99.00  -99.00  -99.00  -99.00  -99.00  -99.00  -99.00  -99.00  -99.00
  -99.00  -99.00  -99.00    6.59    6.64    6.68
  -99.00  -99.00  -99.00  -99.00  -99.00  -99.00  -99.00  -99.00  -99.00  -99.00
  -99.00  -99.00  -99.00  -99.00    6.57    6.62
    5.63    5.68  -99.00  -99.00  -99.00  -99.00  -99.00  -99.00  -99.00  -99.00
  -99.00  -99.00  -99.00  -99.00  -99.00  -99.00
    5.46    5.52    5.58    5.65    5.72    5.79  -99.00  -99.00  -99.00  -99.00
    6.18    6.25    6.31    6.37    6.43  -99.00
    5.30    5.36    5.42    5.49    5.56    5.64    5.72    5.81    5.90    5.99
    6.07    6.15    6.22    6.29    6.35    6.40
  -99.00    5.19    5.25    5.33    5.40    5.49    5.57    5.67    5.77    5.87
    5.96    6.05    6.13    6.20    6.26    6.32
  -99.00    5.02    5.08    5.16    5.23    5.32    5.41    5.52    5.63    5.74
    5.84    5.94    6.02    6.10    6.16    6.22
  -99.00  -99.00    4.91    4.98    5.06    5.15    5.25    5.36    5.47    5.59
    5.71    5.81    5.91    5.99    6.06    6.13
  -99.00  -99.00    4.74    4.81    4.88    4.97    5.07    5.19    5.31    5.44
    5.56    5.68    5.78    5.87    5.95    6.02
  -99.00  -99.00    4.57    4.63    4.71    4.80    4.90    5.02    5.15    5.28
    5.41    5.54    5.65    5.74    5.83  -99.00
  -99.00  -99.00  -99.00    4.47    4.54    4.62    4.73    4.85    4.98    5.13
    5.27    5.39    5.51    5.61  -99.00  -99.00
  -99.00  -99.00  -99.00    4.31    4.38    4.47    4.57    4.69    4.83    4.97
    5.12    5.25    5.36    5.46  -99.00  -99.00
  -99.00  -99.00  -99.00  -99.00    4.24    4.33    4.43    4.55    4.68    4.82
    4.96    5.10    5.21    5.31  -99.00  -99.00
  -99.00  -99.00  -99.00  -99.00  -99.00    4.19    4.30    4.42    4.54    4.68
    4.81    4.94  -99.00  -99.00  -99.00  -99.00
  -99.00  -99.00  -99.00  -99.00  -99.00  -99.00    4.17    4.28    4.41    4.54
  -99.00  -99.00  -99.00  -99.00  -99.00  -99.00
  -99.00  -99.00  -99.00  -99.00  -99.00  -99.00  -99.00  -99.00  -99.00  -99.00
  -99.00  -99.00  -99.00  -99.00  -99.00  -99.00
