trunk/EcoCrop/data/climate/prec_9.asc
NCOLS 660 
NROWS 360 
XLLCORNER -20 
YLLCORNER -30 
CELLSIZE 0.1666667 
NODATA_value -3.4e+38 
[rows 62 to 92 of 360, columns 207 to 275 of 660]
1 1 1 1 1 1 1 2 2 1 1 1 1 1 1 1 1 1 1 1 1 1 1 1 1 1 0 0 0 0 0 0 0 0 0 0 0 0 0 0 0 0 0 0 0 0 0 1 1 1 1 1 1 2 2 2 2 2 2 2 2 2 2 2 2 2 2 2 2
1 1 1 1 1 2 2 2 2 2 2 1 1 1 1 1 1 1 1 1 1 1 1 1 0 0 0 0 0 0 0 0 0 0 0 0 0 0 0 0 0 0 0 0 0 1 1 1 1 1 1 1 2 2 2 2 2 2 2 2 2 2 2 2 2 2 2 2 2
1 1 1 1 2 2 2 2 2 2 1 2 1 1 1 1 1 1 1 1 1 1 1 0 0 0 1 0 0 0 0 0 0 0 0 0 0 0 0 0 0 0 0 0 0 1 1 1 1 1 2 2 2 2 2 3 3 3 3 3 3 3 3 3 3 3 3 2 2
1 1 2 2 2 2 2 2 2 2 1 1 1 1 1 1 1 1 1 1 1 1 1 1 0 0 1 0 1 0 0 0 0 0 0 0 0 0 0 0 0 0 0 0 1 1 1 1 1 2 2 2 3 3 3 3 3 3 3 3 3 3 3 3 3 3 3 3 3
2 2 2 2 2 2 2 2 2 2 2 2 1 1 1 1 1 1 1 1 1 1 1 1 1 1 1 1 0 0 0 0 0 0 0 0 0 0 0 0 0 0 0 0 1 1 1 1 2 2 2 2 3 3 3 3 4 4 4 4 3 3 3 3 3 3 3 3 3
2 2 2 2 2 2 2 2 2 2 2 2 2 1 1 1 1 1 1 1 1 1 1 1 1 1 1 1 1 1 1 1 0 0 0 0 0 0 0 0 0 0 1 1 1 1 1 2 2 2 3 3 4 4 4 4 4 4 4 4 4 4 4 4 4 4 4 4 4
2 2 2 2 2 2 2 2 2 2 2 2 2 2 1 1 1 1 1 1 1 1 1 1 1 1 1 1 1 1 1 1 1 1 1 1 1 1 1 1 1 1 1 1 1 2 2 2 3 3 3 4 4 5 5 5 5 5 5 5 5 5 4 4 4 4 4 4 4
2 2 2 2 2 2 2 2 2 2 2 2 2 2 2 2 1 1 1 1 1 1 1 1 1 1 1 1 1 1 1 1 1 1 1 1 1 1 1 1 1 1 1 2 2 2 2 3 3 3 4 4 5 5 5 5 5 5 5 5 5 5 5 5 5 5 5 4 4
2 2 2 2 2 2 2 2 2 2 2 2 2 2 2 2 2 2 1 1 1 1 1 1 1 1 1 1 1 1 1 1 1 1 1 1 1 1 1 1 1 2 2 2 2 3 3 3 4 4 5 5 5 6 6 6 6 6 6 6 6 6 6 6 5 5 5 5 5
2 2 2 2 2 2 2 2 2 2 2 2 2 2 2 2 2 2 2 2 2 1 1 1 1 1 1 1 1 1 1 1 1 1 1 1 1 1 2 2 2 2 2 3 3 3 4 4 5 5 5 6 6 6 7 7 7 7 7 7 7 7 6 6 6 6 6 6 6
2 2 2 2 2 2 2 2 2 2 2 2 2 2 2 2 2 2 2 2 2 2 2 1 1 1 1 1 1 1 1 1 1 2 2 2 2 2 2 2 3 3 3 3 4 4 5 5 6 6 6 7 7 8 8 8 8 8 8 8 8 7 7 7 7 7 6 6 6
3 3 3 3 3 3 3 3 3 3 3 2 2 2 2 2 2 2 2 2 2 2 2 2 2 2 1 2 2 2 2 2 2 2 2 2 2 2 3 3 3 4 4 4 5 5 6 6 7 7 8 8 9 9 9 9 9 9 9 9 8 8 8 8 8 7 7 7 7
3 3 3 3 3 3 3 3 3 3 3 3 3 3 2 2 2 2 2 2 2 2 2 2 2 2 2 2 2 2 2 2 2 2 2 2 3 3 3 3 4 5 5 5 6 6 7 8 8 9 10 10 10 11 11 11 10 10 10 10 9 9 9 9 8 8 8 8 8
3 3 3 3 3 3 3 3 3 3 3 3 3 3 3 3 3 2 2 2 2 2 2 2 2 2 2 2 2 2 2 2 3 3 3 3 3 3 4 4 4 5 6 6 7 8 8 9 10 10 11 11 12 12 12 12 12 11 11 11 10 10 10 9 9 9 9 8 8
3 3 3 3 3 3 3 3 3 3 3 3 3 3 3 3 3 3 3 3 2 2 2 2 2 2 2 2 3 3 3 3 3 3 3 3 4 4 4 4 5 5 5 6 8 9 10 10 11 12 12 13 13 13 13 13 13 12 12 12 11 11 11 10 10 10 10 9 9
4 4 4 4 4 4 4 4 4 4 4 4 4 4 3 3 3 3 3 3 3 3 3 3 3 3 3 3 3 3 3 3 4 4 4 4 4 4 5 5 5 5 5 7 8 10 10 11 12 13 14 14 14 15 15 14 14 14 13 13 12 12 12 11 11 11 10 10 10
4 4 4 4 4 4 4 4 4 4 4 4 4 4 4 4 4 4 3 3 3 3 3 3 3 3 3 3 3 4 4 4 4 4 5 5 5 5 5 6 6 6 7 8 9 10 11 13 13 14 15 15 16 16 16 16 15 15 14 14 13 13 13 12 12 12 11 11 11
4 4 5 5 5 5 5 5 5 5 5 5 5 5 5 4 4 4 4 4 4 4 3 4 4 4 4 4 4 4 4 5 5 5 5 5 6 6 6 6 7 7 8 9 10 11 12 14 15 15 16 17 17 17 17 17 16 16 15 15 15 14 14 13 13 12 12 12 12
5 5 5 5 5 6 6 6 6 6 6 6 5 5 5 5 5 5 5 4 4 4 4 4 4 4 4 5 5 5 5 5 6 6 6 6 7 7 7 7 8 8 9 10 11 12 14 15 16 17 17 18 19 19 18 18 18 17 17 16 16 15 15 14 14 14 13 13 13
5 6 6 6 6 6 6 7 7 7 6 6 6 6 6 6 6 5 5 5 5 5 5 5 5 5 5 5 6 6 6 6 6 7 7 7 7 8 8 9 9 10 10 11 12 14 15 16 17 18 19 19 20 20 20 19 19 18 18 17 17 16 16 15 15 15 15 14 14
6 6 7 7 7 7 7 7 8 7 7 7 7 7 7 7 7 6 6 6 6 5 5 5 5 6 6 6 6 7 7 7 7 8 8 8 9 9 9 10 10 11 12 13 14 15 16 17 18 19 20 20 21 21 21 20 20 19 19 18 18 17 17 17 16 16 16 15 15
7 7 8 8 8 8 8 9 9 9 9 9 8 8 8 8 8 8 7 7 7 6 6 6 6 7 7 7 7 8 8 8 9 9 9 9 10 10 11 11 12 12 13 14 15 16 17 18 19 20 21 21 22 22 21 21 21 20 20 19 19 18 18 17 17 17 17 16 16
8 8 9 9 9 10 10 10 10 10 10 10 10 10 9 9 9 9 8 8 8 8 7 7 7 8 8 8 9 9 9 10 10 10 10 11 11 11 12 12 13 14 14 15 16 17 18 19 20 21 22 22 22 23 22 22 22 21 21 20 20 19 19 19 19 19 18 17 18
9 9 10 10 11 11 11 11 11 11 11 11 11 11 11 11 10 10 10 10 9 9 9 9 9 9 10 10 10 11 11 11 11 11 12 12 12 13 13 14 14 15 16 17 17 18 19 20 21 22 23 23 23 23 23 23 23 22 22 21 21 20 20 20 19 20 20 20 19
10 11 11 12 12 13 13 13 13 13 13 13 13 12 12 12 12 12 11 11 11 11 11 11 11 11 11 11 12 12 12 13 13 13 13 14 14 14 15 15 16 17 17 18 19 20 20 21 22 23 23 24 24 25 24 24 24 23 23 22 22 21 21 21 20 20 21 21 20
12 13 13 14 14 14 15 15 15 15 15 15 14 14 14 14 14 13 13 13 13 13 12 13 13 13 13 13 14 14 14 15 15 15 15 16 16 16 17 17 18 18 19 20 20 21 21 22 23 24 25 25 26 26 26 25 25 24 24 23 23 22 22 22 22 22 22 21 21
14 15 15 16 16 16 17 17 17 17 17 17 16 16 16 16 16 15 15 15 15 15 15 15 15 15 15 16 16 16 16 17 17 17 17 18 18 18 19 19 20 21 21 21 22 22 22 23 24 25 26 27 27 27 27 27 26 26 25 24 24 23 23 23 24 23 23 22 22
16 17 17 18 18 19 19 19 19 19 19 19 18 18 18 18 18 17 17 17 17 17 17 17 17 17 18 18 18 19 19 19 20 20 20 20 20 20 21 22 22 23 23 23 24 24 24 25 26 27 28 28 29 29 29 28 28 27 26 25 25 24 24 24 24 24 24 24 24
18 19 20 21 21 21 22 21 21 21 21 21 21 21 20 20 20 20 20 20 20 20 20 20 20 20 20 21 21 21 21 22 22 23 23 23 23 24 24 25 25 26 26 26 27 26 26 27 28 29 30 31 31 31 31 30 29 29 28 27 26 25 25 25 25 25 25 25 25
21 22 23 24 24 24 24 24 24 24 24 23 23 23 23 23 23 22 22 22 22 22 22 22 23 23 23 23 24 24 25 25 25 26 26 27 27 28 28 29 29 29 29 29 29 29 30 30 31 32 33 33 34 34 33 33 32 30 29 28 27 26 26 26 26 27 27 27 28
24 25 26 27 27 28 27 27 27 27 26 26 26 26 25 25 25 25 25 25 25 25 25 25 26 26 26 27 27 27 28 29 29 30 30 31 32 32 33 33 33 33 33 33 33 33 33 34 35 35 36 37 37 37 36 36 34 33 31 29 28 27 27 27 28 28 28 30 28
