trunk/EcoCrop/data/climate/prec_11.asc
NCOLS 660 
NROWS 360 
XLLCORNER -20 
YLLCORNER -30 
CELLSIZE 0.1666667 
NODATA_value -3.4e+38 
[rows 0 to 30 of 360, columns 345 to 413 of 660]
8 8 7 7 7 7 7 7 6 7 7 7 7 6 6 6 6 7 8 9 10 10 11 11 12 12 12 13 13 13 13 13 13 13 13 14 14 14 15 15 16 16 16 17 17 16 16 15 15 14 13 12 12 13 14 15 16 17 17 18 18 19 22 25 28 -3.4e+38 -3.4e+38 -3.4e+38 -3.4e+38
9 9 8 8 7 7 7 7 7 7 7 7 6 6 6 6 6 7 9 10 10 11 12 12 13 13 14 14 14 14 14 15 15 15 15 15 15 16 16 17 17 17 17 18 18 18 17 17 16 16 15 15 15 15 16 16 17 17 18 18 19 20 22 23 26 -3.4e+38 -3.4e+38 -3.4e+38 -3.4e+38
8 8 8 8 8 8 7 7 7 8 8 7 7 7 7 7 8 8 9 11 12 12 13 14 14 15 16 15 16 16 16 16 16 16 17 17 17 17 17 18 18 18 19 19 19 19 19 18 18 17 17 17 17 17 17 18 18 18 19 19 19 20 20 21 -3.4e+38 -3.4e+38 -3.4e+38 -3.4e+38 -3.4e+38
8 8 8 8 8 8 8 8 8 9 9 8 8 8 8 8 9 10 11 12 13 14 15 16 16 17 17 17 18 18 18 18 18 18 18 19 19 19 19 19 19 19 20 20 20 20 20 20 20 20 20 20 20 20 20 19 20 20 19 20 20 19 -3.4e+38 -3.4e+38 -3.4e+38 -3.4e+38 -3.4e+38 -3.4e+38 -3.4e+38
9 9 9 9 9 9 9 9 9 9 9 10 11 9 9 9 10 11 12 13 15 16 17 18 18 19 20 20 20 20 20 21 20 20 20 20 20 20 20 20 21 21 21 21 22 22 22 22 22 22 23 23 22 22 22 21 21 21 21 20 20 19 19 18 -3.4e+38 -3.4e+38 -3.4e+38 -3.4e+38 -3.4e+38
10 10 10 10 10 10 10 10 10 10 10 11 11 11 11 12 12 13 14 15 16 17 18 20 21 21 21 22 22 23 22 22 22 22 22 22 22 22 22 22 22 22 22 23 23 24 24 24 25 25 26 26 25 25 24 24 23 22 22 21 20 20 19 18 -3.4e+38 -3.4e+38 -3.4e+38 -3.4e+38 -3.4e+38
11 11 10 11 10 11 11 11 10 11 11 12 12 12 13 13 14 15 16 17 18 20 21 22 23 24 24 24 25 25 25 25 24 24 24 24 23 23 23 23 23 23 24 24 25 25 26 27 27 28 28 29 28 27 27 26 25 24 23 22 21 20 19 19 -3.4e+38 -3.4e+38 -3.4e+38 -3.4e+38 -3.4e+38
12 11 12 12 12 11 12 11 11 12 12 13 13 14 14 15 16 17 18 19 20 22 23 24 25 26 27 27 27 27 27 27 26 26 26 25 25 24 25 25 25 25 25 26 26 27 28 29 30 31 32 32 31 31 29 28 26 25 24 23 22 21 20 20 20 -3.4e+38 -3.4e+38 -3.4e+38 -3.4e+38
12 12 13 13 13 12 13 12 12 12 13 14 14 15 16 17 18 19 20 21 23 24 26 27 28 29 30 30 30 30 30 29 29 28 27 27 26 26 26 26 26 26 26 27 27 28 29 30 32 33 35 35 35 33 31 29 27 26 25 24 22 22 21 21 21 -3.4e+38 -3.4e+38 -3.4e+38 -3.4e+38
14 13 14 14 14 14 13 13 13 13 14 15 16 16 17 18 19 21 22 23 25 27 28 30 31 32 33 33 33 33 32 31 31 30 29 28 28 27 27 27 27 27 27 28 28 29 30 32 33 35 37 40 38 35 32 30 28 27 25 24 23 22 22 21 21 21 -3.4e+38 -3.4e+38 -3.4e+38
14 14 15 14 14 14 14 14 14 15 15 16 17 18 19 20 21 22 24 26 28 30 31 34 35 36 36 36 36 35 34 33 32 31 30 30 29 29 28 28 28 28 28 28 29 30 31 32 34 36 38 39 38 35 33 31 29 27 26 24 23 23 22 21 21 21 21 -3.4e+38 -3.4e+38
15 15 15 14 15 14 15 15 15 16 16 17 18 19 20 21 23 24 26 28 30 32 34 36 38 40 40 39 38 37 36 35 34 32 31 30 29 29 28 28 28 28 28 29 29 30 31 32 34 35 37 37 36 35 33 31 29 27 26 24 23 23 22 21 21 21 21 -3.4e+38 -3.4e+38
15 15 15 15 15 15 15 15 16 17 18 18 19 20 21 22 24 25 27 29 31 34 36 39 42 44 44 42 41 38 37 36 35 33 32 31 30 29 29 28 28 28 28 29 29 30 31 32 33 34 35 35 34 33 32 30 28 27 26 24 23 22 22 21 20 20 20 20 -3.4e+38
15 16 16 15 15 16 16 16 17 18 18 19 20 21 23 23 25 26 28 30 33 36 39 42 46 48 48 46 44 40 39 37 35 34 32 31 30 29 29 28 28 28 28 29 29 29 30 31 32 33 33 33 32 32 30 29 28 26 25 24 23 22 22 21 20 20 19 19 -3.4e+38
16 16 16 16 16 16 17 17 17 19 19 20 21 22 23 27 25 27 29 31 34 37 40 43 45 53 51 48 45 42 39 38 36 34 33 31 30 29 28 28 28 28 27 28 28 29 29 30 31 31 31 31 31 30 29 28 26 25 24 23 22 21 20 20 19 19 18 18 -3.4e+38
17 16 17 17 17 17 17 18 18 19 20 20 21 22 23 26 26 27 29 32 34 37 40 43 45 49 50 48 45 42 40 37 35 34 32 31 30 29 28 27 27 27 26 27 27 28 28 29 29 29 29 29 29 28 28 26 25 24 23 22 21 21 20 19 19 18 18 17 17
18 17 17 17 17 17 18 18 19 19 20 20 22 22 23 25 26 28 30 32 34 37 40 42 44 46 47 46 45 42 39 37 35 33 32 30 29 29 27 27 26 26 25 26 26 27 27 27 28 28 28 27 27 27 26 25 24 23 22 21 21 20 19 18 18 17 17 16 16
18 17 17 17 18 18 18 18 19 20 21 22 23 23 25 25 26 28 30 32 35 37 39 41 42 43 44 44 43 41 38 36 35 32 31 30 28 27 26 25 25 25 25 25 25 26 26 26 26 26 26 26 26 25 24 24 23 22 21 20 20 19 18 17 17 16 16 15 15
19 17 17 16 17 19 19 19 20 20 21 22 23 24 24 25 26 28 31 32 34 36 37 39 40 41 42 42 40 39 37 35 33 32 30 28 27 26 25 24 24 24 24 24 24 24 25 25 25 25 25 24 24 24 23 22 22 21 20 19 18 18 17 16 16 15 15 14 14
18 19 16 18 18 18 19 20 20 20 21 22 23 23 24 25 26 28 30 31 33 34 35 37 38 38 39 39 39 37 35 34 32 31 29 27 26 25 24 23 22 22 22 23 23 23 23 23 23 23 23 23 22 22 22 21 20 20 19 19 18 17 16 16 15 15 14 13 13
15 18 16 17 18 18 20 20 20 21 21 22 23 24 24 26 27 27 29 30 31 33 33 34 35 38 36 36 36 35 34 32 31 29 28 26 25 24 22 21 21 21 21 21 22 22 22 22 22 22 22 22 21 21 20 20 19 19 18 17 17 16 15 15 14 14 13 13 12
16 15 16 16 16 19 20 21 21 21 21 22 23 24 25 26 26 27 27 28 30 31 32 33 34 33 33 34 33 33 33 31 29 28 26 25 24 22 21 19 20 20 20 20 20 21 21 21 21 21 20 20 20 20 19 18 18 18 17 16 16 15 14 14 13 13 12 12 11
16 16 15 15 15 17 18 21 21 21 22 21 22 24 25 25 25 26 26 27 28 29 30 30 31 31 31 31 31 31 30 29 28 26 25 24 22 21 20 18 18 19 19 19 20 19 20 19 19 19 19 19 19 18 18 17 17 16 16 15 15 14 13 13 13 12 11 11 10
16 18 17 15 16 16 17 18 19 19 20 19 20 22 24 24 24 25 26 26 26 27 28 28 28 29 29 29 28 28 27 27 26 24 23 22 21 20 19 18 17 18 18 18 18 18 19 18 18 18 18 18 17 17 16 16 16 15 15 14 14 13 12 12 12 11 11 10 9
17 17 17 15 15 16 17 17 18 18 18 18 20 22 24 24 24 24 24 25 25 26 26 27 27 27 27 26 26 26 25 24 24 23 22 20 20 19 18 18 17 17 17 17 17 18 17 17 17 17 17 16 16 16 15 15 15 14 14 13 13 12 12 11 11 10 10 9 9
15 15 15 15 15 15 16 16 17 17 17 18 20 21 25 24 23 23 23 24 24 25 25 25 26 25 25 25 24 24 23 23 22 21 20 20 19 18 18 17 16 16 16 16 16 16 17 16 16 16 15 15 14 15 14 14 13 13 13 12 12 11 11 10 10 9 9 9 8
14 15 16 15 15 15 15 15 16 17 17 17 18 20 22 23 22 22 23 23 23 24 24 24 24 24 24 23 23 22 22 21 21 20 19 19 18 17 17 16 16 15 15 15 15 15 15 15 15 14 14 13 13 13 13 13 13 12 12 11 11 10 10 10 9 9 8 8 7
16 18 16 17 16 15 15 15 16 17 17 17 18 19 22 22 21 20 21 22 22 22 23 23 23 22 22 22 21 21 21 21 20 19 18 18 17 17 16 15 15 14 14 14 14 14 13 14 14 13 13 13 12 12 12 12 11 11 11 10 10 10 9 9 8 8 8 7 7
16 18 18 17 16 17 16 15 15 17 17 16 17 18 19 20 19 19 20 21 21 21 21 21 21 21 21 20 20 20 20 19 18 18 18 17 17 16 15 14 14 14 13 13 13 13 13 12 12 12 12 12 11 11 11 11 11 10 10 9 9 9 8 8 8 7 7 7 6
16 18 19 17 17 17 17 17 15 16 16 16 16 17 17 17 17 18 18 19 20 20 20 20 20 20 19 19 19 18 18 18 18 17 17 17 16 15 14 14 13 14 13 12 12 12 12 12 11 11 12 11 11 10 10 10 10 10 9 9 8 8 8 8 7 7 6 6 6
17 19 18 18 17 17 17 18 15 14 14 14 15 16 16 16 16 16 17 18 18 19 19 19 19 19 18 18 18 17 17 17 17 16 16 16 15 14 13 13 13 13 12 12 11 11 11 11 11 10 10 11 10 10 9 9 9 9 8 8 8 7 7 7 7 6 6 6 5
