trunk/EcoCrop/data/climate/prec_11.asc
NCOLS 660 
NROWS 360 
XLLCORNER -20 
YLLCORNER -30 
CELLSIZE 0.1666667 
NODATA_value -3.4e+38 
[rows 124 to 154 of 360, columns 276 to 344 of 660]
1 1 1 1 1 1 1 1 1 1 1 2 2 2 2 2 3 3 3 3 3 3 3 3 3 4 4 4 5 5 5 6 6 6 6 6 6 7 7 7 8 9 10 11 13 15 17 20 22 27 31 47 37 36 36 36 35 36 39 40 38 37 38 36 36 33 26 20 20
1 1 2 2 2 2 2 2 2 2 2 2 2 2 3 3 3 3 4 4 4 4 4 4 4 5 5 5 5 5 6 6 6 6 6 7 7 7 7 8 8 9 10 12 13 15 18 20 27 36 31 43 40 39 39 38 36 37 40 42 46 43 45 50 43 35 31 22 20
2 2 2 2 2 2 2 2 2 2 2 2 3 3 3 4 4 4 5 5 5 5 5 5 5 6 6 6 5 6 6 6 7 7 7 7 7 7 8 8 8 9 10 12 14 16 19 21 25 28 32 39 43 41 40 38 36 38 41 42 46 47 45 47 39 34 31 27 23
2 3 3 3 3 3 3 3 3 3 3 3 3 4 4 4 5 5 6 6 6 6 6 6 7 7 7 7 6 7 7 7 7 7 8 8 8 8 8 8 9 9 10 12 14 17 20 22 25 29 32 41 49 39 39 37 37 38 40 49 44 48 45 44 39 35 30 25 19
3 4 5 5 5 5 5 4 4 4 4 4 4 5 5 5 6 6 7 7 7 7 8 8 8 8 8 8 8 7 8 8 8 8 8 8 9 9 9 9 9 10 10 13 16 19 21 24 27 30 35 40 45 41 39 39 39 41 46 52 49 45 45 43 40 36 28 26 20
5 6 7 7 7 6 6 6 5 5 5 5 5 6 6 7 7 7 8 8 8 9 9 10 10 10 9 9 9 8 8 9 9 9 9 9 9 10 10 10 11 11 12 15 18 21 24 26 28 31 37 40 41 41 40 40 42 40 45 42 48 46 43 43 43 36 32 23 23
8 9 10 10 10 9 8 8 7 7 7 7 7 7 7 8 8 9 9 9 10 10 10 11 12 11 11 10 10 9 9 9 10 10 10 10 11 11 11 12 12 13 15 17 20 24 27 29 29 31 39 44 44 42 42 50 50 50 54 59 52 53 47 42 47 36 32 30 24
12 13 13 13 13 12 11 10 9 9 8 8 8 8 8 9 9 10 10 10 10 11 11 12 12 12 11 11 10 10 10 10 11 11 11 12 12 12 13 13 14 15 17 20 23 28 32 33 33 35 41 46 45 44 59 45 65 68 69 70 63 57 54 53 52 44 31 26 26
18 19 18 17 16 15 13 12 11 11 10 10 10 10 10 10 10 10 11 11 11 11 12 12 12 12 12 11 11 11 11 11 12 12 12 13 13 14 15 15 16 17 19 22 26 30 35 37 38 41 45 47 46 44 68 49 58 63 76 75 70 64 59 63 59 51 35 31 26
23 25 23 21 19 17 16 14 14 13 12 11 11 11 11 11 11 11 12 12 12 12 12 12 12 12 12 11 11 12 12 12 13 13 14 14 15 16 17 17 18 20 22 25 29 33 36 39 41 45 49 48 46 45 72 63 82 70 78 81 77 72 67 60 54 46 39 36 32
27 28 27 24 22 20 19 17 16 15 14 13 13 13 13 12 13 12 12 12 12 12 12 12 12 12 12 12 12 12 13 13 14 15 15 16 17 18 19 20 21 23 25 28 31 34 37 40 43 45 48 47 45 44 42 79 72 86 86 76 78 76 76 67 64 54 44 41 35
29 30 29 27 25 22 21 20 18 17 16 15 15 14 14 14 14 13 13 13 13 12 12 12 12 12 12 12 12 13 13 14 15 16 17 18 19 20 21 22 24 26 28 30 33 36 39 41 43 45 46 45 44 43 41 44 90 91 91 88 87 86 72 75 68 59 51 50 38
31 31 30 29 27 25 23 22 20 19 18 17 16 16 16 15 15 15 14 14 13 13 13 12 12 12 12 12 12 13 14 15 16 18 19 20 21 22 23 25 27 29 31 33 35 38 40 41 43 44 45 44 43 42 40 41 49 57 80 94 97 95 89 83 72 66 54 50 40
33 33 31 31 29 27 25 24 22 21 20 19 19 18 18 17 16 16 15 14 14 13 13 13 13 13 13 13 13 14 15 17 18 19 21 22 23 24 26 28 29 32 34 36 37 39 41 42 43 44 44 44 43 41 41 36 63 75 86 90 104 103 100 92 83 73 63 55 46
34 34 33 32 31 29 27 25 24 24 23 21 21 20 19 19 18 17 16 15 14 14 13 13 14 14 14 14 15 16 17 19 20 21 23 24 25 27 28 30 32 34 37 38 39 40 42 43 44 44 44 44 43 44 40 43 48 97 101 75 91 111 95 92 73 79 68 59 44
36 36 35 34 32 31 29 28 27 26 24 23 22 22 21 20 19 19 18 17 16 15 14 14 15 15 16 16 17 18 19 21 22 24 25 26 27 29 30 32 34 36 39 40 41 41 42 43 44 44 44 44 44 45 82 49 53 76 99 106 76 90 71 81 86 79 73 49 59
38 37 36 35 33 32 31 30 29 28 27 25 25 24 23 22 21 20 19 18 18 17 16 16 16 17 17 18 19 20 21 23 25 26 27 28 29 31 32 34 36 38 40 41 42 42 43 44 44 45 45 46 46 47 49 52 71 81 85 83 69 99 114 72 107 75 67 69 65
40 39 38 37 36 34 33 32 31 30 29 27 27 26 25 24 23 23 21 20 20 19 18 18 19 19 19 20 21 22 24 25 27 29 30 30 31 32 34 35 37 38 40 41 42 43 44 44 45 46 47 48 48 50 52 55 59 78 79 95 66 73 76 122 101 91 67 60 68
42 41 40 39 37 36 35 34 34 32 31 30 29 28 27 26 26 24 23 23 22 21 21 21 21 21 21 22 23 24 25 27 30 31 32 32 33 34 35 36 38 39 40 42 43 43 44 45 46 48 49 57 53 52 61 85 70 97 82 63 68 109 76 101 112 85 80 65 85
44 43 43 41 40 39 37 37 36 35 33 33 33 31 29 28 28 27 26 25 24 24 23 23 23 23 24 24 25 26 27 29 31 32 33 33 34 35 36 37 38 40 41 42 43 44 44 45 46 47 54 58 56 63 68 79 77 101 75 62 66 76 72 112 124 80 74 95 82
47 45 45 44 43 41 40 39 39 37 36 35 35 34 32 31 31 30 29 28 27 26 26 26 26 25 26 26 27 28 28 30 31 32 33 33 34 35 37 38 39 40 42 42 43 44 45 46 47 48 49 51 59 61 67 74 68 74 72 72 66 72 76 114 84 94 74 81 69
49 48 46 45 44 44 44 42 41 40 39 38 37 37 35 34 34 33 32 31 31 29 30 29 29 28 29 29 29 29 30 31 31 32 32 33 34 36 37 38 40 41 42 43 44 44 45 46 47 48 49 50 65 61 65 76 65 64 66 62 72 78 68 109 122 81 60 63 65
53 50 49 48 47 47 47 46 44 43 42 41 40 40 39 38 37 36 36 35 34 33 33 32 32 31 32 31 31 31 31 31 32 31 32 33 35 36 38 39 41 42 43 43 44 45 45 46 47 48 49 51 68 66 61 77 64 61 66 61 91 62 75 90 89 60 61 101 64
56 54 51 51 51 50 50 50 48 47 46 45 44 44 43 42 41 39 39 38 37 37 36 36 36 35 34 34 33 33 33 32 32 32 32 34 36 37 39 40 41 42 43 44 44 45 46 46 47 48 49 52 56 57 58 64 61 59 59 59 61 61 75 92 68 62 59 71 54
61 58 56 56 55 55 54 54 53 51 50 49 48 47 48 46 45 43 43 42 41 41 41 40 40 39 38 37 36 35 35 34 34 33 34 35 37 39 40 42 42 43 44 44 45 45 46 46 47 48 49 52 53 56 54 56 58 56 57 58 60 61 75 84 86 58 55 61 51
67 64 62 61 60 59 58 58 58 56 55 54 52 51 50 50 49 48 47 47 46 46 46 46 45 43 42 41 39 38 37 36 35 35 36 38 39 41 42 43 44 44 45 45 45 46 46 46 47 48 48 50 50 51 52 53 53 54 54 57 57 63 76 77 84 57 60 62 53
73 72 69 68 66 65 64 63 62 61 60 59 57 55 55 54 54 53 52 52 51 52 52 51 50 49 46 44 42 40 39 39 38 38 39 41 42 44 45 45 46 46 45 45 45 45 46 47 48 48 48 48 48 49 59 50 52 58 51 53 56 62 70 74 59 57 71 61 62
79 78 76 75 72 71 70 69 67 67 66 63 62 60 60 59 59 59 58 58 59 60 59 59 58 55 51 48 46 44 42 41 41 41 43 45 46 47 48 48 50 47 46 46 44 45 45 47 47 48 48 48 47 47 47 72 52 56 49 51 54 60 66 71 60 57 63 59 54
86 84 84 81 79 78 76 75 74 72 72 70 68 65 64 64 64 65 65 65 67 69 70 68 64 60 57 53 50 47 45 44 44 45 47 50 50 51 51 51 50 49 47 45 44 43 43 45 46 47 47 46 45 45 45 54 47 49 48 48 54 59 65 67 60 58 78 59 56
93 91 90 88 87 84 83 82 80 79 78 76 75 72 71 71 72 72 72 73 74 76 78 75 71 67 63 58 54 50 48 47 48 49 50 54 55 56 56 54 52 50 47 44 42 39 39 41 43 45 52 44 43 43 42 42 44 44 52 48 55 60 63 66 60 61 66 60 58
101 100 96 95 94 92 90 89 87 85 84 82 81 80 79 78 78 78 78 79 80 82 83 82 77 74 70 65 59 52 49 50 51 53 55 57 59 60 60 58 57 51 47 42 37 37 32 34 39 42 44 42 41 40 39 39 40 43 50 48 55 61 62 62 62 63 62 60 59
