trunk/EcoCrop/data/climate/prec_9.asc
NCOLS 660 
NROWS 360 
XLLCORNER -20 
YLLCORNER -30 
CELLSIZE 0.1666667 
NODATA_value -3.4e+38 
[rows 124 to 154 of 360, columns 69 to 137 of 660]
291 284 280 277 275 267 260 257 257 264 264 265 261 254 248 243 237 231 224 218 214 213 213 212 212 211 210 211 214 216 220 223 227 227 217 211 210 206 205 204 207 208 212 216 224 228 233 235 242 246 250 250 251 259 270 278 271 265 271 229 213 210 205 211 207 210 214 209 216
289 282 280 277 273 268 264 259 259 262 262 263 259 255 248 242 238 231 222 215 213 212 213 213 212 212 212 211 212 213 218 220 220 219 212 208 208 205 207 204 207 211 213 219 222 229 233 237 244 245 247 249 247 252 259 255 262 244 233 211 206 205 200 200 206 208 212 207 213
295 282 280 277 280 268 265 261 260 261 260 257 254 252 247 242 236 230 223 219 214 213 214 214 214 213 213 210 211 213 216 215 213 216 207 203 202 204 206 208 213 211 213 219 223 231 233 237 242 243 246 246 246 246 242 244 238 234 219 201 202 196 194 192 189 194 205 204 212
283 284 279 276 271 269 264 261 259 258 256 254 250 249 244 240 234 229 224 220 216 213 215 216 213 211 211 208 206 207 209 209 210 205 202 200 200 202 203 203 210 211 213 219 224 229 235 239 242 245 243 245 238 238 234 249 234 219 204 196 191 187 183 182 180 182 195 198 208
284 282 279 276 272 269 264 260 259 256 253 249 247 245 243 238 233 226 224 219 215 213 215 216 213 211 208 203 203 201 199 201 202 200 196 196 196 202 202 204 208 210 215 219 222 226 231 239 240 239 242 236 235 232 229 232 220 209 195 189 183 178 173 168 165 170 192 195 204
296 288 284 279 273 269 265 259 255 253 248 247 243 242 240 235 231 225 221 216 214 211 213 214 213 208 203 200 198 198 198 193 196 192 191 191 193 198 200 203 211 212 215 216 222 225 227 235 240 237 238 231 231 226 227 231 212 201 187 181 172 169 168 161 156 164 186 192 201
304 297 291 286 279 271 267 260 253 251 244 242 240 240 236 234 230 225 218 214 211 207 208 207 207 203 198 192 191 188 187 187 186 189 184 188 193 193 200 203 207 212 213 215 217 222 224 226 229 231 234 231 227 225 243 238 217 196 183 174 162 159 159 159 157 164 178 186 196
316 308 301 293 285 277 271 261 253 247 240 237 237 237 235 233 228 221 215 210 205 201 200 201 196 193 188 185 183 181 179 177 177 192 177 181 187 188 196 204 215 216 214 211 214 215 217 222 224 224 226 224 221 250 249 235 207 195 183 168 156 152 156 158 160 164 178 185 192
330 322 314 305 295 284 276 267 254 246 238 234 234 234 234 231 227 220 211 203 197 196 193 191 189 183 180 175 175 171 169 170 170 169 171 176 181 187 192 205 217 208 205 204 208 210 214 217 219 220 223 219 217 249 227 239 211 192 186 170 151 147 155 162 168 173 184 191 191
346 333 328 318 306 298 287 274 257 248 240 236 237 235 233 230 225 220 208 197 188 191 188 185 180 176 171 166 162 163 163 163 163 164 166 171 175 180 188 203 199 200 197 200 202 204 208 209 212 214 213 213 210 239 229 251 240 199 182 168 150 146 152 165 173 187 198 196 190
369 348 348 338 319 311 289 273 262 253 246 243 240 236 231 229 223 215 205 194 188 184 181 177 172 167 160 155 154 152 155 157 157 159 164 166 167 171 183 190 188 189 191 194 195 196 199 199 203 206 207 202 203 229 224 260 242 200 174 155 142 140 148 157 169 183 199 193 184
373 358 361 346 325 307 292 277 265 257 250 248 242 237 230 227 219 211 199 187 180 176 174 170 166 158 149 145 145 144 148 150 152 156 161 162 164 167 174 178 177 181 185 186 187 189 192 194 200 197 196 194 194 203 222 267 228 191 167 147 131 134 143 151 156 164 172 181 177
379 364 358 339 323 308 292 281 266 260 250 245 240 234 227 222 216 208 193 176 170 167 168 164 160 151 142 137 135 137 142 146 150 153 154 159 160 161 167 168 171 172 174 177 181 183 184 188 187 187 187 194 187 239 225 255 219 186 165 147 139 139 142 149 145 153 157 161 161
381 364 353 340 326 308 294 293 268 259 249 240 234 228 223 218 214 206 191 173 164 160 158 158 155 145 137 130 131 133 139 144 148 151 151 157 157 159 161 167 165 164 162 172 174 177 177 181 180 180 180 176 177 193 210 201 189 175 162 154 149 147 143 140 140 142 144 146 149
369 358 350 341 325 309 293 281 267 257 244 232 225 220 216 210 206 199 186 171 162 155 149 147 144 141 135 127 128 133 138 141 146 147 151 152 155 156 161 162 162 163 166 173 176 173 170 172 171 177 169 168 170 179 210 188 172 160 151 147 142 143 138 136 132 131 136 138 142
356 353 347 338 326 312 297 284 270 257 242 228 218 212 205 199 193 186 177 167 161 149 138 137 137 137 134 130 130 132 136 140 146 148 152 153 155 158 171 161 165 169 174 179 184 181 167 164 163 160 157 155 166 167 166 155 150 146 136 133 125 126 128 125 121 119 128 134 138
350 347 344 337 329 320 308 290 273 256 241 227 214 205 196 187 180 174 166 163 156 144 133 132 133 137 133 132 131 133 136 139 146 149 154 158 158 161 160 169 165 170 184 182 185 180 191 185 184 154 146 139 146 141 138 135 129 128 118 112 101 103 115 106 107 112 125 129 132
350 347 342 335 329 322 309 292 274 257 240 224 211 199 187 179 172 163 155 151 145 138 133 131 132 132 131 132 132 132 135 139 144 158 154 160 160 161 163 160 160 160 183 180 177 182 178 173 178 161 149 131 121 116 117 116 117 105 97 77 73 73 83 90 95 104 127 125 123
357 351 343 335 329 322 309 295 275 255 237 220 205 191 178 170 162 155 150 144 135 130 129 129 128 128 129 130 130 133 135 139 144 148 153 158 165 162 160 156 155 161 168 169 166 169 167 181 164 162 131 111 103 96 96 92 90 84 67 57 58 -3.4e+38 -3.4e+38 -3.4e+38 -3.4e+38 -3.4e+38 -3.4e+38 -3.4e+38 -3.4e+38
367 355 344 333 326 319 309 294 274 252 232 215 197 181 169 159 151 147 145 140 133 131 125 124 124 125 126 128 126 130 132 136 141 146 160 153 159 157 154 159 163 158 163 162 162 158 155 161 152 146 130 97 85 77 73 70 67 59 -3.4e+38 -3.4e+38 -3.4e+38 -3.4e+38 -3.4e+38 -3.4e+38 -3.4e+38 -3.4e+38 -3.4e+38 -3.4e+38 -3.4e+38
382 363 344 330 322 317 314 292 267 244 224 206 186 169 155 146 140 140 139 135 127 123 114 117 117 119 122 123 122 126 131 135 138 143 149 156 151 150 147 155 166 155 154 155 154 143 142 126 113 109 113 79 70 62 55 52 52 -3.4e+38 -3.4e+38 -3.4e+38 -3.4e+38 -3.4e+38 -3.4e+38 -3.4e+38 -3.4e+38 -3.4e+38 -3.4e+38 -3.4e+38 -3.4e+38
395 372 348 327 318 314 307 281 254 230 210 192 170 152 139 132 130 130 124 119 110 106 104 107 111 115 120 116 117 120 129 135 141 147 145 141 147 144 137 145 156 146 147 151 156 146 121 101 84 75 67 59 -3.4e+38 -3.4e+38 -3.4e+38 -3.4e+38 -3.4e+38 -3.4e+38 -3.4e+38 -3.4e+38 -3.4e+38 -3.4e+38 -3.4e+38 -3.4e+38 -3.4e+38 -3.4e+38 -3.4e+38 -3.4e+38 -3.4e+38
406 382 354 331 314 301 284 260 234 209 188 166 146 131 125 112 107 105 99 91 89 87 91 97 100 105 112 104 104 109 121 134 137 139 134 135 142 139 139 148 147 134 131 126 123 110 98 79 61 52 -3.4e+38 -3.4e+38 -3.4e+38 -3.4e+38 -3.4e+38 -3.4e+38 -3.4e+38 -3.4e+38 -3.4e+38 -3.4e+38 -3.4e+38 -3.4e+38 -3.4e+38 -3.4e+38 -3.4e+38 -3.4e+38 -3.4e+38 -3.4e+38 -3.4e+38
417 386 359 334 311 288 263 237 211 188 162 141 123 109 99 92 87 80 73 70 70 73 77 83 89 92 96 92 91 101 114 124 128 124 122 125 137 141 131 143 132 116 110 96 89 92 84 59 -3.4e+38 -3.4e+38 -3.4e+38 -3.4e+38 -3.4e+38 -3.4e+38 -3.4e+38 -3.4e+38 -3.4e+38 -3.4e+38 -3.4e+38 -3.4e+38 -3.4e+38 -3.4e+38 -3.4e+38 -3.4e+38 -3.4e+38 -3.4e+38 -3.4e+38 -3.4e+38 -3.4e+38
420 388 361 335 306 275 244 219 192 162 135 117 101 87 78 71 66 60 58 57 56 58 64 71 77 79 79 78 82 90 100 104 114 112 107 117 123 124 121 127 117 98 83 63 65 70 -3.4e+38 -3.4e+38 -3.4e+38 -3.4e+38 -3.4e+38 -3.4e+38 -3.4e+38 -3.4e+38 -3.4e+38 -3.4e+38 -3.4e+38 -3.4e+38 -3.4e+38 -3.4e+38 -3.4e+38 -3.4e+38 -3.4e+38 -3.4e+38 -3.4e+38 -3.4e+38 -3.4e+38 -3.4e+38 -3.4e+38
421 388 357 332 306 263 229 203 173 142 113 93 82 71 62 57 52 45 -3.4e+38 -3.4e+38 -3.4e+38 -3.4e+38 -3.4e+38 -3.4e+38 -3.4e+38 -3.4e+38 -3.4e+38 -3.4e+38 -3.4e+38 -3.4e+38 -3.4e+38 -3.4e+38 -3.4e+38 92 93 99 106 110 119 113 102 80 61 -3.4e+38 -3.4e+38 -3.4e+38 -3.4e+38 -3.4e+38 -3.4e+38 -3.4e+38 -3.4e+38 -3.4e+38 -3.4e+38 -3.4e+38 -3.4e+38 -3.4e+38 -3.4e+38 -3.4e+38 -3.4e+38 -3.4e+38 -3.4e+38 -3.4e+38 -3.4e+38 -3.4e+38 -3.4e+38 -3.4e+38 -3.4e+38 -3.4e+38 -3.4e+38
416 380 353 325 298 256 216 193 158 121 91 75 68 63 -3.4e+38 -3.4e+38 -3.4e+38 -3.4e+38 -3.4e+38 -3.4e+38 -3.4e+38 -3.4e+38 -3.4e+38 -3.4e+38 -3.4e+38 -3.4e+38 -3.4e+38 -3.4e+38 -3.4e+38 -3.4e+38 -3.4e+38 -3.4e+38 -3.4e+38 -3.4e+38 -3.4e+38 -3.4e+38 -3.4e+38 98 110 94 78 -3.4e+38 -3.4e+38 -3.4e+38 -3.4e+38 -3.4e+38 -3.4e+38 -3.4e+38 -3.4e+38 -3.4e+38 -3.4e+38 -3.4e+38 -3.4e+38 -3.4e+38 -3.4e+38 -3.4e+38 -3.4e+38 -3.4e+38 -3.4e+38 -3.4e+38 -3.4e+38 -3.4e+38 -3.4e+38 -3.4e+38 -3.4e+38 -3.4e+38 -3.4e+38 -3.4e+38 -3.4e+38
406 370 340 308 291 255 220 188 147 112 81 -3.4e+38 -3.4e+38 -3.4e+38 -3.4e+38 -3.4e+38 -3.4e+38 -3.4e+38 -3.4e+38 -3.4e+38 -3.4e+38 -3.4e+38 -3.4e+38 -3.4e+38 -3.4e+38 -3.4e+38 -3.4e+38 -3.4e+38 -3.4e+38 -3.4e+38 -3.4e+38 -3.4e+38 -3.4e+38 -3.4e+38 -3.4e+38 -3.4e+38 -3.4e+38 -3.4e+38 86 -3.4e+38 -3.4e+38 -3.4e+38 -3.4e+38 -3.4e+38 -3.4e+38 -3.4e+38 -3.4e+38 -3.4e+38 -3.4e+38 -3.4e+38 -3.4e+38 -3.4e+38 -3.4e+38 -3.4e+38 -3.4e+38 -3.4e+38 -3.4e+38 -3.4e+38 -3.4e+38 -3.4e+38 -3.4e+38 -3.4e+38 -3.4e+38 -3.4e+38 -3.4e+38 -3.4e+38 -3.4e+38 -3.4e+38 -3.4e+38
-3.4e+38 -3.4e+38 323 292 276 257 224 185 147 -3.4e+38 -3.4e+38 -3.4e+38 -3.4e+38 -3.4e+38 -3.4e+38 -3.4e+38 -3.4e+38 -3.4e+38 -3.4e+38 -3.4e+38 -3.4e+38 -3.4e+38 -3.4e+38 -3.4e+38 -3.4e+38 -3.4e+38 -3.4e+38 -3.4e+38 -3.4e+38 -3.4e+38 -3.4e+38 -3.4e+38 -3.4e+38 -3.4e+38 -3.4e+38 -3.4e+38 -3.4e+38 -3.4e+38 -3.4e+38 -3.4e+38 -3.4e+38 -3.4e+38 -3.4e+38 -3.4e+38 -3.4e+38 -3.4e+38 -3.4e+38 -3.4e+38 -3.4e+38 -3.4e+38 -3.4e+38 -3.4e+38 -3.4e+38 -3.4e+38 -3.4e+38 -3.4e+38 -3.4e+38 -3.4e+38 -3.4e+38 -3.4e+38 -3.4e+38 -3.4e+38 -3.4e+38 -3.4e+38 -3.4e+38 -3.4e+38 -3.4e+38 -3.4e+38 -3.4e+38
-3.4e+38 -3.4e+38 -3.4e+38 -3.4e+38 267 255 229 -3.4e+38 -3.4e+38 -3.4e+38 -3.4e+38 -3.4e+38 -3.4e+38 -3.4e+38 -3.4e+38 -3.4e+38 -3.4e+38 -3.4e+38 -3.4e+38 -3.4e+38 -3.4e+38 -3.4e+38 -3.4e+38 -3.4e+38 -3.4e+38 -3.4e+38 -3.4e+38 -3.4e+38 -3.4e+38 -3.4e+38 -3.4e+38 -3.4e+38 -3.4e+38 -3.4e+38 -3.4e+38 -3.4e+38 -3.4e+38 -3.4e+38 -3.4e+38 -3.4e+38 -3.4e+38 -3.4e+38 -3.4e+38 -3.4e+38 -3.4e+38 -3.4e+38 -3.4e+38 -3.4e+38 -3.4e+38 -3.4e+38 -3.4e+38 -3.4e+38 -3.4e+38 -3.4e+38 -3.4e+38 -3.4e+38 -3.4e+38 -3.4e+38 -3.4e+38 -3.4e+38 -3.4e+38 -3.4e+38 -3.4e+38 -3.4e+38 -3.4e+38 -3.4e+38 -3.4e+38 -3.4e+38 -3.4e+38
-3.4e+38 -3.4e+38 -3.4e+38 -3.4e+38 -3.4e+38 -3.4e+38 -3.4e+38 -3.4e+38 -3.4e+38 -3.4e+38 -3.4e+38 -3.4e+38 -3.4e+38 -3.4e+38 -3.4e+38 -3.4e+38 -3.4e+38 -3.4e+38 -3.4e+38 -3.4e+38 -3.4e+38 -3.4e+38 -3.4e+38 -3.4e+38 -3.4e+38 -3.4e+38 -3.4e+38 -3.4e+38 -3.4e+38 -3.4e+38 -3.4e+38 -3.4e+38 -3.4e+38 -3.4e+38 -3.4e+38 -3.4e+38 -3.4e+38 -3.4e+38 -3.4e+38 -3.4e+38 -3.4e+38 -3.4e+38 -3.4e+38 -3.4e+38 -3.4e+38 -3.4e+38 -3.4e+38 -3.4e+38 -3.4e+38 -3.4e+38 -3.4e+38 -3.4e+38 -3.4e+38 -3.4e+38 -3.4e+38 -3.4e+38 -3.4e+38 -3.4e+38 -3.4e+38 -3.4e+38 -3.4e+38 -3.4e+38 -3.4e+38 -3.4e+38 -3.4e+38 -3.4e+38 -3.4e+38 -3.4e+38 -3.4e+38
