trunk/EcoCrop/data/climate/prec_9.asc
NCOLS 660 
NROWS 360 
XLLCORNER -20 
YLLCORNER -30 
CELLSIZE 0.1666667 
NODATA_value -3.4e+38 
[rows 217 to 247 of 360, columns 207 to 275 of 660]
13 27 26 34 37 43 48 51 57 60 62 70 71 71 83 88 82 97 103 106 113 117 122 124 125 129 128 130 132 129 129 131 131 134 136 137 138 139 137 134 130 127 124 122 121 119 118 117 120 125 129 132 135 137 132 130 123 116 106 96 89 79 73 67 60 58 61 53 57
13 28 25 35 38 43 48 50 54 61 62 70 73 66 72 84 84 95 97 103 111 114 116 119 122 125 125 126 128 127 125 126 131 129 132 133 134 136 133 129 125 123 120 119 117 118 117 117 120 124 126 129 133 130 129 124 113 106 97 90 85 75 67 61 56 53 54 48 55
14 17 31 36 39 42 47 51 55 59 61 66 71 63 71 83 86 88 95 99 105 109 113 117 118 120 123 124 124 125 126 123 125 125 128 127 128 128 125 122 119 117 116 115 115 116 117 118 121 122 124 125 128 126 124 116 109 98 93 83 75 70 62 55 51 47 54 48 54
15 18 27 34 41 43 46 51 53 58 59 62 68 61 71 75 80 84 87 97 102 106 111 114 116 116 119 119 120 120 121 122 120 121 121 121 120 119 117 114 112 110 111 112 112 112 115 117 119 122 121 123 125 123 121 112 105 96 87 80 70 61 61 50 47 45 49 55 52
15 19 24 34 41 43 45 50 52 54 56 55 62 61 61 69 73 82 81 93 99 100 108 109 111 115 115 116 116 118 119 117 114 115 114 115 113 112 109 107 105 104 105 108 110 111 113 114 116 119 120 120 120 121 117 112 103 92 87 76 71 60 61 56 52 52 45 52 55
18 21 31 40 41 42 47 45 49 50 49 51 56 57 58 66 70 75 78 87 94 99 103 108 110 110 112 114 114 113 110 114 110 111 109 109 105 106 101 99 97 98 100 100 104 107 109 111 112 114 116 117 115 115 112 108 99 90 84 79 77 68 66 61 53 49 46 52 54
17 23 25 39 41 42 43 42 47 47 48 48 50 53 55 61 65 73 78 80 86 96 100 105 108 108 110 111 111 111 110 110 105 105 104 103 99 98 94 93 90 91 95 97 100 103 105 108 110 109 111 112 109 110 106 103 94 90 89 84 78 74 66 56 56 57 62 53 54
17 21 28 35 39 40 41 42 44 42 42 42 47 51 54 55 60 67 73 76 81 91 97 102 106 106 108 108 108 108 107 106 101 101 99 98 95 93 90 87 83 86 92 95 97 99 101 103 103 104 106 106 104 106 102 98 101 95 92 94 82 80 70 65 57 60 65 53 51
14 18 33 34 36 38 38 39 41 42 40 43 44 46 51 54 56 64 68 75 79 85 93 95 104 105 106 106 105 104 102 100 95 95 95 94 91 90 88 86 84 85 93 92 94 96 97 98 98 98 99 99 99 98 97 96 92 96 93 96 85 77 73 60 59 59 55 47 45
17 18 28 28 33 34 35 36 39 40 42 39 43 45 47 51 56 62 66 71 77 83 87 92 102 104 105 104 102 102 100 97 94 92 91 89 88 88 87 85 89 88 90 90 92 93 93 93 92 93 95 94 93 92 91 91 89 92 92 89 82 75 72 62 60 54 52 45 47
15 19 21 23 27 29 31 34 36 38 40 43 41 45 46 47 53 56 64 70 76 81 86 93 97 102 103 102 100 99 97 94 92 90 88 84 84 84 85 86 93 91 93 89 88 89 88 89 87 87 88 87 86 87 85 86 83 83 84 82 77 71 67 62 56 46 43 42 42
15 17 18 21 23 24 27 30 34 37 39 42 40 43 44 46 52 56 62 67 71 80 85 93 101 101 102 100 98 96 94 90 88 85 83 82 81 81 82 86 91 90 88 85 83 84 83 83 81 81 81 81 80 80 79 81 75 76 74 74 70 68 63 59 55 51 44 39 38
13 13 15 17 18 20 25 29 33 36 40 38 40 42 42 43 50 55 59 66 73 78 86 91 101 101 100 98 96 94 91 86 83 80 79 79 78 76 79 81 83 82 81 80 78 78 77 77 75 75 76 74 76 74 72 73 72 68 66 64 61 59 57 55 52 51 48 37 34
7 9 14 14 17 23 25 29 33 38 40 41 41 42 43 44 50 53 59 63 70 79 82 91 96 98 99 95 93 91 88 85 81 77 76 74 73 72 73 74 75 74 73 75 71 73 72 72 69 70 71 68 67 66 67 66 61 62 60 56 55 53 51 50 48 45 37 35 32
13 12 15 15 16 23 26 29 32 38 42 44 45 45 46 48 51 53 60 65 68 74 83 89 94 94 95 94 91 87 85 82 78 75 73 70 67 66 66 65 66 68 67 67 65 66 66 64 64 66 64 64 62 61 59 57 54 53 53 50 48 46 47 45 45 41 39 35 34
6 12 12 16 19 21 30 29 32 37 42 45 47 48 50 57 54 55 58 67 68 76 80 86 90 91 92 90 88 85 83 79 75 71 68 64 62 61 59 58 60 60 60 61 59 60 61 59 58 60 60 58 56 56 53 52 47 47 46 43 42 43 41 39 34 32 32 30 27
5 12 13 16 16 24 27 30 32 36 41 46 48 50 51 53 54 57 59 64 71 76 80 85 87 86 88 87 86 83 80 76 73 69 65 61 58 55 53 52 53 53 52 55 55 54 56 56 53 54 54 53 52 49 47 45 42 40 38 37 36 36 35 33 31 30 27 25 21
8 11 13 16 20 24 27 29 33 35 39 44 51 51 61 57 55 58 59 65 70 72 77 81 83 83 83 84 84 79 78 74 70 66 62 57 54 49 47 46 46 47 48 49 48 50 51 51 48 50 49 48 47 44 42 39 36 36 33 31 30 29 28 26 25 22 21 20 18
4 9 17 17 19 25 29 30 32 35 40 44 50 56 60 64 56 57 59 63 68 71 74 76 78 81 80 81 80 78 74 71 67 63 59 54 50 44 41 39 40 41 41 43 45 46 46 46 46 44 45 43 42 40 38 33 31 29 28 26 24 23 22 22 20 21 18 18 17
4 6 10 13 19 25 31 32 33 36 39 44 49 54 59 62 54 57 58 65 66 69 71 74 75 76 78 77 78 76 72 69 65 61 56 51 47 40 35 33 34 36 37 38 40 41 41 42 42 39 39 39 38 36 33 29 27 26 23 21 19 17 17 17 17 17 17 16 17
4 9 14 18 22 28 31 34 36 37 39 43 46 52 55 58 63 55 58 62 66 67 69 70 73 75 76 75 74 72 71 67 63 59 55 50 45 38 32 30 31 32 33 34 36 37 38 39 39 36 37 35 33 31 29 26 24 21 19 16 15 14 14 14 15 16 16 16 15
5 8 12 30 26 32 33 35 36 38 40 43 47 50 53 56 58 53 56 58 65 66 67 68 69 70 72 72 73 70 67 63 60 57 53 49 42 36 32 30 29 30 30 32 33 33 35 36 35 33 33 31 30 28 25 23 20 18 15 13 11 11 12 13 14 15 14 15 17
12 12 22 36 31 37 41 39 38 41 42 44 46 48 51 55 55 55 58 60 66 66 67 66 66 68 69 69 72 70 66 61 58 54 49 45 39 35 31 29 28 28 29 29 31 31 32 33 33 32 31 28 27 26 23 21 19 16 13 10 9 9 11 12 13 14 15 19 18
12 19 32 37 43 38 41 40 43 44 44 44 46 48 49 51 53 54 56 61 65 68 67 66 65 66 66 69 68 67 62 58 54 48 46 42 38 33 30 28 27 25 26 28 29 30 30 31 31 29 29 27 26 24 21 19 17 14 12 9 7 7 10 12 13 13 19 21 20
15 28 36 41 43 42 48 44 45 46 44 44 45 47 48 49 50 52 54 59 62 68 68 65 64 66 63 61 63 62 59 55 51 46 43 39 36 32 29 26 25 24 25 26 27 28 28 29 29 28 26 26 25 23 21 20 17 14 12 9 7 7 10 12 14 15 20 21 20
20 37 46 47 49 49 50 50 46 47 45 45 46 46 47 48 49 51 53 56 60 64 63 62 63 63 61 58 57 58 55 51 48 44 39 37 34 29 27 25 23 23 24 25 26 27 27 27 27 27 26 25 24 23 22 20 18 14 12 11 9 8 11 13 15 18 19 20 19
22 44 51 51 50 50 49 50 49 50 48 45 44 45 46 47 48 49 52 54 59 60 64 61 57 58 56 54 52 53 50 47 44 41 38 35 32 29 27 25 23 22 23 24 26 25 26 26 27 26 25 25 24 22 21 19 18 16 14 12 11 10 12 15 17 18 19 19 18
27 36 50 52 52 51 50 49 49 49 48 44 45 44 44 45 46 48 49 51 53 56 56 56 53 52 52 50 50 49 46 44 41 38 35 33 29 28 26 24 22 23 23 24 25 26 25 25 26 26 25 24 24 22 22 19 18 17 16 15 14 14 15 16 18 18 19 18 17
25 34 42 48 50 49 49 47 47 47 46 44 43 43 43 45 44 45 46 47 49 51 52 51 48 48 47 46 46 45 42 40 37 35 33 31 29 26 25 24 23 22 22 23 24 25 25 26 26 26 25 25 24 23 23 21 21 20 18 16 16 16 16 17 18 18 18 17 16
20 27 35 42 40 47 47 44 44 44 45 44 44 41 41 42 44 43 43 43 44 45 45 46 44 42 42 42 42 41 39 36 35 33 31 29 27 25 24 23 22 22 22 23 23 24 24 25 25 25 25 24 23 23 22 21 21 20 19 18 18 16 16 17 17 17 16 15 14
14 19 30 35 44 44 43 41 42 42 43 42 41 42 39 43 41 39 40 39 39 40 41 41 40 39 39 38 37 37 34 33 31 29 28 27 25 24 23 22 22 22 22 22 22 23 23 23 23 23 23 23 22 21 21 20 20 21 20 20 18 18 17 17 17 16 15 14 13
