trunk/EcoCrop/data/climate/prec_9.asc
NCOLS 660 
NROWS 360 
XLLCORNER -20 
YLLCORNER -30 
CELLSIZE 0.1666667 
NODATA_value -3.4e+38 
[rows 248 to 278 of 360, columns 276 to 344 of 660]
10 9 8 7 5 4 4 4 4 4 3 3 3 3 2 3 3 2 2 1 1 1 1 1 1 1 1 2 2 3 3 3 3 3 2 2 1 1 1 1 1 1 1 2 2 3 4 7 7 6 4 4 4 3 3 3 3 3 2 2 2 2 2 2 2 2 2 2 2
9 8 7 5 4 3 3 3 3 4 3 3 2 2 2 2 3 2 2 1 1 1 1 1 1 1 1 2 2 2 2 2 2 3 2 2 1 1 1 1 1 1 2 2 2 3 4 6 5 4 3 3 3 3 3 3 3 3 3 3 2 2 2 2 2 2 2 2 2
8 6 5 5 4 3 3 2 3 3 3 2 2 2 2 2 2 2 1 1 1 1 1 1 1 1 1 1 2 2 2 2 2 2 1 1 1 1 1 1 1 1 2 2 2 2 3 4 4 3 3 3 2 2 3 3 3 3 3 3 3 3 3 3 3 3 3 3 3
7 6 5 4 3 3 2 2 2 2 2 2 2 2 2 2 2 1 1 1 1 1 1 1 1 1 1 1 1 2 2 2 2 2 1 1 1 1 1 1 1 1 2 2 2 2 3 4 4 3 3 2 2 2 2 2 3 3 3 3 3 3 3 3 3 3 3 3 3
6 5 4 4 3 3 2 2 2 2 2 2 2 2 2 2 2 1 1 1 1 1 1 1 1 1 1 1 1 1 2 2 2 2 1 1 1 1 1 1 1 1 2 2 2 2 2 3 3 3 2 2 1 2 2 2 3 3 3 3 3 3 3 3 3 3 3 4 4
5 4 4 3 3 3 3 2 2 2 2 2 2 2 2 2 2 1 1 1 1 1 1 1 1 1 1 1 1 1 2 2 2 1 1 1 1 1 1 1 1 1 1 1 2 2 2 2 2 2 2 2 2 2 2 3 3 3 4 4 4 4 4 4 4 4 4 4 4
5 4 4 3 3 3 3 3 3 2 2 2 2 2 2 2 2 2 1 1 1 1 1 1 1 1 1 1 1 1 2 1 1 1 1 1 1 1 1 1 1 1 1 1 1 1 2 2 2 2 2 2 2 2 2 3 4 4 5 4 4 4 4 4 4 4 4 4 4
5 4 4 3 3 3 3 3 3 2 2 2 2 2 2 2 2 2 1 1 1 1 1 1 1 1 1 1 1 1 1 1 1 1 1 0 0 0 1 1 1 1 1 1 1 1 1 2 2 2 2 2 2 2 3 4 4 5 5 5 5 5 5 4 4 4 4 3 3
4 4 4 4 3 3 3 3 3 3 2 2 2 2 2 2 2 2 1 1 1 1 1 1 1 1 1 1 1 1 1 1 1 0 0 0 0 0 1 1 1 1 1 1 1 1 1 1 1 2 2 2 2 2 3 4 4 5 6 6 6 5 5 4 4 4 3 3 3
4 4 4 4 4 4 3 3 3 3 3 2 2 2 2 2 2 2 1 1 1 1 1 1 1 1 1 1 1 1 1 1 1 0 0 0 0 0 1 1 1 1 1 1 1 1 1 1 1 1 1 1 2 3 3 4 5 6 7 7 6 6 5 5 4 4 4 3 3
4 4 4 4 4 4 4 3 3 3 2 2 2 2 2 2 2 1 1 1 1 1 1 1 1 1 1 1 1 1 1 1 1 1 0 0 0 1 1 1 1 1 1 1 1 1 1 1 1 1 1 1 2 2 3 4 6 7 8 8 7 6 6 5 5 4 4 3 3
4 4 4 4 4 4 4 4 3 3 2 2 2 2 2 2 1 1 1 1 1 1 1 1 1 1 1 1 1 1 1 1 1 1 1 0 1 1 1 1 1 1 1 1 0 1 1 1 0 0 1 1 1 2 3 4 6 8 10 8 7 6 6 5 5 5 4 3 3
4 4 4 4 4 5 5 4 4 3 2 2 2 1 1 1 1 1 1 1 1 1 1 1 1 1 1 1 1 1 1 1 1 1 1 1 1 1 1 1 1 1 1 1 1 1 1 1 0 0 1 1 1 2 3 4 6 9 9 7 7 6 6 6 6 5 4 4 3
4 4 4 4 5 5 5 4 4 3 2 2 2 1 1 1 1 1 1 1 1 1 1 1 1 1 1 1 1 1 1 1 1 1 1 1 1 1 1 1 1 1 1 1 1 1 1 1 0 0 0 1 1 2 3 5 6 7 8 7 6 6 6 6 6 6 5 4 3
4 4 4 4 4 5 4 4 3 3 2 2 2 1 1 1 1 1 1 1 1 1 1 1 1 1 1 1 1 1 1 1 1 1 1 1 1 1 1 1 1 1 1 2 1 1 1 1 1 0 1 1 1 2 2 5 6 6 7 7 6 6 6 6 6 6 6 5 4
4 4 4 4 4 4 4 4 3 3 2 2 2 1 1 1 1 1 1 1 1 1 1 1 1 1 1 1 1 1 1 1 1 1 1 1 2 2 2 2 2 2 2 2 2 1 1 1 2 1 1 1 1 2 2 5 5 6 6 6 6 6 6 6 6 6 6 5 4
3 4 3 4 4 4 4 3 3 2 2 2 2 1 1 1 1 1 0 0 0 0 0 0 1 1 1 1 1 1 1 1 1 1 1 2 2 2 2 2 3 3 3 3 3 2 2 2 3 4 2 1 2 2 3 4 5 5 5 5 5 6 6 5 5 5 5 5 4
3 3 3 3 3 4 3 3 3 2 2 2 2 1 1 1 1 1 0 0 0 0 0 0 1 1 1 1 1 1 1 1 1 1 1 2 2 2 2 3 3 3 3 3 3 3 2 2 3 4 4 2 2 3 3 4 5 5 5 5 5 5 5 5 5 5 4 4 4
3 3 3 3 3 3 3 3 2 2 2 2 2 2 1 1 1 1 1 0 0 0 0 1 1 1 1 1 1 1 1 1 1 1 1 2 2 2 2 3 3 3 3 3 3 3 3 2 3 4 4 2 3 3 4 4 5 5 5 5 5 5 5 5 5 4 4 4 4
3 3 3 3 3 3 3 2 2 2 2 2 2 2 2 2 1 1 1 1 0 1 1 1 1 1 1 1 1 1 1 1 1 1 2 2 2 2 2 2 2 3 4 3 4 3 3 3 3 3 4 3 3 4 4 5 5 5 5 5 5 5 5 5 5 4 4 4 4
3 3 3 3 3 3 3 3 2 2 2 2 2 2 2 2 1 1 1 1 1 1 1 1 1 1 1 1 1 1 1 1 1 1 2 2 2 2 2 2 2 3 3 3 4 3 3 4 4 3 3 3 4 4 5 5 5 5 5 5 6 5 5 5 5 5 4 4 4
3 3 3 3 3 3 3 2 2 2 2 2 2 2 2 2 1 1 1 1 1 1 1 1 1 1 1 1 1 1 1 1 1 1 2 2 2 3 3 1 2 2 3 4 4 4 4 4 4 4 5 5 5 5 5 5 5 6 6 6 7 6 6 7 6 9 5 5 4
3 3 3 2 2 2 2 2 2 2 2 1 2 2 2 2 1 1 1 1 1 1 1 1 1 1 1 1 1 1 1 1 1 1 1 2 2 2 1 1 2 2 3 4 5 4 5 6 6 6 6 7 6 5 5 6 6 7 7 8 9 9 9 9 12 9 8 8 11
3 3 2 2 2 2 2 2 2 1 1 1 2 2 2 2 2 1 1 1 1 1 1 1 1 0 0 1 1 1 1 1 1 1 1 2 1 1 1 1 1 2 3 4 5 6 6 6 6 7 9 8 6 5 6 6 7 8 9 10 11 12 12 12 13 14 15 13 11
3 2 2 2 2 2 2 2 1 1 1 1 2 2 2 2 1 1 1 1 1 1 1 1 1 1 1 1 1 1 1 1 1 1 1 0 0 0 0 1 1 1 3 4 5 6 6 7 7 7 8 8 5 5 6 6 9 10 12 13 14 15 16 16 17 18 18 16 14
2 2 2 2 2 2 2 2 1 1 1 1 1 2 2 2 1 1 1 1 1 1 1 1 1 1 1 1 1 1 1 0 0 0 0 0 0 0 0 1 2 1 2 3 4 5 6 6 6 8 7 5 5 5 6 7 11 14 15 17 18 19 19 20 20 20 20 18 17
2 2 2 2 2 2 2 1 1 1 1 1 1 2 2 1 1 1 2 0 0 0 1 1 1 2 1 1 1 1 1 1 0 0 0 0 0 0 0 1 1 1 2 3 4 4 4 5 5 5 6 5 5 5 6 9 14 18 20 20 22 22 22 22 22 21 20 20 17
2 2 2 2 2 2 1 1 1 1 1 1 1 1 1 0 0 0 0 0 0 0 1 1 1 1 1 1 1 1 1 1 0 0 0 0 0 1 1 1 1 1 2 2 2 4 4 4 4 5 4 5 4 6 8 12 19 20 23 23 24 25 25 25 25 22 21 19 19
3 3 3 2 2 2 1 1 1 1 1 2 1 1 1 1 0 0 0 0 0 1 1 1 1 2 2 1 1 1 1 1 1 0 0 1 1 1 1 1 1 1 2 2 2 2 3 4 4 4 4 4 4 5 11 13 20 25 25 23 24 26 27 27 25 21 20 18 17
3 3 3 3 2 2 2 1 1 1 1 2 2 1 1 1 0 0 2 3 3 2 2 2 1 2 2 2 1 1 1 1 1 0 0 1 1 2 2 1 1 1 1 2 2 2 2 3 4 4 4 4 4 5 9 12 17 23 25 24 24 29 29 28 24 21 18 18 17
3 3 3 3 2 2 1 1 1 1 1 1 1 1 1 1 1 2 2 3 4 3 3 2 2 2 2 2 2 2 1 1 1 1 2 1 2 3 2 2 1 1 1 1 2 2 2 3 3 4 4 5 5 5 6 8 14 17 22 22 24 25 26 24 22 20 18 17 17
