trunk/EcoCrop/data/climate/prec_11.asc
NCOLS 660 
NROWS 360 
XLLCORNER -20 
YLLCORNER -30 
CELLSIZE 0.1666667 
NODATA_value -3.4e+38 
[rows 155 to 185 of 360, columns 276 to 344 of 660]
108 106 105 103 101 99 98 96 95 93 90 88 88 87 86 85 85 85 84 84 86 87 88 86 84 80 77 73 65 53 51 54 57 56 60 64 64 66 65 61 59 54 47 41 34 27 23 33 32 38 50 39 38 37 36 36 37 41 42 44 50 54 57 59 61 60 61 59 60
114 113 112 110 108 108 106 104 102 99 97 96 94 94 93 93 93 91 90 89 90 91 90 90 88 87 83 79 70 61 57 62 62 75 61 68 66 66 68 66 59 70 47 41 33 25 18 17 35 32 36 36 35 34 35 33 34 37 38 40 44 49 51 57 56 56 57 57 60
121 120 119 118 116 116 115 113 110 107 105 102 102 102 102 101 99 98 95 95 94 94 94 94 92 91 90 89 80 73 68 71 73 78 72 64 67 69 70 69 64 55 51 42 34 30 27 28 39 30 32 32 32 32 38 31 32 32 34 35 39 42 46 54 52 55 54 54 58
128 127 126 125 124 123 123 122 121 117 116 113 112 111 111 109 106 103 101 99 98 99 98 98 97 95 96 93 88 85 85 81 77 75 79 68 69 71 73 74 69 62 55 45 37 35 31 29 31 37 32 30 30 31 30 30 29 29 30 31 34 41 44 52 49 48 49 52 58
134 134 133 133 133 132 132 132 130 129 126 124 122 121 120 119 115 110 107 104 103 104 104 104 102 102 99 97 94 102 97 91 82 79 78 73 75 75 79 79 73 65 55 46 40 44 38 33 32 37 30 30 30 30 28 28 26 25 26 28 31 35 40 46 45 44 45 50 58
140 141 140 140 139 140 142 141 142 140 138 135 133 131 128 125 122 116 114 111 110 111 109 107 105 104 103 104 109 116 104 95 87 85 86 83 80 81 78 79 77 72 61 49 43 41 37 34 34 34 32 30 30 40 28 25 24 23 24 26 28 31 36 44 43 42 44 49 57
146 147 146 147 148 147 149 152 151 152 150 146 144 140 136 133 128 124 121 119 121 115 114 113 109 106 108 109 114 117 106 92 91 98 97 92 88 85 84 83 79 74 65 54 49 45 42 38 35 36 37 33 36 41 38 26 22 20 22 25 27 30 33 39 41 43 47 50 55
151 151 152 154 155 156 157 158 162 162 163 157 151 147 142 139 133 129 126 129 125 124 119 116 112 110 109 112 113 113 105 94 88 102 102 100 98 91 89 85 82 77 69 59 53 53 49 44 40 39 39 41 36 35 29 26 24 24 23 25 26 29 32 36 43 51 60 52 56
155 156 157 160 161 163 164 165 168 172 170 165 159 152 147 142 137 133 128 127 128 127 124 122 114 112 110 112 115 112 104 99 100 102 106 103 103 102 96 88 83 78 72 62 56 53 60 49 45 43 43 43 46 34 31 28 27 31 26 27 28 30 33 35 41 77 56 54 59
159 161 162 164 165 166 169 171 173 174 173 168 162 156 151 145 141 136 132 130 129 128 126 124 122 119 116 122 131 123 102 103 96 103 108 106 105 103 96 89 82 73 68 63 59 57 56 55 49 47 45 46 51 39 33 30 29 32 28 30 29 31 41 35 50 66 53 57 63
164 166 167 168 168 169 172 173 175 175 173 169 163 158 152 146 141 137 134 131 128 129 125 122 121 122 122 129 130 133 106 104 99 105 110 108 105 104 99 96 80 67 67 64 62 61 60 58 53 49 47 46 51 44 40 32 30 33 30 30 31 33 45 36 53 54 57 60 64
167 169 169 170 167 172 173 175 175 175 173 169 165 160 154 148 143 139 135 132 128 126 122 120 120 123 123 131 135 140 123 105 103 114 112 110 106 103 99 96 91 85 73 66 64 65 67 64 57 50 46 44 46 47 54 34 32 35 32 32 32 35 46 35 64 59 60 64 67
168 168 169 171 170 169 172 176 175 174 172 169 165 160 154 152 144 139 133 129 127 126 123 118 129 134 131 135 141 147 102 96 103 112 112 111 107 102 100 104 98 86 78 71 69 69 72 74 63 54 47 43 47 44 46 48 34 36 44 34 33 35 33 37 69 65 66 70 70
169 171 172 172 172 171 170 173 177 171 172 166 162 160 153 150 144 136 131 131 125 121 126 124 122 126 137 141 148 98 90 93 98 115 116 111 104 101 100 103 99 94 92 87 74 71 74 75 67 57 50 46 49 44 47 52 38 38 45 36 36 36 36 54 65 82 71 76 73
173 174 174 173 173 172 171 170 167 167 165 162 160 155 150 148 140 133 132 127 121 121 124 120 123 128 135 149 84 88 89 90 120 130 124 113 100 97 98 100 100 99 98 94 81 73 73 70 67 60 54 50 74 47 46 47 55 42 41 37 35 37 34 49 65 81 89 111 76
177 177 177 176 175 178 171 169 167 164 164 160 157 154 149 145 141 134 130 124 120 118 113 114 126 130 141 87 88 89 89 119 134 138 128 116 101 94 95 99 101 101 100 96 93 86 78 74 69 64 59 55 52 53 50 55 58 46 44 42 36 35 37 53 67 73 80 86 89
180 179 179 179 177 176 174 173 167 163 159 156 150 149 146 140 136 132 127 124 122 118 109 109 123 139 85 87 90 97 132 130 137 132 126 117 104 96 98 102 105 107 108 110 102 92 85 80 72 68 86 99 61 58 59 54 86 50 45 54 38 37 47 64 74 70 83 133 93
182 184 181 179 178 176 174 170 168 163 159 154 149 144 142 139 135 128 125 126 118 113 111 131 149 137 86 89 89 143 141 134 130 127 123 117 111 106 106 107 110 112 114 106 99 97 94 82 72 75 122 113 88 71 69 82 97 80 46 55 40 39 44 82 67 80 88 139 103
185 184 185 184 183 178 174 170 167 163 160 154 148 146 141 136 130 130 123 122 118 122 123 138 118 92 91 93 123 137 136 131 126 123 118 117 117 117 115 115 117 119 121 110 94 99 97 87 81 115 135 136 91 70 66 78 93 102 48 51 37 42 53 81 81 87 106 135 108
187 185 185 184 183 181 176 170 167 162 157 155 147 145 142 137 131 125 125 121 120 124 131 111 97 101 98 135 142 138 131 134 132 119 116 122 125 125 123 123 124 127 122 117 104 105 102 91 93 116 140 114 94 71 60 65 104 95 65 49 38 57 61 75 77 93 120 140 173
189 188 187 185 185 183 177 173 166 162 157 153 146 142 140 137 130 127 122 126 123 126 106 106 118 142 158 148 136 128 135 131 136 127 122 137 137 135 135 134 133 134 124 117 117 116 117 112 121 136 127 113 92 70 58 64 91 66 68 49 54 56 73 70 75 116 133 120 138
191 190 188 186 185 183 181 173 170 162 156 151 146 141 139 135 138 126 124 121 124 110 106 157 167 171 168 142 130 126 129 128 124 120 124 139 146 142 143 146 143 141 136 134 131 132 131 134 147 166 143 123 102 70 55 57 88 71 106 62 50 64 74 71 74 110 156 138 123
196 193 190 190 189 187 182 177 171 166 158 153 153 143 140 135 129 128 126 123 132 113 124 210 145 131 135 131 127 124 120 117 117 117 123 133 142 142 142 148 152 149 150 156 161 160 153 149 166 165 144 130 122 102 66 61 80 125 91 73 57 76 75 76 91 115 138 183 166
197 196 198 193 192 188 183 179 172 165 160 153 146 140 137 135 134 125 132 137 133 113 139 199 155 107 132 126 118 114 109 108 112 117 124 133 141 148 148 156 174 166 158 168 170 169 150 141 152 159 140 135 148 121 94 83 79 125 97 88 63 84 76 83 92 108 118 158 263
199 198 196 196 194 190 186 181 176 167 160 153 146 139 135 132 131 128 127 134 135 118 129 122 105 108 139 127 114 110 105 102 109 116 124 135 138 152 159 169 180 182 170 168 166 157 141 124 113 134 150 149 156 138 129 115 90 114 105 94 85 81 84 84 93 103 124 129 201
203 201 200 201 197 193 191 185 179 169 165 154 149 144 137 133 128 124 138 137 145 113 108 119 111 114 156 134 118 111 106 101 103 112 126 137 150 166 176 182 187 182 176 169 161 150 134 117 106 120 137 133 125 113 118 133 96 85 106 93 86 108 89 100 111 126 142 243 271
207 205 203 201 200 192 191 187 180 173 165 157 149 144 139 136 129 128 143 150 142 111 111 119 145 154 149 133 119 112 108 105 101 107 122 148 170 186 195 194 190 185 177 169 159 146 133 117 107 104 102 98 104 108 129 126 106 92 103 91 106 94 88 181 161 138 169 265 254
211 210 208 204 201 200 196 189 185 177 169 161 152 147 139 145 131 148 148 146 109 111 114 130 166 154 143 128 119 113 109 108 108 111 127 155 177 195 202 198 193 186 177 168 157 146 134 123 113 107 98 94 107 147 147 134 113 113 118 112 77 74 87 148 210 151 176 239 284
215 214 213 209 206 202 201 194 186 180 175 162 156 153 143 144 149 155 160 154 106 112 122 137 157 149 142 132 122 115 110 109 110 119 144 162 179 193 199 198 193 184 176 166 156 146 137 130 137 154 131 136 158 157 143 128 117 114 110 105 69 57 70 144 220 211 209 200 220
220 219 217 213 211 208 205 203 193 180 182 181 166 153 158 139 167 157 144 102 106 121 138 153 148 149 143 135 127 119 113 113 115 121 144 165 182 192 197 196 191 183 174 164 154 145 137 132 141 173 156 162 179 140 136 126 113 104 102 96 113 55 65 146 268 241 211 182 189
225 225 223 219 215 211 211 199 191 183 175 177 163 168 158 137 152 146 165 119 111 166 157 137 139 132 129 131 126 120 116 116 114 124 149 170 185 193 196 194 189 181 171 161 151 142 134 129 130 139 156 158 162 139 139 125 108 95 85 80 99 65 86 157 193 206 185 209 186
