trunk/EcoCrop/data/climate/tmax_2.asc
NCOLS 660 
NROWS 360 
XLLCORNER -20 
YLLCORNER -30 
CELLSIZE 0.1666667 
NODATA_value -3.4e+38 
[rows 60 to 89 of 360, columns 138 to 206 of 660]
269 271 270 275 276 276 274 281 277 277 284 282 283 287 286 287 286 286 283 288 289 290 288 287 284 287 284 284 282 277 277 273 261 256 250 262 266 269 272 275 276 277 279 280 280 281 281 281 281 281 280 279 279 279 278 277 277 276 276 269 270 272 273 273 273 273 271 273 273
272 275 275 279 279 279 282 279 281 282 282 287 284 287 289 287 290 289 291 292 292 290 290 290 288 286 288 284 283 282 279 276 275 268 258 263 270 270 274 276 277 279 280 281 282 283 283 283 283 282 281 280 280 280 279 278 278 278 277 274 274 274 274 275 275 275 274 274 274
275 278 280 281 283 283 284 286 287 285 287 288 291 291 292 289 293 293 293 294 293 292 292 292 290 291 288 290 286 284 282 277 272 269 265 270 273 274 275 277 279 280 281 283 283 284 284 284 284 284 284 282 282 281 281 280 281 279 278 273 274 276 275 276 276 276 275 275 275
281 281 283 285 286 287 287 289 290 290 292 293 293 293 294 294 295 295 295 295 295 294 295 294 295 292 293 289 289 285 279 279 278 274 265 270 274 276 277 278 279 282 283 284 285 285 285 285 286 285 284 284 284 283 282 281 281 279 280 275 276 275 277 278 277 277 278 278 277
286 286 287 286 285 288 289 291 289 293 292 295 295 294 296 297 297 298 296 297 297 296 298 297 296 295 294 292 288 285 285 281 278 272 248 274 277 276 278 280 282 283 284 285 286 287 287 287 287 286 286 285 285 284 283 282 281 280 280 282 275 277 278 279 279 278 279 279 279
289 290 290 292 291 292 293 294 294 297 296 297 297 299 297 299 300 300 300 299 298 299 299 299 298 297 297 294 291 290 286 284 284 240 227 270 272 272 282 282 284 284 287 287 288 288 288 288 288 288 287 287 285 286 285 284 282 281 282 282 276 278 280 280 279 279 280 278 278
294 292 293 293 294 294 296 296 298 299 299 299 300 301 301 301 301 302 302 302 301 300 301 300 300 299 299 298 295 292 289 288 283 280 258 241 244 279 265 280 286 288 288 289 289 289 289 289 289 289 289 288 287 286 285 284 283 283 282 284 278 279 280 280 280 279 280 279 279
295 296 297 296 297 299 300 300 301 300 301 303 302 304 304 302 303 304 304 304 303 303 303 302 301 301 300 300 299 289 277 282 277 275 272 270 271 270 260 276 288 289 290 290 287 290 292 291 291 290 289 288 290 286 285 285 285 284 283 287 279 281 282 281 281 280 281 282 281
299 300 301 301 302 301 302 303 304 303 303 304 305 306 306 305 306 306 306 305 305 305 305 305 304 303 302 301 299 296 294 290 286 283 279 274 270 278 266 263 287 291 292 292 292 293 293 292 292 291 291 290 289 288 287 287 284 285 284 284 285 282 282 281 282 280 281 282 281
304 304 303 304 305 306 305 305 305 307 304 307 307 307 308 308 308 308 308 306 308 307 306 307 306 305 302 302 300 291 294 291 289 284 276 269 267 273 283 268 288 291 294 295 294 294 294 294 293 292 292 291 290 289 288 288 287 285 284 285 284 283 283 282 284 283 282 284 284
308 306 307 307 308 309 307 309 307 309 309 309 309 310 310 310 311 310 310 309 310 310 309 309 308 306 306 301 302 297 294 289 285 268 270 270 275 282 285 288 291 295 295 296 296 295 295 295 294 294 294 295 290 289 287 288 288 286 287 285 282 285 284 285 285 286 285 285 286
311 311 310 311 311 312 312 311 311 311 312 311 312 311 313 313 312 312 312 312 311 311 310 310 310 309 307 304 303 297 297 294 292 284 275 268 281 287 288 293 295 296 296 296 297 297 296 296 295 295 295 296 292 293 291 290 290 289 288 287 287 287 285 286 286 286 286 287 287
315 314 313 314 315 315 315 315 313 314 313 314 316 315 314 314 314 314 315 313 313 313 313 312 311 310 310 307 306 302 300 294 287 280 261 269 276 286 291 294 295 296 297 297 298 298 298 297 298 297 296 296 295 294 293 293 292 291 290 289 288 289 288 288 288 288 288 288 289
317 317 316 317 317 316 316 317 316 315 317 318 317 317 313 314 315 317 316 316 315 315 314 314 313 313 311 311 306 304 301 294 278 261 236 278 281 282 288 291 296 298 299 299 299 299 299 300 298 299 298 297 296 295 294 294 293 292 291 292 291 290 289 290 289 290 289 290 291
320 319 320 319 318 319 318 319 319 320 321 320 318 318 318 316 317 318 317 317 317 317 317 316 316 313 312 311 310 305 299 293 288 283 267 284 288 287 292 293 297 299 300 300 300 301 301 301 300 300 299 298 297 296 297 294 294 293 294 293 292 291 291 291 291 292 293 292 293
322 320 320 322 322 322 321 321 323 322 321 320 320 321 318 318 320 320 319 319 318 318 317 318 317 317 315 314 311 308 303 292 291 290 291 291 293 293 296 298 299 299 301 302 302 302 302 302 302 301 300 299 299 299 297 297 296 296 295 294 293 293 292 293 293 294 293 295 295
324 322 323 323 324 323 325 326 324 323 323 323 322 322 321 320 321 321 320 322 321 318 317 319 318 318 317 315 312 307 305 299 297 283 298 297 298 298 301 302 302 301 303 303 304 304 303 303 303 302 302 301 302 301 299 298 298 296 296 295 294 296 295 295 295 296 296 297 298
324 325 325 325 327 327 328 327 326 325 324 324 323 323 322 322 322 322 321 322 322 320 319 319 320 320 319 317 316 310 310 306 307 306 305 302 303 303 304 302 301 301 305 304 305 305 305 305 304 302 303 303 302 302 300 300 299 298 297 296 297 297 296 296 297 299 300 299 301
328 327 328 328 330 330 328 328 327 326 326 325 325 324 324 324 323 323 324 322 322 321 319 319 320 321 321 320 318 316 314 315 314 311 307 308 307 308 305 305 304 304 307 306 306 306 306 306 305 304 303 304 304 303 302 301 300 300 300 299 299 299 298 299 300 300 301 302 305
331 330 331 332 331 330 329 329 329 329 328 327 326 327 326 326 322 323 324 323 321 319 318 318 320 321 322 321 319 319 318 318 308 312 313 312 311 311 307 308 304 306 309 308 308 308 308 308 307 306 306 305 304 303 303 303 301 301 300 300 300 301 301 302 301 302 305 305 306
332 335 334 335 334 331 332 332 331 331 329 329 329 328 328 327 326 325 326 324 324 321 319 320 319 322 322 323 323 322 321 318 319 315 316 314 313 310 309 310 308 309 311 311 311 310 310 310 309 309 307 305 305 304 303 303 303 302 302 302 302 302 303 303 303 306 307 307 308
335 335 338 335 332 333 333 333 333 332 331 330 330 330 329 328 327 328 326 326 324 324 323 322 322 321 322 323 320 317 320 321 318 317 318 316 313 311 311 309 311 313 312 313 312 311 311 311 312 310 305 305 305 306 305 305 303 304 304 304 304 304 305 307 306 308 309 309 310
337 339 339 335 333 335 336 335 334 334 333 332 332 331 330 329 329 328 326 327 325 325 323 321 320 320 320 321 320 321 319 319 318 318 318 314 313 313 312 314 314 314 313 314 314 313 313 313 312 311 307 306 306 306 306 305 305 306 306 306 305 307 306 307 308 311 310 312 312
339 341 341 338 336 337 337 337 336 336 333 332 333 332 331 330 330 330 327 328 326 327 325 324 321 321 323 321 321 320 320 318 321 319 318 317 315 315 315 316 317 316 316 316 315 315 314 314 312 315 302 307 308 309 307 308 309 307 308 307 308 308 309 308 310 309 313 313 314
340 341 342 339 339 339 339 338 339 339 336 335 336 335 334 333 331 331 329 328 327 326 326 324 326 324 323 322 323 323 323 321 321 322 319 319 318 319 319 319 318 318 318 317 316 316 315 314 315 314 305 309 310 309 310 309 310 309 308 310 309 309 310 311 310 312 313 315 316
343 343 342 342 342 342 339 339 339 339 337 338 338 333 334 333 333 332 331 330 331 328 326 327 325 325 325 325 325 325 323 324 319 322 323 321 321 321 320 321 320 320 320 319 318 317 317 315 315 315 315 312 312 312 311 311 311 310 310 311 311 311 313 312 311 312 314 316 317
344 344 344 342 342 342 341 342 340 340 340 338 338 335 334 333 334 331 332 331 332 330 330 328 328 327 329 328 325 327 325 326 323 323 324 324 323 323 322 323 322 321 321 320 319 318 317 315 315 316 315 315 314 314 313 312 313 312 311 313 312 313 313 313 313 315 317 317 318
346 346 346 345 343 344 344 343 342 343 342 342 340 335 337 330 335 333 335 335 333 332 332 331 330 330 329 327 329 329 328 324 325 326 325 324 324 324 324 323 323 323 322 321 320 319 318 317 317 317 317 315 315 315 314 314 313 313 313 312 311 313 312 312 314 316 317 319 319
348 345 347 346 345 345 344 344 344 343 343 344 341 337 339 339 337 338 337 335 333 333 335 332 333 330 332 329 329 328 328 329 328 328 328 327 325 325 325 325 324 323 321 321 321 320 319 318 318 317 316 316 316 315 316 315 313 314 313 313 313 313 314 314 314 316 318 320 320
349 347 348 347 345 346 346 345 345 345 346 346 346 341 343 341 340 338 336 333 333 334 334 334 335 332 331 331 331 331 331 331 330 329 328 326 325 327 327 325 324 324 323 323 322 320 321 321 320 320 319 319 317 317 316 316 316 314 314 313 313 314 314 316 317 317 318 320 321
