trunk/EcoCrop/data/climate/tmax_11.asc
NCOLS 660 
NROWS 360 
XLLCORNER -20 
YLLCORNER -30 
CELLSIZE 0.1666667 
NODATA_value -3.4e+38 
[rows 30 to 59 of 360, columns 345 to 413 of 660]
281 246 261 268 279 283 278 260 294 304 302 297 283 272 277 282 281 283 283 271 273 269 270 271 271 272 274 273 275 271 268 265 264 265 260 256 259 261 265 266 262 261 263 265 264 262 264 266 264 266 264 250 261 262 266 269 264 264 264 264 267 267 267 269 270 271 272 271 273
290 249 275 271 282 297 284 256 273 287 307 257 282 282 286 285 289 289 287 281 279 277 271 269 271 272 273 274 274 273 269 264 259 263 261 257 256 261 265 265 263 261 262 264 265 265 265 265 268 269 268 262 260 265 268 270 265 267 268 268 266 267 268 269 270 272 274 274 274
294 297 287 275 236 298 299 284 267 293 307 311 311 304 293 286 294 291 292 289 285 279 275 270 271 274 275 276 275 273 266 265 261 259 260 260 261 262 266 264 260 259 262 261 265 267 267 267 269 269 269 268 272 259 265 273 273 271 273 273 266 267 269 269 272 274 275 276 276
305 301 305 307 306 307 311 292 274 276 298 298 312 304 300 301 299 296 295 291 289 282 280 274 272 274 276 277 276 273 272 271 265 263 262 262 265 266 267 264 258 258 260 263 266 267 269 270 268 270 270 267 267 270 274 273 277 277 276 276 276 273 270 272 274 275 277 277 278
308 -3.4e+38 312 313 313 316 314 296 254 279 296 291 309 293 292 299 300 297 294 290 289 287 284 281 279 278 276 277 276 274 272 271 269 263 263 263 267 266 266 264 261 255 259 258 263 266 269 271 270 270 271 267 262 264 272 272 274 276 279 279 280 279 280 278 275 277 279 280 279
-3.4e+38 -3.4e+38 -3.4e+38 313 315 316 318 310 316 312 269 286 306 297 281 296 298 298 296 292 291 288 287 286 284 281 279 279 277 269 274 269 269 267 263 258 267 264 265 265 261 254 257 259 261 263 265 271 273 272 272 270 262 266 259 267 277 280 278 279 277 276 275 277 278 280 279 281 282
-3.4e+38 -3.4e+38 -3.4e+38 -3.4e+38 -3.4e+38 322 320 321 318 308 289 276 291 297 279 292 297 298 296 294 285 287 287 284 284 282 279 278 279 275 274 273 268 266 269 266 263 267 265 264 263 256 259 261 260 262 263 268 274 275 272 270 251 246 254 273 276 280 277 277 273 274 277 276 279 280 281 283 283
-3.4e+38 -3.4e+38 -3.4e+38 -3.4e+38 -3.4e+38 -3.4e+38 325 326 311 315 306 267 279 294 284 274 291 294 291 291 291 285 285 284 282 282 282 279 278 277 272 273 270 269 272 272 268 267 270 268 268 262 259 261 266 263 264 266 273 276 276 271 258 264 253 268 278 278 278 274 274 276 278 280 280 281 283 284 285
-3.4e+38 -3.4e+38 -3.4e+38 -3.4e+38 -3.4e+38 -3.4e+38 327 328 327 281 322 266 251 294 287 269 288 288 282 288 277 287 285 283 281 282 282 281 276 278 275 274 273 272 273 273 271 271 274 272 271 267 261 263 268 267 267 271 272 276 278 273 259 272 269 275 278 280 277 274 276 279 278 282 282 283 285 285 287
-3.4e+38 -3.4e+38 -3.4e+38 -3.4e+38 -3.4e+38 -3.4e+38 -3.4e+38 329 329 309 329 323 298 297 291 276 291 295 292 289 284 285 283 281 285 283 284 282 279 279 278 277 274 272 270 275 275 276 276 276 274 271 268 267 271 269 270 269 268 278 279 277 265 264 255 274 276 275 274 274 278 279 281 283 283 286 285 286 290
-3.4e+38 -3.4e+38 -3.4e+38 -3.4e+38 -3.4e+38 -3.4e+38 -3.4e+38 330 331 327 326 325 309 303 288 284 290 292 293 293 290 285 277 273 282 286 287 285 283 283 279 279 276 274 269 273 276 273 276 278 278 274 255 270 275 272 266 270 272 277 280 281 279 274 276 275 278 275 275 277 279 280 283 284 286 286 286 286 293
-3.4e+38 -3.4e+38 -3.4e+38 -3.4e+38 -3.4e+38 -3.4e+38 -3.4e+38 -3.4e+38 333 331 328 323 319 313 273 265 281 290 294 292 292 288 279 275 286 289 288 287 285 284 282 281 276 274 270 271 275 275 268 277 277 279 278 277 278 275 275 274 276 279 280 279 274 258 266 276 275 274 275 278 280 283 284 286 286 288 287 287 293
-3.4e+38 -3.4e+38 -3.4e+38 -3.4e+38 -3.4e+38 -3.4e+38 -3.4e+38 -3.4e+38 -3.4e+38 335 336 331 310 303 275 257 276 289 294 295 293 290 283 277 288 291 290 288 287 285 285 280 279 276 272 274 273 272 269 271 275 276 276 275 276 278 278 276 278 280 278 280 252 265 268 274 275 274 277 279 282 284 286 287 288 289 289 289 291
-3.4e+38 -3.4e+38 -3.4e+38 -3.4e+38 -3.4e+38 -3.4e+38 -3.4e+38 -3.4e+38 -3.4e+38 336 337 332 324 306 283 269 280 288 294 296 294 289 286 286 291 290 290 287 288 285 285 286 281 279 274 271 271 271 273 270 272 269 270 270 267 273 277 278 279 280 281 276 257 261 270 275 277 276 279 281 283 285 287 289 290 289 289 290 292
-3.4e+38 -3.4e+38 -3.4e+38 -3.4e+38 -3.4e+38 -3.4e+38 -3.4e+38 -3.4e+38 -3.4e+38 337 338 334 325 315 281 277 279 290 296 297 295 290 292 295 293 292 290 289 288 287 288 288 284 283 280 276 275 273 274 275 272 275 271 253 270 274 277 279 278 279 282 275 261 267 274 279 279 278 280 283 284 287 289 290 291 290 290 290 292
-3.4e+38 -3.4e+38 -3.4e+38 -3.4e+38 -3.4e+38 -3.4e+38 -3.4e+38 -3.4e+38 -3.4e+38 337 339 335 331 297 302 271 275 288 295 296 294 294 292 294 293 290 289 289 288 286 289 289 287 284 282 280 275 272 271 271 271 274 275 277 277 277 278 278 278 278 280 272 275 271 279 281 281 281 282 284 286 288 290 290 292 291 290 292 293
-3.4e+38 -3.4e+38 -3.4e+38 -3.4e+38 -3.4e+38 -3.4e+38 -3.4e+38 -3.4e+38 -3.4e+38 338 339 339 333 325 317 280 264 285 291 295 294 293 293 293 291 290 289 289 288 288 289 289 289 287 284 282 278 271 267 268 270 271 269 273 272 274 275 277 279 282 266 265 272 276 281 283 283 284 285 285 288 289 290 292 293 292 292 292 294
-3.4e+38 -3.4e+38 -3.4e+38 -3.4e+38 -3.4e+38 -3.4e+38 -3.4e+38 -3.4e+38 -3.4e+38 337 334 340 335 329 314 294 281 286 290 291 291 291 291 293 291 288 288 288 287 290 290 290 289 287 286 284 280 274 266 268 270 270 273 271 270 274 278 279 280 280 275 265 276 281 282 284 284 285 284 285 287 288 289 291 293 293 293 293 294
-3.4e+38 -3.4e+38 -3.4e+38 -3.4e+38 -3.4e+38 -3.4e+38 -3.4e+38 -3.4e+38 -3.4e+38 336 336 342 330 330 322 306 289 288 281 285 288 289 290 289 290 287 288 287 287 287 290 291 289 289 288 284 280 274 267 265 267 269 271 274 273 276 277 279 280 275 270 274 279 282 282 281 282 285 286 287 287 289 290 291 293 293 293 294 293
-3.4e+38 -3.4e+38 -3.4e+38 -3.4e+38 -3.4e+38 -3.4e+38 -3.4e+38 -3.4e+38 -3.4e+38 336 337 339 342 328 331 313 301 282 271 279 284 286 284 277 287 286 288 285 285 287 290 291 291 290 289 286 276 273 269 270 270 269 270 273 276 278 276 279 279 265 268 274 280 279 278 278 282 285 287 288 288 290 290 292 293 292 293 294 294
-3.4e+38 -3.4e+38 -3.4e+38 -3.4e+38 -3.4e+38 -3.4e+38 -3.4e+38 -3.4e+38 -3.4e+38 -3.4e+38 338 339 342 344 333 320 275 260 265 271 278 282 284 266 283 286 288 284 276 284 291 291 291 292 290 289 284 274 273 275 274 274 271 273 275 278 278 280 277 268 271 277 277 277 277 281 282 285 286 287 290 291 292 293 293 293 294 294 294
-3.4e+38 -3.4e+38 -3.4e+38 -3.4e+38 -3.4e+38 -3.4e+38 -3.4e+38 -3.4e+38 -3.4e+38 -3.4e+38 337 339 339 344 327 294 294 249 258 266 272 279 281 272 284 286 284 282 272 283 289 288 290 292 291 291 277 274 280 271 276 278 276 277 279 280 280 282 265 272 273 279 278 278 279 281 283 285 285 287 288 291 292 291 292 293 293 293 294
-3.4e+38 -3.4e+38 -3.4e+38 -3.4e+38 -3.4e+38 -3.4e+38 -3.4e+38 -3.4e+38 -3.4e+38 -3.4e+38 336 338 341 344 343 330 271 243 252 263 266 271 277 280 285 287 282 270 272 282 290 290 292 291 291 291 291 289 287 283 276 275 279 279 281 282 282 281 269 269 277 279 276 279 281 282 282 284 286 287 290 290 291 292 293 292 293 294 295
-3.4e+38 -3.4e+38 -3.4e+38 -3.4e+38 -3.4e+38 -3.4e+38 -3.4e+38 -3.4e+38 -3.4e+38 -3.4e+38 336 340 342 339 338 313 259 225 239 233 252 266 275 282 284 281 276 268 279 290 291 288 289 290 290 290 289 288 289 280 279 279 281 282 283 283 283 280 272 272 276 275 276 279 282 283 284 285 286 288 290 291 290 291 292 292 293 294 294
-3.4e+38 -3.4e+38 -3.4e+38 -3.4e+38 -3.4e+38 -3.4e+38 -3.4e+38 -3.4e+38 -3.4e+38 -3.4e+38 -3.4e+38 340 342 343 339 312 324 309 251 227 234 262 271 281 281 273 273 273 284 290 290 291 286 290 290 288 290 291 290 286 284 280 281 282 284 284 284 270 276 277 277 276 278 281 282 285 285 286 287 288 289 290 290 291 292 292 292 293 294
-3.4e+38 -3.4e+38 -3.4e+38 -3.4e+38 -3.4e+38 -3.4e+38 -3.4e+38 -3.4e+38 -3.4e+38 -3.4e+38 -3.4e+38 -3.4e+38 343 343 341 314 308 295 301 269 232 263 277 277 280 280 280 279 282 287 288 289 286 288 288 288 290 291 280 291 289 286 285 286 286 286 285 274 274 279 280 279 279 282 284 285 286 286 288 288 289 290 290 291 291 292 293 293 294
-3.4e+38 -3.4e+38 -3.4e+38 -3.4e+38 -3.4e+38 -3.4e+38 -3.4e+38 -3.4e+38 -3.4e+38 -3.4e+38 -3.4e+38 -3.4e+38 -3.4e+38 343 343 342 329 340 293 315 229 232 256 273 273 277 280 281 276 287 284 285 286 286 287 288 289 289 291 290 290 290 289 287 286 287 286 277 282 282 282 281 282 283 284 286 286 287 288 289 289 290 291 291 291 293 292 292 292
-3.4e+38 -3.4e+38 -3.4e+38 -3.4e+38 -3.4e+38 -3.4e+38 -3.4e+38 -3.4e+38 -3.4e+38 -3.4e+38 -3.4e+38 -3.4e+38 -3.4e+38 344 346 344 344 334 340 314 314 243 246 256 271 269 280 279 280 282 284 286 286 284 286 286 290 289 289 290 287 289 288 287 288 287 286 284 284 283 284 284 285 285 286 284 286 287 288 289 290 290 291 291 291 292 291 292 291
-3.4e+38 -3.4e+38 -3.4e+38 -3.4e+38 -3.4e+38 -3.4e+38 -3.4e+38 -3.4e+38 -3.4e+38 -3.4e+38 -3.4e+38 -3.4e+38 -3.4e+38 -3.4e+38 -3.4e+38 -3.4e+38 349 349 346 320 336 338 252 239 266 272 277 279 278 280 284 284 282 281 282 287 288 289 287 286 283 285 286 286 287 286 274 277 283 284 285 284 285 283 283 284 286 286 287 289 288 289 290 291 290 290 290 291 292
-3.4e+38 -3.4e+38 -3.4e+38 -3.4e+38 -3.4e+38 -3.4e+38 -3.4e+38 -3.4e+38 -3.4e+38 -3.4e+38 -3.4e+38 -3.4e+38 -3.4e+38 -3.4e+38 -3.4e+38 -3.4e+38 -3.4e+38 351 350 347 341 307 301 223 245 267 273 267 278 281 282 280 278 278 279 283 286 287 286 284 279 282 285 286 285 285 276 281 284 283 281 281 282 281 283 284 284 285 286 286 287 289 289 290 289 290 290 291 291
