trunk/EcoCrop/data/climate/tmax_3.asc
NCOLS 660 
NROWS 360 
XLLCORNER -20 
YLLCORNER -30 
CELLSIZE 0.1666667 
NODATA_value -3.4e+38 
[rows 90 to 119 of 360, columns 0 to 68 of 660]
-3.4e+38 -3.4e+38 -3.4e+38 -3.4e+38 -3.4e+38 -3.4e+38 -3.4e+38 -3.4e+38 -3.4e+38 -3.4e+38 -3.4e+38 -3.4e+38 -3.4e+38 -3.4e+38 -3.4e+38 -3.4e+38 -3.4e+38 311 323 333 342 351 358 360 362 364 369 372 374 377 377 379 381 380 380 381 381 382 382 382 382 382 383 384 386 386 389 390 392 393 391 387 386 390 389 390 377 380 381 377 378 379 378 377 375 375 375 378 378
-3.4e+38 -3.4e+38 -3.4e+38 -3.4e+38 -3.4e+38 -3.4e+38 -3.4e+38 -3.4e+38 -3.4e+38 -3.4e+38 -3.4e+38 -3.4e+38 -3.4e+38 -3.4e+38 -3.4e+38 269 290 315 331 340 349 359 368 369 367 369 372 374 375 378 378 379 381 381 382 381 382 381 382 381 382 382 382 382 385 389 392 393 395 394 390 388 386 391 390 376 378 375 377 378 377 378 378 375 375 375 377 380 378
-3.4e+38 -3.4e+38 -3.4e+38 -3.4e+38 -3.4e+38 -3.4e+38 -3.4e+38 -3.4e+38 -3.4e+38 -3.4e+38 -3.4e+38 -3.4e+38 -3.4e+38 -3.4e+38 -3.4e+38 -3.4e+38 -3.4e+38 315 333 344 354 364 373 373 373 374 375 375 377 379 379 380 381 382 382 382 383 383 383 383 381 381 382 383 384 386 391 393 395 396 389 388 390 390 389 385 380 380 375 372 378 379 376 377 379 380 380 383 382
-3.4e+38 -3.4e+38 -3.4e+38 -3.4e+38 -3.4e+38 -3.4e+38 -3.4e+38 -3.4e+38 -3.4e+38 -3.4e+38 -3.4e+38 -3.4e+38 -3.4e+38 -3.4e+38 -3.4e+38 -3.4e+38 -3.4e+38 -3.4e+38 334 345 356 364 371 375 376 377 377 377 378 380 380 382 382 383 383 383 383 383 384 383 382 382 383 384 385 387 391 391 392 389 386 391 390 388 388 369 381 376 376 377 378 376 378 377 380 381 383 382 384
-3.4e+38 -3.4e+38 -3.4e+38 -3.4e+38 -3.4e+38 -3.4e+38 -3.4e+38 -3.4e+38 -3.4e+38 -3.4e+38 -3.4e+38 -3.4e+38 -3.4e+38 -3.4e+38 -3.4e+38 -3.4e+38 -3.4e+38 -3.4e+38 -3.4e+38 344 355 364 372 378 380 379 378 378 379 381 382 382 382 382 383 383 385 385 385 385 384 384 384 385 385 387 391 389 390 386 379 376 391 386 385 375 373 374 369 379 379 377 378 377 380 382 383 385 384
-3.4e+38 -3.4e+38 -3.4e+38 -3.4e+38 -3.4e+38 -3.4e+38 -3.4e+38 -3.4e+38 -3.4e+38 -3.4e+38 -3.4e+38 -3.4e+38 -3.4e+38 -3.4e+38 -3.4e+38 -3.4e+38 -3.4e+38 -3.4e+38 -3.4e+38 344 353 363 372 380 381 379 379 378 379 381 381 382 382 382 383 383 385 385 386 387 386 384 385 387 387 386 390 389 388 387 379 382 392 381 379 376 375 371 365 379 377 379 378 378 382 383 386 386 385
-3.4e+38 -3.4e+38 -3.4e+38 -3.4e+38 -3.4e+38 -3.4e+38 -3.4e+38 -3.4e+38 -3.4e+38 -3.4e+38 -3.4e+38 -3.4e+38 -3.4e+38 -3.4e+38 -3.4e+38 -3.4e+38 -3.4e+38 -3.4e+38 -3.4e+38 -3.4e+38 351 361 369 376 378 377 378 379 380 380 383 382 382 383 382 383 385 386 388 387 384 384 386 385 385 387 390 389 389 388 381 384 381 385 381 379 372 368 370 379 376 379 378 378 381 383 386 387 387
-3.4e+38 -3.4e+38 -3.4e+38 -3.4e+38 -3.4e+38 -3.4e+38 -3.4e+38 -3.4e+38 -3.4e+38 -3.4e+38 -3.4e+38 -3.4e+38 -3.4e+38 -3.4e+38 -3.4e+38 -3.4e+38 -3.4e+38 -3.4e+38 -3.4e+38 -3.4e+38 348 355 366 373 374 374 377 379 380 383 383 385 383 381 382 382 383 387 386 385 383 384 384 386 386 384 389 391 385 387 385 378 377 380 380 380 372 379 378 378 379 376 379 384 381 383 385 384 386
-3.4e+38 -3.4e+38 -3.4e+38 -3.4e+38 -3.4e+38 -3.4e+38 -3.4e+38 -3.4e+38 -3.4e+38 -3.4e+38 -3.4e+38 -3.4e+38 -3.4e+38 -3.4e+38 -3.4e+38 -3.4e+38 -3.4e+38 -3.4e+38 -3.4e+38 -3.4e+38 -3.4e+38 350 365 373 375 376 376 379 380 382 388 386 383 381 379 379 381 382 383 383 383 383 383 386 384 384 389 386 389 389 386 372 377 379 380 381 380 372 363 379 377 376 376 383 378 381 384 385 386
-3.4e+38 -3.4e+38 -3.4e+38 -3.4e+38 -3.4e+38 -3.4e+38 -3.4e+38 -3.4e+38 -3.4e+38 -3.4e+38 -3.4e+38 -3.4e+38 -3.4e+38 -3.4e+38 -3.4e+38 -3.4e+38 -3.4e+38 -3.4e+38 -3.4e+38 -3.4e+38 -3.4e+38 344 365 -3.4e+38 372 375 375 378 380 382 386 384 383 379 380 380 378 380 379 380 382 384 384 384 383 386 389 386 389 390 389 387 372 381 380 383 382 367 367 374 377 378 375 379 379 380 382 382 384
-3.4e+38 -3.4e+38 -3.4e+38 -3.4e+38 -3.4e+38 -3.4e+38 -3.4e+38 -3.4e+38 -3.4e+38 -3.4e+38 -3.4e+38 -3.4e+38 -3.4e+38 -3.4e+38 -3.4e+38 -3.4e+38 -3.4e+38 -3.4e+38 -3.4e+38 337 341 348 357 364 369 373 375 376 380 383 383 384 382 379 377 378 377 374 379 378 380 382 382 384 385 386 388 385 390 389 389 388 382 374 380 381 382 376 374 372 372 379 380 381 381 382 380 377 384
-3.4e+38 -3.4e+38 -3.4e+38 -3.4e+38 -3.4e+38 -3.4e+38 -3.4e+38 -3.4e+38 -3.4e+38 -3.4e+38 -3.4e+38 -3.4e+38 -3.4e+38 -3.4e+38 -3.4e+38 -3.4e+38 -3.4e+38 -3.4e+38 -3.4e+38 338 343 350 358 362 366 368 371 375 377 380 382 383 381 378 377 378 374 375 379 378 378 382 384 386 384 388 385 385 388 390 388 390 386 372 381 384 373 382 380 375 375 381 380 379 383 379 380 381 385
-3.4e+38 -3.4e+38 -3.4e+38 -3.4e+38 -3.4e+38 -3.4e+38 -3.4e+38 -3.4e+38 -3.4e+38 -3.4e+38 -3.4e+38 -3.4e+38 -3.4e+38 -3.4e+38 -3.4e+38 -3.4e+38 -3.4e+38 -3.4e+38 -3.4e+38 341 347 354 358 362 367 368 370 374 377 379 384 383 379 378 376 378 376 376 376 378 379 380 381 381 384 385 387 385 387 389 386 389 389 371 374 373 379 375 379 380 378 380 383 381 384 380 383 382 385
-3.4e+38 -3.4e+38 -3.4e+38 -3.4e+38 -3.4e+38 -3.4e+38 -3.4e+38 -3.4e+38 -3.4e+38 -3.4e+38 -3.4e+38 -3.4e+38 -3.4e+38 -3.4e+38 -3.4e+38 -3.4e+38 -3.4e+38 -3.4e+38 -3.4e+38 345 351 356 363 364 365 366 368 369 372 377 378 378 379 377 375 375 376 377 377 378 379 381 384 385 390 387 390 389 390 386 389 390 388 356 373 380 378 372 382 382 381 381 385 385 384 382 378 381 386
-3.4e+38 -3.4e+38 -3.4e+38 -3.4e+38 -3.4e+38 -3.4e+38 -3.4e+38 -3.4e+38 -3.4e+38 -3.4e+38 -3.4e+38 -3.4e+38 -3.4e+38 -3.4e+38 -3.4e+38 -3.4e+38 -3.4e+38 -3.4e+38 -3.4e+38 346 354 -3.4e+38 366 365 364 364 365 365 368 371 372 376 375 377 375 376 374 375 376 373 380 381 379 385 388 381 390 390 388 386 385 388 384 382 381 373 374 373 383 377 382 379 383 381 386 384 378 383 385
-3.4e+38 -3.4e+38 -3.4e+38 -3.4e+38 -3.4e+38 -3.4e+38 -3.4e+38 -3.4e+38 -3.4e+38 -3.4e+38 -3.4e+38 -3.4e+38 -3.4e+38 -3.4e+38 -3.4e+38 -3.4e+38 -3.4e+38 -3.4e+38 -3.4e+38 345 353 359 361 361 359 358 359 360 361 366 369 370 373 375 372 374 373 376 375 379 380 380 371 379 383 387 380 369 369 378 379 385 384 383 383 358 370 378 374 371 372 370 376 386 384 383 380 375 381
-3.4e+38 -3.4e+38 -3.4e+38 -3.4e+38 -3.4e+38 -3.4e+38 -3.4e+38 -3.4e+38 -3.4e+38 -3.4e+38 -3.4e+38 -3.4e+38 -3.4e+38 -3.4e+38 -3.4e+38 -3.4e+38 -3.4e+38 -3.4e+38 -3.4e+38 -3.4e+38 -3.4e+38 354 -3.4e+38 356 355 354 353 352 355 358 363 367 371 370 371 372 373 375 378 378 379 378 374 361 371 358 370 382 335 377 373 376 364 383 383 361 363 368 381 371 379 378 377 388 388 389 389 368 385
-3.4e+38 -3.4e+38 -3.4e+38 -3.4e+38 -3.4e+38 -3.4e+38 -3.4e+38 -3.4e+38 -3.4e+38 -3.4e+38 -3.4e+38 -3.4e+38 -3.4e+38 -3.4e+38 -3.4e+38 -3.4e+38 -3.4e+38 -3.4e+38 -3.4e+38 -3.4e+38 -3.4e+38 -3.4e+38 351 349 347 346 346 346 346 350 355 361 366 367 369 372 373 376 373 376 377 374 376 354 349 343 291 359 361 358 355 364 356 381 382 348 377 382 376 372 380 376 380 384 389 390 391 388 387
-3.4e+38 -3.4e+38 -3.4e+38 -3.4e+38 -3.4e+38 -3.4e+38 -3.4e+38 -3.4e+38 -3.4e+38 -3.4e+38 -3.4e+38 -3.4e+38 -3.4e+38 -3.4e+38 -3.4e+38 -3.4e+38 -3.4e+38 -3.4e+38 -3.4e+38 -3.4e+38 -3.4e+38 -3.4e+38 346 344 -3.4e+38 340 338 -3.4e+38 -3.4e+38 340 344 351 358 364 368 370 370 376 370 378 380 379 357 372 351 344 318 355 351 373 351 363 365 357 366 357 368 374 364 376 376 372 367 388 390 390 388 387 388
-3.4e+38 -3.4e+38 -3.4e+38 -3.4e+38 -3.4e+38 -3.4e+38 -3.4e+38 -3.4e+38 -3.4e+38 -3.4e+38 -3.4e+38 -3.4e+38 -3.4e+38 -3.4e+38 -3.4e+38 -3.4e+38 -3.4e+38 -3.4e+38 -3.4e+38 -3.4e+38 -3.4e+38 -3.4e+38 -3.4e+38 -3.4e+38 -3.4e+38 -3.4e+38 -3.4e+38 333 329 329 334 343 352 361 363 366 372 371 371 376 379 377 372 368 352 325 316 319 339 343 354 355 351 356 355 374 359 374 377 374 360 363 388 388 390 387 388 389 389
-3.4e+38 -3.4e+38 -3.4e+38 -3.4e+38 -3.4e+38 -3.4e+38 -3.4e+38 -3.4e+38 -3.4e+38 -3.4e+38 -3.4e+38 -3.4e+38 -3.4e+38 -3.4e+38 -3.4e+38 -3.4e+38 -3.4e+38 -3.4e+38 -3.4e+38 -3.4e+38 -3.4e+38 -3.4e+38 334 -3.4e+38 332 -3.4e+38 -3.4e+38 -3.4e+38 325 -3.4e+38 322 338 351 360 370 372 374 367 370 372 376 379 335 338 310 298 316 332 320 346 336 342 341 370 371 359 371 378 375 381 381 384 386 384 388 392 392 392 388
-3.4e+38 -3.4e+38 -3.4e+38 -3.4e+38 -3.4e+38 -3.4e+38 -3.4e+38 -3.4e+38 -3.4e+38 -3.4e+38 -3.4e+38 -3.4e+38 -3.4e+38 -3.4e+38 -3.4e+38 -3.4e+38 -3.4e+38 -3.4e+38 -3.4e+38 -3.4e+38 -3.4e+38 -3.4e+38 -3.4e+38 330 -3.4e+38 -3.4e+38 -3.4e+38 330 325 318 326 340 354 365 371 365 377 371 367 358 375 375 336 301 325 295 288 315 323 324 338 329 344 342 369 348 373 376 381 381 384 385 388 389 388 396 392 389 388
-3.4e+38 -3.4e+38 -3.4e+38 -3.4e+38 -3.4e+38 -3.4e+38 -3.4e+38 -3.4e+38 -3.4e+38 -3.4e+38 -3.4e+38 -3.4e+38 -3.4e+38 -3.4e+38 -3.4e+38 -3.4e+38 -3.4e+38 -3.4e+38 -3.4e+38 -3.4e+38 -3.4e+38 -3.4e+38 328 -3.4e+38 -3.4e+38 325 -3.4e+38 334 333 324 335 349 363 368 375 375 378 368 359 366 374 363 359 349 306 295 283 327 332 332 338 343 349 363 370 373 377 378 378 380 382 384 384 385 388 390 390 392 386
-3.4e+38 -3.4e+38 -3.4e+38 -3.4e+38 -3.4e+38 -3.4e+38 -3.4e+38 -3.4e+38 -3.4e+38 -3.4e+38 -3.4e+38 -3.4e+38 -3.4e+38 -3.4e+38 -3.4e+38 -3.4e+38 -3.4e+38 -3.4e+38 -3.4e+38 -3.4e+38 -3.4e+38 -3.4e+38 -3.4e+38 327 326 -3.4e+38 -3.4e+38 -3.4e+38 -3.4e+38 -3.4e+38 350 364 378 384 387 381 383 378 372 358 370 367 312 361 308 320 298 331 335 328 350 331 352 367 360 373 377 378 380 374 382 383 384 387 389 390 387 386 386
-3.4e+38 -3.4e+38 -3.4e+38 -3.4e+38 -3.4e+38 -3.4e+38 -3.4e+38 -3.4e+38 -3.4e+38 -3.4e+38 -3.4e+38 -3.4e+38 -3.4e+38 -3.4e+38 -3.4e+38 -3.4e+38 -3.4e+38 -3.4e+38 -3.4e+38 -3.4e+38 -3.4e+38 -3.4e+38 -3.4e+38 -3.4e+38 -3.4e+38 -3.4e+38 -3.4e+38 -3.4e+38 -3.4e+38 -3.4e+38 364 379 394 398 384 388 381 371 371 360 369 353 370 359 319 324 335 336 319 334 353 335 344 369 348 370 376 379 380 381 378 383 384 384 387 385 385 383 384
-3.4e+38 -3.4e+38 -3.4e+38 -3.4e+38 -3.4e+38 -3.4e+38 -3.4e+38 -3.4e+38 -3.4e+38 -3.4e+38 -3.4e+38 -3.4e+38 -3.4e+38 -3.4e+38 -3.4e+38 -3.4e+38 -3.4e+38 -3.4e+38 -3.4e+38 -3.4e+38 -3.4e+38 -3.4e+38 -3.4e+38 -3.4e+38 -3.4e+38 -3.4e+38 -3.4e+38 -3.4e+38 -3.4e+38 -3.4e+38 -3.4e+38 388 -3.4e+38 406 402 396 384 382 385 363 365 362 368 370 358 345 311 330 328 344 338 344 344 368 361 351 378 380 381 380 382 382 385 385 384 383 381 382 381
-3.4e+38 -3.4e+38 -3.4e+38 -3.4e+38 -3.4e+38 -3.4e+38 -3.4e+38 -3.4e+38 -3.4e+38 -3.4e+38 -3.4e+38 -3.4e+38 -3.4e+38 -3.4e+38 -3.4e+38 -3.4e+38 -3.4e+38 -3.4e+38 -3.4e+38 -3.4e+38 -3.4e+38 -3.4e+38 -3.4e+38 -3.4e+38 -3.4e+38 -3.4e+38 -3.4e+38 -3.4e+38 -3.4e+38 -3.4e+38 -3.4e+38 -3.4e+38 401 406 401 389 391 388 385 381 371 354 367 367 357 338 323 341 332 343 345 324 346 365 369 377 380 380 382 384 385 383 384 383 384 382 382 383 381
-3.4e+38 -3.4e+38 -3.4e+38 -3.4e+38 -3.4e+38 -3.4e+38 -3.4e+38 -3.4e+38 -3.4e+38 -3.4e+38 -3.4e+38 -3.4e+38 -3.4e+38 -3.4e+38 -3.4e+38 -3.4e+38 -3.4e+38 -3.4e+38 -3.4e+38 -3.4e+38 -3.4e+38 -3.4e+38 -3.4e+38 -3.4e+38 -3.4e+38 -3.4e+38 -3.4e+38 -3.4e+38 -3.4e+38 -3.4e+38 -3.4e+38 -3.4e+38 -3.4e+38 404 395 402 393 388 378 368 373 370 368 352 361 355 346 335 320 354 343 340 346 367 371 377 384 385 386 386 382 385 383 382 384 381 379 379 380
-3.4e+38 -3.4e+38 -3.4e+38 -3.4e+38 -3.4e+38 -3.4e+38 -3.4e+38 -3.4e+38 -3.4e+38 -3.4e+38 -3.4e+38 -3.4e+38 -3.4e+38 -3.4e+38 -3.4e+38 -3.4e+38 -3.4e+38 -3.4e+38 -3.4e+38 -3.4e+38 -3.4e+38 -3.4e+38 -3.4e+38 -3.4e+38 -3.4e+38 -3.4e+38 -3.4e+38 -3.4e+38 -3.4e+38 -3.4e+38 -3.4e+38 -3.4e+38 -3.4e+38 401 404 407 400 389 385 379 360 364 364 374 350 351 340 335 323 359 352 358 344 366 374 380 384 385 386 384 384 384 381 382 382 378 377 376 375
-3.4e+38 -3.4e+38 -3.4e+38 -3.4e+38 -3.4e+38 -3.4e+38 -3.4e+38 -3.4e+38 -3.4e+38 -3.4e+38 -3.4e+38 -3.4e+38 -3.4e+38 -3.4e+38 -3.4e+38 -3.4e+38 -3.4e+38 -3.4e+38 -3.4e+38 -3.4e+38 -3.4e+38 -3.4e+38 -3.4e+38 -3.4e+38 -3.4e+38 -3.4e+38 -3.4e+38 -3.4e+38 -3.4e+38 -3.4e+38 -3.4e+38 -3.4e+38 -3.4e+38 -3.4e+38 -3.4e+38 401 394 383 369 364 372 340 343 371 375 376 345 332 360 356 353 360 358 366 374 380 381 383 386 383 385 384 382 380 381 375 374 375 370
