trunk/EcoCrop/data/climate/tmax_2.asc
NCOLS 660 
NROWS 360 
XLLCORNER -20 
YLLCORNER -30 
CELLSIZE 0.1666667 
NODATA_value -3.4e+38 
[rows 90 to 119 of 360, columns 207 to 275 of 660]
324 325 328 330 331 333 335 338 340 341 342 343 344 347 347 349 350 350 350 351 351 351 352 352 351 352 352 353 354 353 354 354 355 355 354 354 353 353 352 350 347 344 337 330 320 320 320 321 322 323 319 318 316 315 313 310 308 302 302 302 295 301 301 295 289 297 301 297 298
326 327 328 331 333 335 338 340 341 344 346 348 348 350 351 351 351 352 352 353 353 354 353 354 354 355 355 355 356 356 357 357 357 357 357 356 355 355 353 350 342 347 336 328 324 322 320 321 323 322 322 321 318 317 315 312 311 307 303 300 299 293 298 290 295 301 301 297 290
327 328 331 333 335 337 341 343 345 346 349 350 351 352 353 355 354 354 355 355 356 356 357 356 357 357 358 357 358 358 359 360 360 359 359 358 359 357 355 353 349 340 334 330 327 323 323 324 324 324 323 321 318 318 317 314 312 309 305 298 296 291 289 292 300 302 297 285 303
328 330 333 335 338 341 344 345 347 350 351 352 354 356 356 356 357 357 357 358 358 359 358 358 358 359 360 360 360 361 362 361 362 362 362 361 361 359 350 352 340 333 331 329 326 323 320 324 327 327 325 325 323 321 319 315 313 309 302 285 289 286 289 296 298 298 296 296 301
330 332 334 338 340 343 346 349 350 353 354 356 357 358 359 359 359 359 359 360 359 360 359 360 360 361 361 362 362 363 363 364 364 364 364 364 363 359 358 346 340 340 338 334 331 319 321 325 324 326 327 328 325 325 322 318 314 310 291 291 292 294 298 292 299 299 300 302 310
333 334 336 339 343 346 349 351 354 355 358 359 360 361 361 361 361 362 362 362 362 361 361 362 362 362 363 364 365 365 366 367 366 366 365 365 364 357 353 352 347 346 340 337 332 330 322 324 327 331 331 330 328 325 323 320 316 311 301 292 292 302 304 299 306 303 308 312 311
334 335 339 341 344 348 352 355 357 359 360 362 362 363 364 364 364 364 364 364 364 363 363 364 364 364 365 366 366 368 367 368 367 367 367 367 366 363 361 356 351 347 346 344 336 335 326 327 330 333 334 331 330 328 321 318 317 308 301 296 301 312 314 312 313 311 311 313 315
335 338 340 344 346 351 354 357 360 361 363 364 365 365 366 366 366 366 366 366 364 365 365 364 364 366 367 368 369 369 370 371 370 370 369 369 362 365 363 356 356 353 349 346 340 333 332 332 334 335 335 335 332 330 325 322 318 312 297 292 310 312 320 320 321 319 314 317 317
336 339 342 346 350 354 357 359 363 364 366 366 366 367 367 367 367 366 367 366 367 366 366 366 366 367 368 370 370 371 371 372 371 371 370 370 369 367 363 360 358 356 352 343 342 341 342 336 338 338 338 337 333 332 329 324 319 313 304 299 309 318 321 323 324 325 316 324 325
338 340 345 349 353 356 359 364 365 366 367 368 368 369 369 369 369 369 369 368 368 367 367 367 368 369 370 371 372 372 373 373 372 371 371 369 369 365 363 359 361 358 355 350 339 341 347 342 338 339 340 342 340 335 328 326 320 314 304 280 301 315 320 322 327 327 328 327 328
340 343 346 351 354 359 362 365 367 369 369 369 370 370 371 372 371 371 371 371 369 368 369 369 369 371 372 372 374 374 375 374 374 373 372 370 369 367 361 364 363 361 354 350 348 345 346 343 336 343 345 345 341 336 330 326 319 312 299 281 299 312 320 325 327 330 331 329 328
343 345 350 353 357 361 365 369 369 370 371 371 372 372 372 373 373 372 372 372 371 370 370 371 372 372 373 374 374 374 374 375 373 372 372 371 370 366 364 365 365 362 361 355 354 348 346 343 340 348 350 349 344 339 340 333 327 314 284 258 294 320 323 327 331 332 332 332 330
344 348 351 355 358 362 367 370 371 372 373 373 373 374 374 374 374 374 374 374 373 372 373 372 373 374 375 375 375 373 375 374 373 371 371 371 370 368 366 366 366 364 363 357 355 350 343 346 349 352 354 352 348 349 342 336 328 313 250 267 308 323 329 331 333 333 334 334 333
346 349 353 356 360 364 366 369 370 372 373 373 374 374 375 375 374 375 375 375 375 374 374 374 375 375 376 375 375 375 375 373 371 372 370 371 370 369 368 367 364 363 360 356 358 353 348 348 354 355 354 346 348 341 337 333 325 318 313 303 315 322 328 331 334 336 337 336 335
347 351 354 357 361 364 367 369 371 371 373 373 370 375 375 375 376 376 376 376 376 375 375 376 377 376 377 376 376 376 374 373 372 372 372 370 370 370 368 367 362 361 358 360 359 359 360 358 357 357 343 338 346 342 332 324 320 321 320 320 323 326 333 336 339 340 341 340 339
348 352 355 359 361 364 366 368 370 372 373 373 374 374 375 376 376 376 376 375 375 374 376 375 378 377 377 376 375 374 369 371 372 371 371 370 370 369 368 365 364 363 362 363 362 357 356 362 359 360 356 351 352 344 324 321 324 325 324 327 329 334 339 343 343 344 344 343 340
350 352 355 359 361 364 366 368 370 372 373 373 374 376 376 376 376 377 375 375 375 376 375 376 379 379 369 374 373 371 373 373 372 373 371 371 370 368 363 366 365 364 365 365 362 360 361 362 360 361 360 356 349 337 325 333 336 333 332 335 338 343 344 345 348 348 347 344 343
351 353 355 359 362 365 366 368 369 371 372 373 374 375 375 376 376 375 376 376 375 373 367 373 377 375 357 372 371 370 372 373 373 374 373 372 372 370 365 368 367 367 368 366 363 365 362 362 364 362 358 355 350 345 333 341 340 342 342 342 346 350 354 354 353 350 349 347 344
353 354 356 359 361 364 365 367 369 370 372 373 374 374 375 375 376 376 376 375 374 375 369 370 373 366 369 369 370 370 371 372 373 374 373 373 374 374 372 370 368 369 369 367 367 367 364 362 363 362 359 358 353 346 347 347 347 347 348 348 352 355 356 356 355 353 351 348 345
354 355 357 360 361 364 365 367 368 369 371 372 374 374 375 376 375 376 376 375 373 373 370 368 366 369 367 365 368 370 371 372 374 373 375 374 375 375 373 372 372 371 370 369 368 367 356 360 361 361 358 355 352 348 351 352 352 352 353 354 355 356 357 356 355 355 352 350 347
355 357 359 361 363 365 365 366 368 369 370 372 373 373 375 375 376 377 375 375 373 371 368 368 368 368 368 363 365 368 370 374 375 375 377 377 377 377 375 374 374 373 373 371 371 370 368 364 358 357 359 359 357 353 353 355 356 356 356 357 358 357 359 360 359 356 354 351 348
357 357 359 362 364 364 365 366 368 369 370 372 373 374 375 376 376 375 375 375 373 372 366 369 369 369 366 365 359 367 370 374 376 377 379 379 378 377 377 376 375 375 374 372 371 371 369 366 362 362 362 360 360 358 359 359 359 360 359 360 359 358 361 361 360 358 355 352 350
358 359 360 362 363 365 365 366 367 370 370 372 374 375 376 377 377 376 376 374 373 371 364 365 361 368 368 369 368 369 373 375 378 379 380 380 380 378 378 377 377 375 376 374 374 373 372 371 367 366 365 366 363 363 362 362 361 361 362 362 362 362 362 362 361 358 356 353 351
359 360 362 363 364 365 366 367 369 370 371 373 375 376 377 377 377 376 376 374 362 373 370 371 370 369 368 369 369 372 374 377 379 381 382 383 381 380 379 379 377 377 376 376 376 374 372 372 371 369 368 367 365 365 364 364 364 363 362 363 363 363 363 362 361 360 357 355 353
360 361 362 363 364 365 367 367 369 370 372 373 375 377 378 378 378 377 377 375 374 372 371 371 370 372 372 369 371 372 374 377 379 382 383 382 382 381 381 379 379 378 377 376 376 375 374 373 371 370 370 368 364 365 365 367 365 364 364 364 364 364 363 362 361 360 359 357 355
360 361 363 363 365 365 367 368 370 371 372 374 376 378 379 379 378 378 377 376 370 374 374 373 372 373 371 372 374 373 375 377 380 382 382 382 382 382 381 381 379 379 378 378 376 376 375 373 371 369 366 365 367 368 368 367 366 365 365 365 365 364 364 363 362 361 359 358 357
361 362 362 364 365 365 367 368 369 370 373 374 377 380 380 380 379 379 378 377 376 375 375 373 375 374 372 374 375 373 377 378 380 381 382 382 382 382 381 381 380 380 379 378 378 377 375 371 373 372 369 369 369 370 368 367 367 366 367 366 365 365 364 364 363 362 361 360 359
360 362 363 363 364 366 366 368 370 371 373 375 377 381 381 380 381 380 379 378 378 376 377 376 376 374 373 374 376 376 378 379 380 381 382 383 382 382 381 381 381 380 380 379 378 378 375 375 375 372 371 371 371 370 370 368 368 367 366 367 366 366 366 365 364 363 362 360 359
357 361 362 362 363 365 367 367 369 372 373 375 377 380 380 380 380 380 379 379 379 379 378 377 376 375 373 376 377 377 379 379 380 381 382 381 382 383 382 381 381 380 380 379 378 378 376 376 371 372 372 370 370 368 368 368 368 366 366 366 366 367 366 365 364 363 363 362 361
358 360 362 362 364 364 366 368 370 371 373 376 378 378 380 380 380 380 381 379 379 379 378 378 377 377 377 377 377 378 378 379 380 380 382 381 382 383 382 382 382 379 380 379 379 377 377 376 375 371 372 372 371 370 368 368 367 364 363 365 365 365 365 366 365 363 364 363 362
