trunk/EcoCrop/data/climate/tmax_3.asc
NCOLS 660 
NROWS 360 
XLLCORNER -20 
YLLCORNER -30 
CELLSIZE 0.1666667 
NODATA_value -3.4e+38 
[rows 60 to 89 of 360, columns 207 to 275 of 660]
314 314 313 311 311 309 309 308 304 302 305 301 300 303 303 302 292 282 295 252 283 293 273 222 193 258 290 300 304 295 300 303 307 307 307 309 310 310 309 311 308 312 311 310 310 307 307 306 309 302 299 300 303 302 297 301 304 298 300 298 299 299 306 305 304 306 308 308 308
316 315 315 314 313 310 311 309 303 306 308 303 303 306 308 303 301 294 280 296 301 297 293 239 211 269 282 299 307 307 309 306 308 312 310 311 312 313 311 311 314 311 308 308 305 308 308 306 301 301 301 301 304 306 301 306 304 304 300 301 304 304 306 307 309 309 308 310 311
318 317 316 314 313 315 313 312 310 312 309 307 308 310 309 306 306 304 296 290 304 301 300 292 285 295 303 307 312 312 316 313 309 312 312 315 314 314 314 316 315 314 308 306 308 309 312 303 306 302 301 308 309 304 306 305 306 303 304 305 308 307 308 311 312 312 313 313 313
319 317 316 316 317 314 315 313 313 313 310 310 313 313 309 309 310 306 307 307 309 307 306 307 309 304 307 310 313 318 315 317 312 314 316 316 316 318 317 318 316 312 310 308 308 307 307 308 310 303 306 307 308 304 305 304 305 305 307 311 309 311 311 313 314 314 315 315 315
319 318 318 318 319 318 316 316 317 315 316 313 317 314 313 309 314 311 313 312 304 309 309 315 315 314 306 310 306 320 320 318 319 319 316 318 317 316 320 319 313 312 311 318 318 310 315 312 306 306 305 314 308 305 305 306 307 307 309 311 312 316 316 316 317 317 317 317 319
319 321 321 320 319 320 319 320 322 320 320 320 320 318 317 315 316 314 315 312 314 314 313 318 320 321 309 317 311 316 322 316 321 322 323 324 321 321 322 322 322 322 322 319 317 308 311 317 317 312 317 303 306 305 308 308 308 310 311 314 317 317 318 319 319 319 320 321 321
321 322 322 322 323 323 323 324 324 323 322 322 323 323 322 319 319 318 318 319 319 319 320 322 323 324 322 317 321 322 325 324 326 324 324 327 326 328 330 324 321 326 325 325 323 319 322 323 318 319 314 316 304 305 307 309 311 312 314 317 319 320 320 322 322 322 323 323 322
325 324 324 324 325 325 326 327 326 325 324 324 324 324 324 322 322 321 322 321 322 323 322 323 326 329 329 326 325 327 326 327 327 327 328 325 325 325 327 326 327 327 328 329 326 327 324 325 322 320 312 311 307 307 307 307 309 312 316 317 320 322 323 323 325 325 324 324 323
325 325 325 326 326 328 331 331 329 327 328 328 328 326 327 326 325 325 325 324 323 324 325 328 328 330 330 328 329 328 330 329 330 329 329 332 332 327 327 328 323 325 329 328 327 327 325 324 318 321 313 318 305 305 308 310 321 312 321 321 322 324 325 327 327 327 326 327 326
327 328 327 329 329 330 332 333 330 331 332 331 332 331 332 331 332 328 328 328 327 327 327 329 328 332 330 331 330 329 331 330 332 333 333 336 332 337 329 332 321 329 329 329 329 328 327 327 328 327 326 324 318 324 325 323 323 324 322 321 324 326 327 328 328 329 329 328 327
328 329 330 330 331 332 334 335 335 335 334 334 334 333 334 334 333 332 331 332 331 331 332 330 335 330 334 331 331 333 333 334 333 334 335 336 334 335 335 335 334 335 336 336 333 333 334 333 333 330 330 329 330 327 327 325 324 320 320 323 327 328 328 329 329 330 330 329 330
330 330 331 332 334 335 336 337 338 337 337 337 336 337 336 336 337 336 335 334 333 334 336 340 339 337 335 332 335 335 336 335 337 337 338 338 338 338 336 339 338 338 338 337 338 338 337 337 336 335 333 335 333 330 328 320 322 321 323 327 329 329 330 331 331 331 331 331 331
331 332 333 335 335 337 338 339 339 340 340 340 339 340 340 340 339 339 338 337 337 337 338 338 343 342 341 339 336 337 338 339 341 340 341 342 343 339 340 337 338 339 339 341 341 341 340 340 339 337 337 335 333 331 323 321 324 326 328 329 330 332 332 332 332 333 332 332 333
334 335 336 337 339 340 340 341 342 342 343 343 343 342 343 346 346 341 341 341 341 341 341 341 342 344 343 343 339 340 341 342 342 343 344 343 346 345 344 339 334 335 338 338 335 338 338 338 337 330 330 328 317 317 319 318 320 325 329 332 333 333 333 333 333 333 333 333 334
336 337 339 339 341 342 343 344 345 346 346 347 348 348 349 350 351 350 350 344 345 345 346 345 345 344 344 344 346 344 345 345 346 347 346 348 347 347 349 347 333 327 329 338 326 331 321 325 327 321 313 316 318 318 319 322 327 331 332 334 334 335 335 335 334 334 334 334 333
338 340 341 343 345 346 347 348 349 349 350 350 351 352 352 353 353 354 352 351 351 352 351 350 351 349 349 349 350 350 347 349 349 349 351 351 351 352 352 350 349 336 333 331 324 321 321 314 321 321 315 315 316 317 320 324 328 332 335 335 335 336 336 337 336 336 336 335 337
342 343 345 347 348 349 351 352 351 353 353 353 354 355 356 356 356 356 357 356 356 357 356 356 355 354 355 355 353 353 351 351 352 352 354 354 355 355 354 354 355 349 353 342 326 319 317 318 319 315 318 312 319 322 324 327 332 336 337 338 337 338 338 338 337 337 337 337 338
344 346 347 348 351 352 354 354 355 356 357 356 357 357 359 360 360 359 360 360 360 359 360 360 359 358 357 356 355 354 353 354 355 356 357 358 358 358 359 359 360 357 361 350 346 328 325 321 321 320 320 322 318 325 327 329 336 338 339 339 340 339 339 339 339 339 338 340 339
347 349 349 351 353 354 356 357 358 359 359 359 359 360 361 362 362 362 363 363 363 363 362 362 362 360 358 358 359 357 357 357 358 359 358 360 360 362 361 364 364 365 356 353 340 346 332 328 325 323 326 323 322 331 332 334 339 341 340 341 341 340 340 339 340 340 341 339 338
350 350 352 353 354 356 358 360 360 361 362 362 363 364 363 364 365 365 365 365 365 365 365 363 362 361 361 361 360 359 360 360 361 360 362 362 362 364 364 365 366 367 367 366 363 347 355 343 329 331 325 324 330 335 342 342 342 342 342 342 342 342 342 341 341 341 339 338 338
351 353 353 356 357 357 360 361 362 363 365 365 365 366 366 367 367 368 367 367 367 367 365 365 364 364 364 362 361 362 362 364 363 364 364 364 364 365 367 366 369 369 368 365 363 361 356 349 332 329 334 334 339 343 344 344 344 344 344 344 343 343 343 342 342 339 338 336 340
354 354 356 357 358 360 361 362 363 364 366 365 368 368 367 368 369 369 368 369 369 368 368 366 366 366 365 364 364 366 365 366 366 366 366 368 368 368 369 368 368 368 369 366 364 356 356 345 344 330 332 338 339 341 344 345 346 345 344 344 344 343 344 344 341 338 335 338 338
355 357 358 359 361 363 364 365 365 366 367 367 368 368 368 369 369 370 371 371 371 370 370 371 369 368 368 367 367 368 368 368 368 368 368 370 370 369 370 370 369 369 368 366 364 354 350 353 346 330 337 340 339 342 345 346 345 343 344 344 344 344 345 340 339 336 337 339 339
356 358 360 361 362 364 365 367 367 368 369 370 368 368 369 370 371 371 372 372 371 372 371 371 372 371 369 370 370 370 370 371 370 371 371 371 372 372 371 370 370 370 368 366 361 361 360 353 341 345 338 340 344 343 343 340 341 339 342 345 345 345 345 342 337 336 338 338 333
358 359 361 362 364 365 367 368 369 371 370 372 372 371 372 372 372 372 373 373 373 374 374 375 375 373 372 372 372 373 373 373 374 373 374 374 374 374 372 373 372 370 367 367 364 362 359 355 349 348 347 347 345 347 343 342 342 341 346 347 342 338 341 336 335 329 338 338 325
361 362 362 364 366 367 368 369 371 372 373 375 374 374 375 375 375 374 375 376 376 377 377 377 377 375 375 375 375 375 375 375 376 376 376 376 376 376 374 375 373 371 371 364 363 360 356 348 347 351 350 352 350 350 350 350 349 345 349 347 344 341 337 337 338 331 324 323 331
362 362 364 365 367 368 370 371 372 374 374 376 376 377 377 377 377 378 378 379 378 379 380 380 378 377 377 378 378 377 377 378 378 378 378 378 378 377 377 375 373 372 370 368 363 347 345 346 348 351 353 351 348 350 347 347 348 345 345 341 343 342 336 341 340 335 322 322 336
363 365 364 367 369 370 371 373 374 376 377 377 378 379 379 379 380 381 380 381 381 381 381 381 380 379 379 380 380 380 380 380 380 380 381 379 379 379 377 377 374 373 369 351 359 350 345 350 352 354 354 352 348 351 349 346 341 348 345 343 345 338 338 332 335 328 324 332 336
364 364 367 369 370 373 373 376 376 377 378 379 380 381 381 382 382 383 384 383 383 384 384 383 382 382 383 382 383 383 382 382 382 382 382 381 381 380 379 378 376 374 370 362 348 347 347 350 353 352 352 353 351 349 349 343 338 342 342 344 340 341 333 337 321 325 335 340 341
364 366 368 370 371 374 375 377 379 380 381 382 383 384 384 385 384 385 385 386 386 386 385 385 384 384 384 385 385 385 385 384 384 384 383 384 383 381 379 377 377 370 371 364 351 351 352 353 351 353 354 352 352 350 348 345 342 337 340 344 335 338 341 336 327 333 340 337 335
