trunk/EcoCrop/data/climate/tmax_11.asc
NCOLS 660 
NROWS 360 
XLLCORNER -20 
YLLCORNER -30 
CELLSIZE 0.1666667 
NODATA_value -3.4e+38 
[rows 90 to 119 of 360, columns 0 to 68 of 660]
-3.4e+38 -3.4e+38 -3.4e+38 -3.4e+38 -3.4e+38 -3.4e+38 -3.4e+38 -3.4e+38 -3.4e+38 -3.4e+38 -3.4e+38 -3.4e+38 -3.4e+38 -3.4e+38 -3.4e+38 -3.4e+38 -3.4e+38 327 330 339 344 348 352 353 354 354 357 358 359 360 360 360 362 360 360 360 360 360 360 360 358 357 359 360 361 361 364 364 366 367 366 363 362 366 364 364 353 355 357 353 357 357 357 355 353 352 352 354 354
-3.4e+38 -3.4e+38 -3.4e+38 -3.4e+38 -3.4e+38 -3.4e+38 -3.4e+38 -3.4e+38 -3.4e+38 -3.4e+38 -3.4e+38 -3.4e+38 -3.4e+38 -3.4e+38 -3.4e+38 308 319 327 334 342 349 353 358 358 356 357 358 358 358 359 359 360 359 359 360 359 359 359 358 357 358 357 357 356 360 362 366 368 369 368 366 363 361 366 366 352 354 352 354 355 354 355 356 353 352 351 353 355 352
-3.4e+38 -3.4e+38 -3.4e+38 -3.4e+38 -3.4e+38 -3.4e+38 -3.4e+38 -3.4e+38 -3.4e+38 -3.4e+38 -3.4e+38 -3.4e+38 -3.4e+38 -3.4e+38 -3.4e+38 -3.4e+38 -3.4e+38 328 337 344 349 355 361 360 359 358 358 357 356 357 357 357 357 357 358 358 358 358 358 357 355 355 355 356 358 360 364 366 369 371 366 364 366 366 366 362 357 356 352 349 356 355 352 353 354 354 353 355 355
-3.4e+38 -3.4e+38 -3.4e+38 -3.4e+38 -3.4e+38 -3.4e+38 -3.4e+38 -3.4e+38 -3.4e+38 -3.4e+38 -3.4e+38 -3.4e+38 -3.4e+38 -3.4e+38 -3.4e+38 -3.4e+38 -3.4e+38 -3.4e+38 338 344 350 355 359 360 360 359 356 355 355 356 355 357 356 357 356 357 357 357 357 356 356 356 356 357 357 361 364 365 366 365 363 365 366 366 365 347 357 354 354 354 354 351 353 351 353 354 355 353 354
-3.4e+38 -3.4e+38 -3.4e+38 -3.4e+38 -3.4e+38 -3.4e+38 -3.4e+38 -3.4e+38 -3.4e+38 -3.4e+38 -3.4e+38 -3.4e+38 -3.4e+38 -3.4e+38 -3.4e+38 -3.4e+38 -3.4e+38 -3.4e+38 -3.4e+38 343 349 354 359 363 362 359 355 354 353 356 355 355 354 354 355 356 357 357 357 357 356 357 357 357 357 359 363 363 363 360 353 351 367 363 364 355 352 352 347 355 355 352 353 349 351 353 353 354 353
-3.4e+38 -3.4e+38 -3.4e+38 -3.4e+38 -3.4e+38 -3.4e+38 -3.4e+38 -3.4e+38 -3.4e+38 -3.4e+38 -3.4e+38 -3.4e+38 -3.4e+38 -3.4e+38 -3.4e+38 -3.4e+38 -3.4e+38 -3.4e+38 -3.4e+38 342 349 353 359 363 360 356 354 351 352 352 351 351 352 352 353 353 356 356 357 358 357 357 357 359 359 358 361 361 360 360 353 357 368 360 360 357 355 349 341 356 352 352 351 350 352 352 354 353 352
-3.4e+38 -3.4e+38 -3.4e+38 -3.4e+38 -3.4e+38 -3.4e+38 -3.4e+38 -3.4e+38 -3.4e+38 -3.4e+38 -3.4e+38 -3.4e+38 -3.4e+38 -3.4e+38 -3.4e+38 -3.4e+38 -3.4e+38 -3.4e+38 -3.4e+38 -3.4e+38 346 352 355 356 354 352 352 352 351 351 351 350 350 350 351 353 354 356 359 358 356 357 358 357 355 358 360 360 360 359 354 360 359 366 366 363 352 346 346 355 350 351 349 347 350 351 351 352 351
-3.4e+38 -3.4e+38 -3.4e+38 -3.4e+38 -3.4e+38 -3.4e+38 -3.4e+38 -3.4e+38 -3.4e+38 -3.4e+38 -3.4e+38 -3.4e+38 -3.4e+38 -3.4e+38 -3.4e+38 -3.4e+38 -3.4e+38 -3.4e+38 -3.4e+38 -3.4e+38 345 348 350 351 347 347 350 350 351 353 351 352 350 348 349 349 352 355 355 356 355 356 355 357 356 353 358 361 355 358 357 352 354 361 363 363 352 356 354 353 351 347 348 351 349 347 349 347 348
-3.4e+38 -3.4e+38 -3.4e+38 -3.4e+38 -3.4e+38 -3.4e+38 -3.4e+38 -3.4e+38 -3.4e+38 -3.4e+38 -3.4e+38 -3.4e+38 -3.4e+38 -3.4e+38 -3.4e+38 -3.4e+38 -3.4e+38 -3.4e+38 -3.4e+38 -3.4e+38 -3.4e+38 345 350 349 344 348 350 351 350 350 355 352 348 346 345 346 349 351 352 355 356 355 354 356 352 352 357 354 357 358 357 343 350 355 359 359 357 346 335 352 347 346 342 349 343 345 346 346 347
-3.4e+38 -3.4e+38 -3.4e+38 -3.4e+38 -3.4e+38 -3.4e+38 -3.4e+38 -3.4e+38 -3.4e+38 -3.4e+38 -3.4e+38 -3.4e+38 -3.4e+38 -3.4e+38 -3.4e+38 -3.4e+38 -3.4e+38 -3.4e+38 -3.4e+38 -3.4e+38 -3.4e+38 341 349 -3.4e+38 343 346 349 348 348 349 352 348 345 342 344 346 344 347 348 352 355 355 354 353 350 352 355 352 356 357 355 356 342 353 355 357 356 339 338 344 346 346 341 344 343 342 343 342 342
-3.4e+38 -3.4e+38 -3.4e+38 -3.4e+38 -3.4e+38 -3.4e+38 -3.4e+38 -3.4e+38 -3.4e+38 -3.4e+38 -3.4e+38 -3.4e+38 -3.4e+38 -3.4e+38 -3.4e+38 -3.4e+38 -3.4e+38 -3.4e+38 -3.4e+38 322 328 337 340 341 342 344 346 345 346 346 344 344 342 338 340 342 342 341 347 349 352 352 350 350 349 350 351 348 354 354 355 353 349 342 351 351 352 345 343 341 338 344 344 343 343 343 340 337 341
-3.4e+38 -3.4e+38 -3.4e+38 -3.4e+38 -3.4e+38 -3.4e+38 -3.4e+38 -3.4e+38 -3.4e+38 -3.4e+38 -3.4e+38 -3.4e+38 -3.4e+38 -3.4e+38 -3.4e+38 -3.4e+38 -3.4e+38 -3.4e+38 -3.4e+38 324 328 333 338 339 340 339 341 342 341 341 340 340 339 337 338 339 338 340 345 345 346 350 349 352 348 351 347 346 350 352 349 353 349 337 347 350 339 349 347 340 340 344 342 340 344 340 340 340 342
-3.4e+38 -3.4e+38 -3.4e+38 -3.4e+38 -3.4e+38 -3.4e+38 -3.4e+38 -3.4e+38 -3.4e+38 -3.4e+38 -3.4e+38 -3.4e+38 -3.4e+38 -3.4e+38 -3.4e+38 -3.4e+38 -3.4e+38 -3.4e+38 -3.4e+38 326 330 332 336 338 340 339 339 340 339 336 338 337 334 334 334 337 336 337 339 342 344 344 344 344 346 345 346 345 347 348 347 349 348 333 336 338 343 340 344 345 341 343 344 342 345 341 343 342 344
-3.4e+38 -3.4e+38 -3.4e+38 -3.4e+38 -3.4e+38 -3.4e+38 -3.4e+38 -3.4e+38 -3.4e+38 -3.4e+38 -3.4e+38 -3.4e+38 -3.4e+38 -3.4e+38 -3.4e+38 -3.4e+38 -3.4e+38 -3.4e+38 -3.4e+38 327 330 333 337 338 335 337 336 335 333 335 334 332 333 330 330 330 333 335 337 339 340 342 347 346 348 345 347 347 348 345 349 348 346 317 335 343 341 336 345 345 343 343 346 348 345 343 339 342 347
-3.4e+38 -3.4e+38 -3.4e+38 -3.4e+38 -3.4e+38 -3.4e+38 -3.4e+38 -3.4e+38 -3.4e+38 -3.4e+38 -3.4e+38 -3.4e+38 -3.4e+38 -3.4e+38 -3.4e+38 -3.4e+38 -3.4e+38 -3.4e+38 -3.4e+38 327 331 -3.4e+38 335 335 336 334 334 332 331 331 330 331 327 329 327 328 329 331 334 332 339 342 339 344 346 339 345 347 345 344 346 349 343 342 341 335 335 335 345 338 343 341 344 343 348 345 341 346 348
-3.4e+38 -3.4e+38 -3.4e+38 -3.4e+38 -3.4e+38 -3.4e+38 -3.4e+38 -3.4e+38 -3.4e+38 -3.4e+38 -3.4e+38 -3.4e+38 -3.4e+38 -3.4e+38 -3.4e+38 -3.4e+38 -3.4e+38 -3.4e+38 -3.4e+38 325 330 332 330 332 330 329 329 330 328 329 328 327 327 326 322 325 326 330 331 335 337 338 329 337 340 343 337 325 327 336 338 345 344 344 343 318 331 339 334 332 331 331 336 346 346 345 343 339 345
-3.4e+38 -3.4e+38 -3.4e+38 -3.4e+38 -3.4e+38 -3.4e+38 -3.4e+38 -3.4e+38 -3.4e+38 -3.4e+38 -3.4e+38 -3.4e+38 -3.4e+38 -3.4e+38 -3.4e+38 -3.4e+38 -3.4e+38 -3.4e+38 -3.4e+38 -3.4e+38 -3.4e+38 329 -3.4e+38 328 328 327 326 323 324 325 327 327 326 321 320 321 326 328 332 334 336 336 331 319 329 317 327 339 295 337 333 335 325 343 343 321 324 329 341 331 338 338 336 347 348 350 350 332 349
-3.4e+38 -3.4e+38 -3.4e+38 -3.4e+38 -3.4e+38 -3.4e+38 -3.4e+38 -3.4e+38 -3.4e+38 -3.4e+38 -3.4e+38 -3.4e+38 -3.4e+38 -3.4e+38 -3.4e+38 -3.4e+38 -3.4e+38 -3.4e+38 -3.4e+38 -3.4e+38 -3.4e+38 -3.4e+38 325 324 323 322 322 321 320 321 324 325 325 323 321 323 325 329 327 332 334 330 334 313 309 303 248 319 320 319 315 324 316 341 342 308 337 342 336 331 339 335 338 343 347 350 351 350 351
-3.4e+38 -3.4e+38 -3.4e+38 -3.4e+38 -3.4e+38 -3.4e+38 -3.4e+38 -3.4e+38 -3.4e+38 -3.4e+38 -3.4e+38 -3.4e+38 -3.4e+38 -3.4e+38 -3.4e+38 -3.4e+38 -3.4e+38 -3.4e+38 -3.4e+38 -3.4e+38 -3.4e+38 -3.4e+38 323 322 -3.4e+38 319 317 -3.4e+38 -3.4e+38 318 318 320 321 322 323 324 323 329 324 333 336 336 315 331 312 307 283 317 314 334 312 324 325 317 326 317 328 333 322 334 334 329 325 345 347 348 348 348 351
-3.4e+38 -3.4e+38 -3.4e+38 -3.4e+38 -3.4e+38 -3.4e+38 -3.4e+38 -3.4e+38 -3.4e+38 -3.4e+38 -3.4e+38 -3.4e+38 -3.4e+38 -3.4e+38 -3.4e+38 -3.4e+38 -3.4e+38 -3.4e+38 -3.4e+38 -3.4e+38 -3.4e+38 -3.4e+38 -3.4e+38 -3.4e+38 -3.4e+38 -3.4e+38 -3.4e+38 315 314 314 315 318 320 323 322 321 326 324 325 331 335 335 330 327 313 292 284 286 304 307 317 317 312 316 316 335 318 333 336 332 318 319 344 344 347 344 348 349 351
-3.4e+38 -3.4e+38 -3.4e+38 -3.4e+38 -3.4e+38 -3.4e+38 -3.4e+38 -3.4e+38 -3.4e+38 -3.4e+38 -3.4e+38 -3.4e+38 -3.4e+38 -3.4e+38 -3.4e+38 -3.4e+38 -3.4e+38 -3.4e+38 -3.4e+38 -3.4e+38 -3.4e+38 -3.4e+38 314 -3.4e+38 315 -3.4e+38 -3.4e+38 -3.4e+38 312 -3.4e+38 310 316 322 325 330 328 330 321 325 327 332 335 295 300 278 271 288 300 287 309 299 305 302 330 331 320 330 336 335 339 338 340 341 339 343 348 349 352 350
-3.4e+38 -3.4e+38 -3.4e+38 -3.4e+38 -3.4e+38 -3.4e+38 -3.4e+38 -3.4e+38 -3.4e+38 -3.4e+38 -3.4e+38 -3.4e+38 -3.4e+38 -3.4e+38 -3.4e+38 -3.4e+38 -3.4e+38 -3.4e+38 -3.4e+38 -3.4e+38 -3.4e+38 -3.4e+38 -3.4e+38 314 -3.4e+38 -3.4e+38 -3.4e+38 314 312 310 314 319 325 330 332 321 333 325 322 311 331 332 296 266 292 271 269 288 292 290 302 292 306 303 330 308 333 335 340 339 341 342 342 343 340 352 350 350 349
-3.4e+38 -3.4e+38 -3.4e+38 -3.4e+38 -3.4e+38 -3.4e+38 -3.4e+38 -3.4e+38 -3.4e+38 -3.4e+38 -3.4e+38 -3.4e+38 -3.4e+38 -3.4e+38 -3.4e+38 -3.4e+38 -3.4e+38 -3.4e+38 -3.4e+38 -3.4e+38 -3.4e+38 -3.4e+38 313 -3.4e+38 -3.4e+38 311 -3.4e+38 316 316 312 318 324 331 331 335 334 334 322 314 321 330 319 316 309 274 269 261 296 299 297 303 305 311 325 331 334 338 337 337 338 340 340 339 339 342 346 348 351 347
-3.4e+38 -3.4e+38 -3.4e+38 -3.4e+38 -3.4e+38 -3.4e+38 -3.4e+38 -3.4e+38 -3.4e+38 -3.4e+38 -3.4e+38 -3.4e+38 -3.4e+38 -3.4e+38 -3.4e+38 -3.4e+38 -3.4e+38 -3.4e+38 -3.4e+38 -3.4e+38 -3.4e+38 -3.4e+38 -3.4e+38 313 312 -3.4e+38 -3.4e+38 -3.4e+38 -3.4e+38 -3.4e+38 328 335 342 342 344 339 338 332 326 312 325 322 270 320 270 282 266 297 300 294 313 294 314 329 322 334 338 337 340 333 340 339 342 343 345 346 346 347 348
-3.4e+38 -3.4e+38 -3.4e+38 -3.4e+38 -3.4e+38 -3.4e+38 -3.4e+38 -3.4e+38 -3.4e+38 -3.4e+38 -3.4e+38 -3.4e+38 -3.4e+38 -3.4e+38 -3.4e+38 -3.4e+38 -3.4e+38 -3.4e+38 -3.4e+38 -3.4e+38 -3.4e+38 -3.4e+38 -3.4e+38 -3.4e+38 -3.4e+38 -3.4e+38 -3.4e+38 -3.4e+38 -3.4e+38 -3.4e+38 336 346 354 353 339 343 336 325 325 313 324 306 325 315 275 283 298 299 282 296 315 297 305 330 308 332 337 339 339 340 337 341 343 343 345 344 345 344 347
-3.4e+38 -3.4e+38 -3.4e+38 -3.4e+38 -3.4e+38 -3.4e+38 -3.4e+38 -3.4e+38 -3.4e+38 -3.4e+38 -3.4e+38 -3.4e+38 -3.4e+38 -3.4e+38 -3.4e+38 -3.4e+38 -3.4e+38 -3.4e+38 -3.4e+38 -3.4e+38 -3.4e+38 -3.4e+38 -3.4e+38 -3.4e+38 -3.4e+38 -3.4e+38 -3.4e+38 -3.4e+38 -3.4e+38 -3.4e+38 -3.4e+38 351 -3.4e+38 360 356 349 338 336 339 316 319 317 323 326 314 303 270 291 290 305 299 305 304 329 321 311 337 340 340 340 341 341 344 344 344 343 342 343 343
-3.4e+38 -3.4e+38 -3.4e+38 -3.4e+38 -3.4e+38 -3.4e+38 -3.4e+38 -3.4e+38 -3.4e+38 -3.4e+38 -3.4e+38 -3.4e+38 -3.4e+38 -3.4e+38 -3.4e+38 -3.4e+38 -3.4e+38 -3.4e+38 -3.4e+38 -3.4e+38 -3.4e+38 -3.4e+38 -3.4e+38 -3.4e+38 -3.4e+38 -3.4e+38 -3.4e+38 -3.4e+38 -3.4e+38 -3.4e+38 -3.4e+38 -3.4e+38 359 361 355 342 344 343 340 336 327 308 322 323 312 295 280 301 292 305 305 284 304 325 328 338 339 340 341 344 342 343 343 342 344 343 343 344 345
-3.4e+38 -3.4e+38 -3.4e+38 -3.4e+38 -3.4e+38 -3.4e+38 -3.4e+38 -3.4e+38 -3.4e+38 -3.4e+38 -3.4e+38 -3.4e+38 -3.4e+38 -3.4e+38 -3.4e+38 -3.4e+38 -3.4e+38 -3.4e+38 -3.4e+38 -3.4e+38 -3.4e+38 -3.4e+38 -3.4e+38 -3.4e+38 -3.4e+38 -3.4e+38 -3.4e+38 -3.4e+38 -3.4e+38 -3.4e+38 -3.4e+38 -3.4e+38 -3.4e+38 359 349 356 347 345 335 324 328 325 323 305 316 310 304 296 280 313 302 298 304 324 329 335 342 343 343 345 341 344 341 340 342 340 341 341 343
-3.4e+38 -3.4e+38 -3.4e+38 -3.4e+38 -3.4e+38 -3.4e+38 -3.4e+38 -3.4e+38 -3.4e+38 -3.4e+38 -3.4e+38 -3.4e+38 -3.4e+38 -3.4e+38 -3.4e+38 -3.4e+38 -3.4e+38 -3.4e+38 -3.4e+38 -3.4e+38 -3.4e+38 -3.4e+38 -3.4e+38 -3.4e+38 -3.4e+38 -3.4e+38 -3.4e+38 -3.4e+38 -3.4e+38 -3.4e+38 -3.4e+38 -3.4e+38 -3.4e+38 358 359 359 357 348 345 341 316 320 317 331 303 307 298 295 282 318 311 316 301 323 329 336 341 342 345 343 343 342 339 340 340 337 338 338 340
-3.4e+38 -3.4e+38 -3.4e+38 -3.4e+38 -3.4e+38 -3.4e+38 -3.4e+38 -3.4e+38 -3.4e+38 -3.4e+38 -3.4e+38 -3.4e+38 -3.4e+38 -3.4e+38 -3.4e+38 -3.4e+38 -3.4e+38 -3.4e+38 -3.4e+38 -3.4e+38 -3.4e+38 -3.4e+38 -3.4e+38 -3.4e+38 -3.4e+38 -3.4e+38 -3.4e+38 -3.4e+38 -3.4e+38 -3.4e+38 -3.4e+38 -3.4e+38 -3.4e+38 -3.4e+38 -3.4e+38 359 354 346 332 326 334 293 295 326 330 332 301 289 317 314 311 317 315 321 329 333 335 339 344 340 343 342 340 339 341 336 336 338 335
