trunk/EcoCrop/data/climate/tmax_4.asc
NCOLS 660 
NROWS 360 
XLLCORNER -20 
YLLCORNER -30 
CELLSIZE 0.1666667 
NODATA_value -3.4e+38 
[rows 0 to 29 of 360, columns 138 to 206 of 660]
297 296 298 301 301 303 304 304 306 307 307 308 308 308 307 305 309 309 309 310 310 311 311 311 311 311 312 314 313 317 314 314 314 314 313 317 318 314 314 312 309 300 303 299 295 284 283 280 279 279 280 279 280 281 282 283 285 286 287 289 290 292 293 293 293 294 294 296 290
296 297 299 302 305 304 303 306 307 308 307 308 307 305 311 307 309 310 310 310 311 312 311 312 312 313 315 316 316 314 316 315 313 317 317 319 318 316 311 310 308 305 304 300 289 286 286 284 282 282 282 282 283 284 284 285 286 288 289 290 291 293 294 295 295 294 293 296 291
297 299 301 303 305 303 304 306 305 306 304 306 309 311 310 310 311 308 311 311 312 313 314 313 313 315 315 317 311 315 317 316 317 315 317 317 316 312 309 306 303 304 296 300 291 289 287 287 287 286 285 285 286 286 287 288 289 291 292 292 293 294 295 295 297 296 298 297 295
298 300 303 304 305 306 305 306 307 307 306 306 307 308 311 308 312 312 312 313 313 313 315 314 314 317 316 313 317 319 318 317 318 315 318 314 311 310 309 307 306 300 296 295 292 291 289 290 288 287 287 287 287 288 289 290 291 292 292 293 294 296 296 296 298 300 298 299 297
299 300 304 304 305 306 305 307 310 313 309 311 310 310 314 313 313 313 314 314 315 314 316 315 316 318 316 319 318 317 317 318 318 317 318 312 311 309 307 306 303 301 298 297 296 293 290 291 290 290 289 289 290 290 291 292 292 292 293 296 296 297 297 297 298 299 299 299 299
301 302 304 305 305 305 305 306 308 308 311 309 311 312 308 314 314 314 315 315 316 316 314 318 318 317 318 320 317 318 318 316 317 319 320 314 310 307 305 304 302 300 299 298 297 296 292 293 292 291 291 291 292 292 293 294 295 295 296 296 298 298 298 298 298 300 299 297 300
302 303 303 305 306 304 306 307 309 310 312 312 313 313 314 315 315 315 316 316 317 316 317 320 318 320 320 319 318 321 315 313 316 316 315 312 310 305 304 302 301 300 299 298 297 295 296 295 294 293 294 295 293 293 294 296 296 297 297 298 298 299 300 298 298 300 297 300 300
302 303 303 305 307 304 305 306 309 310 312 312 313 315 314 315 313 314 316 317 318 317 319 320 320 318 317 318 319 317 316 315 311 312 313 309 310 307 303 302 300 300 300 298 298 297 299 297 298 300 302 295 294 294 297 302 301 301 300 300 301 302 301 300 299 301 299 300 299
305 302 302 305 307 303 304 306 307 311 314 311 313 314 314 315 317 317 319 318 318 319 319 318 320 318 317 317 315 315 317 316 314 314 315 315 308 305 303 302 301 300 303 301 301 302 302 302 301 304 305 306 306 305 307 300 300 302 304 304 303 304 303 303 300 291 301 302 300
305 303 306 305 308 306 304 306 307 310 314 312 314 314 317 317 318 319 318 318 316 315 315 318 317 319 318 317 315 314 319 320 318 318 317 317 314 314 312 309 309 306 305 304 305 303 305 304 305 304 307 306 309 313 314 315 316 317 314 306 305 305 308 307 303 291 298 301 301
302 303 305 304 306 303 305 309 311 315 312 309 313 314 315 317 319 318 317 316 318 316 317 316 317 321 321 321 322 321 322 321 319 321 320 318 314 313 310 308 307 310 307 309 309 307 307 307 307 306 307 308 309 311 312 313 313 315 309 310 307 308 310 309 304 294 294 302 304
299 302 301 305 304 304 310 313 316 315 311 309 312 315 316 319 319 320 320 320 322 322 320 321 319 322 323 320 324 321 322 323 324 321 322 319 317 316 313 312 312 313 314 313 310 311 310 309 309 310 309 310 309 311 312 313 315 316 314 310 310 310 310 307 304 295 299 302 304
316 316 300 310 300 303 313 317 317 313 310 312 313 315 317 319 317 321 321 321 323 323 322 321 324 322 323 321 324 326 325 325 326 323 321 319 318 313 315 313 316 313 314 316 316 312 314 312 313 313 313 311 311 311 313 316 314 315 313 312 311 312 310 311 309 307 304 304 306
320 319 318 315 312 316 317 317 318 318 318 316 312 313 319 317 320 318 320 322 323 325 323 325 324 324 324 324 326 327 326 328 326 326 323 323 325 325 325 323 319 318 318 320 319 318 317 315 316 317 314 314 317 317 316 316 317 320 317 313 316 315 313 314 313 312 312 312 311
324 322 322 322 320 319 319 318 319 319 320 319 317 318 319 319 319 322 323 324 325 327 324 325 326 328 330 328 326 329 330 329 330 327 326 326 326 324 322 322 321 321 321 324 324 322 321 320 320 318 318 318 318 319 318 318 319 321 319 320 317 318 318 319 318 316 317 318 317
326 325 325 324 321 321 320 319 320 320 319 320 320 318 319 321 322 322 324 325 319 321 323 328 328 326 329 330 331 331 332 331 331 331 330 324 326 326 329 325 322 324 325 324 321 320 320 321 320 320 318 317 317 319 321 319 321 320 321 323 324 325 323 325 325 325 324 322 319
327 326 325 328 327 322 322 322 321 320 320 320 320 322 322 320 322 323 325 327 322 326 323 331 330 332 330 330 331 334 334 334 333 332 332 330 330 325 327 325 324 326 326 327 323 323 323 324 322 318 319 320 318 320 321 319 320 322 321 321 320 321 321 322 322 320 321 319 318
328 331 330 330 327 325 324 324 321 321 321 321 321 321 321 323 323 319 328 328 324 328 325 332 332 330 331 332 335 335 334 335 335 335 334 331 332 331 328 327 326 326 328 327 324 324 323 323 321 320 320 321 319 322 321 319 321 319 322 320 320 322 319 322 320 319 320 318 318
335 334 330 332 329 327 325 323 322 321 323 322 322 318 320 323 323 311 329 329 328 324 329 314 320 336 327 330 334 333 335 338 338 336 335 336 333 332 329 325 324 325 325 325 321 322 323 324 322 322 321 322 322 324 320 318 318 322 319 322 324 325 319 319 319 319 319 319 318
337 333 335 334 332 331 328 326 326 327 316 314 320 321 324 322 317 305 321 330 331 326 328 335 332 320 333 332 329 333 336 338 338 338 337 334 333 332 331 328 328 326 326 327 328 324 324 324 322 324 320 320 321 323 320 322 324 323 322 321 323 321 321 317 318 321 319 317 317
335 335 337 334 327 332 330 330 328 329 310 314 310 318 315 302 298 299 321 325 332 325 329 333 332 325 333 338 334 340 337 340 340 339 337 335 334 332 330 331 330 329 325 328 325 325 325 326 322 323 320 323 324 319 325 325 326 326 325 325 325 321 323 320 319 320 320 320 320
337 338 338 324 335 334 334 330 331 330 325 303 317 315 306 305 301 312 313 330 324 334 324 327 327 324 335 317 332 336 340 336 340 339 337 333 333 329 330 331 328 329 327 329 327 324 323 327 322 323 322 324 326 326 326 325 312 315 316 318 319 321 323 323 323 322 322 322 321
338 338 338 327 333 332 333 333 332 317 316 319 321 323 304 312 310 293 305 322 318 326 331 333 308 316 335 311 314 326 330 330 326 325 326 325 324 327 332 328 327 327 328 329 328 326 325 328 325 326 326 325 325 322 309 313 315 317 320 323 323 324 324 324 324 324 324 323 322
339 335 336 321 332 336 335 329 331 314 310 319 321 322 317 315 315 313 311 300 311 297 307 308 311 314 325 333 300 307 314 316 314 318 315 314 315 322 331 325 318 321 324 328 329 328 325 327 327 326 324 321 305 308 312 316 319 321 322 325 326 326 326 327 326 324 324 324 323
338 338 331 322 307 327 331 311 322 312 287 317 321 323 319 296 316 316 316 312 297 311 314 315 300 297 296 298 292 299 327 303 311 304 307 306 306 329 325 320 321 326 327 329 328 328 326 329 328 324 319 316 308 311 316 318 322 324 323 322 326 326 327 327 326 327 326 327 326
340 334 336 334 312 325 315 321 302 285 273 316 320 323 321 314 313 300 309 316 309 297 304 302 311 310 310 308 302 323 296 299 299 323 315 327 316 323 319 321 323 327 329 327 325 329 326 328 328 324 316 304 311 316 318 320 322 319 319 326 325 323 326 326 327 327 327 327 325
338 336 326 335 318 322 316 309 285 274 279 314 317 321 322 315 304 309 309 313 312 310 306 298 299 305 294 293 295 302 309 290 315 313 314 313 315 318 319 322 326 331 332 330 327 325 328 327 328 325 315 308 312 315 318 320 321 324 316 325 322 327 326 326 325 326 326 326 326
340 323 332 334 323 313 304 309 302 305 312 316 320 314 321 319 280 307 304 311 310 309 307 303 302 289 291 291 295 287 299 291 310 298 304 301 309 310 311 318 321 327 331 332 318 322 327 328 328 327 303 309 314 317 319 319 323 321 322 324 321 325 324 326 325 324 326 326 327
340 338 336 334 306 322 311 305 300 310 316 318 320 314 319 316 303 303 300 309 311 311 310 303 302 304 296 303 305 288 286 279 292 296 293 294 302 299 305 309 313 320 329 328 328 319 324 327 327 325 319 312 316 319 323 319 322 319 326 321 322 328 325 325 327 325 326 327 327
335 329 334 332 331 318 315 313 316 315 316 317 315 315 273 320 312 312 302 310 312 313 313 311 309 300 298 297 297 277 272 289 299 286 277 279 283 285 289 298 304 314 322 331 311 316 324 326 329 327 324 313 315 317 323 320 318 325 326 327 324 324 324 326 326 327 327 327 328
