trunk/EcoCrop/data/climate/tmax_4.asc
NCOLS 660 
NROWS 360 
XLLCORNER -20 
YLLCORNER -30 
CELLSIZE 0.1666667 
NODATA_value -3.4e+38 
[rows 0 to 29 of 360, columns 345 to 413 of 660]
267 274 280 284 287 288 288 291 292 289 287 281 284 285 280 291 294 290 285 285 286 288 289 291 290 291 292 294 292 295 299 301 301 304 304 305 305 306 303 304 305 307 307 308 309 311 313 313 314 313 313 314 313 313 313 314 313 315 315 315 317 314 314 312 310 -3.4e+38 -3.4e+38 -3.4e+38 -3.4e+38
266 269 272 283 288 288 290 292 289 288 285 285 291 289 289 289 288 288 286 285 286 287 288 290 291 291 293 294 294 296 298 299 301 303 303 304 305 307 307 305 305 306 308 309 310 311 313 314 316 313 314 314 313 313 314 314 314 314 315 314 314 314 311 313 308 -3.4e+38 -3.4e+38 -3.4e+38 -3.4e+38
277 284 286 287 284 287 293 291 290 286 281 291 291 292 291 287 288 287 287 287 285 287 287 288 290 291 291 297 292 294 297 298 299 302 302 304 304 305 306 308 307 307 308 310 312 312 313 313 314 314 315 314 313 314 314 314 316 314 313 313 313 313 313 310 -3.4e+38 -3.4e+38 -3.4e+38 -3.4e+38 -3.4e+38
285 287 288 287 288 291 294 286 290 284 285 285 288 292 291 291 287 287 286 286 285 284 285 286 288 289 291 293 292 293 293 296 299 299 301 301 304 306 307 307 309 310 311 312 313 313 312 314 315 316 316 315 315 314 313 315 313 312 313 311 312 315 -3.4e+38 -3.4e+38 -3.4e+38 -3.4e+38 -3.4e+38 -3.4e+38 -3.4e+38
285 289 287 290 288 292 289 288 288 288 291 283 274 286 291 289 288 287 285 286 286 286 285 286 286 286 288 290 293 291 293 293 296 300 299 302 302 303 306 307 309 309 311 311 312 314 313 314 317 316 316 316 315 315 314 315 313 312 312 311 312 312 308 304 -3.4e+38 -3.4e+38 -3.4e+38 -3.4e+38 -3.4e+38
282 288 287 290 288 287 290 289 288 286 284 283 283 284 285 286 287 286 286 286 286 286 287 286 285 286 290 292 289 290 292 294 296 300 298 301 301 304 305 306 309 309 311 312 311 314 314 315 317 317 317 317 317 316 318 314 313 311 310 310 309 309 308 303 -3.4e+38 -3.4e+38 -3.4e+38 -3.4e+38 -3.4e+38
284 284 291 289 291 287 286 290 291 288 285 284 283 284 284 285 286 286 286 286 285 285 286 286 287 286 286 288 289 288 291 293 295 297 298 299 301 302 305 307 307 309 311 312 312 312 314 315 317 317 318 319 318 320 315 314 313 311 310 308 307 305 304 298 -3.4e+38 -3.4e+38 -3.4e+38 -3.4e+38 -3.4e+38
286 289 287 285 286 289 287 291 291 291 289 284 285 284 286 285 285 286 286 286 286 285 287 285 286 285 287 288 287 289 290 293 293 294 296 299 301 305 304 305 306 308 310 312 312 312 314 315 317 317 318 319 323 318 316 314 313 311 308 306 305 302 300 297 295 -3.4e+38 -3.4e+38 -3.4e+38 -3.4e+38
289 288 285 281 286 287 288 291 292 292 288 287 287 285 283 284 284 286 286 286 285 285 285 286 285 285 285 286 287 287 287 291 290 293 295 296 299 300 302 302 306 307 308 311 311 312 313 315 317 317 319 324 321 319 317 315 312 310 308 305 302 299 297 294 293 -3.4e+38 -3.4e+38 -3.4e+38 -3.4e+38
285 286 283 281 284 286 287 290 291 293 290 288 287 285 286 283 285 285 285 287 286 285 285 286 285 285 286 285 286 287 288 289 290 293 295 295 298 299 303 304 307 308 308 310 312 313 313 316 316 317 320 323 322 319 317 314 312 310 307 304 301 299 295 293 291 289 -3.4e+38 -3.4e+38 -3.4e+38
284 287 281 283 288 287 291 292 294 292 289 288 286 285 287 286 286 285 286 285 285 284 285 282 283 283 283 285 286 287 287 289 291 292 293 295 298 298 301 303 305 306 308 310 311 313 313 314 315 316 316 315 320 319 316 314 312 309 306 303 300 297 295 292 290 287 284 -3.4e+38 -3.4e+38
280 279 282 289 287 290 290 293 294 289 289 287 287 286 286 287 287 286 286 285 285 286 284 283 282 283 283 285 285 287 288 289 289 292 294 298 298 300 301 304 305 306 308 309 310 312 313 313 314 315 314 315 316 316 314 313 311 308 305 304 300 297 295 291 290 288 287 -3.4e+38 -3.4e+38
282 281 280 288 289 292 292 293 294 288 288 286 287 287 287 287 288 288 288 286 288 287 286 284 280 280 280 284 286 290 290 289 290 292 295 298 299 301 301 305 305 306 306 308 310 312 313 314 313 314 314 315 315 315 314 313 311 309 305 303 300 298 295 292 292 291 289 289 -3.4e+38
281 280 278 286 289 291 293 293 291 290 291 287 288 288 286 289 291 289 293 290 288 287 284 281 279 278 279 280 283 288 290 291 292 292 295 296 300 300 303 303 304 305 307 307 310 313 311 312 313 313 314 314 314 315 314 313 310 310 306 303 301 298 295 295 293 292 291 291 -3.4e+38
278 280 281 282 289 289 291 292 293 290 289 290 290 291 287 271 297 294 295 295 291 286 288 269 264 275 276 281 284 285 290 291 293 294 296 298 299 301 302 304 303 304 308 307 310 309 310 311 312 313 313 313 315 312 313 312 313 309 307 304 303 303 299 296 294 294 294 294 -3.4e+38
268 276 278 281 285 287 288 289 291 292 292 293 292 294 297 286 296 296 295 290 293 291 289 272 283 282 278 281 282 287 289 292 296 295 297 299 299 300 302 303 307 306 309 308 308 307 309 309 311 313 313 313 313 314 311 311 310 309 308 306 304 302 300 300 297 296 296 295 295
258 271 276 279 285 288 287 291 290 292 294 296 294 295 297 295 296 296 296 293 294 288 278 282 283 284 283 284 280 287 290 293 294 296 298 299 300 299 302 303 303 306 310 308 307 308 308 309 310 311 312 313 312 313 311 311 308 308 307 306 304 302 301 300 299 301 299 299 298
255 277 278 282 282 283 287 290 292 289 290 284 290 296 293 296 300 297 298 295 288 285 283 280 285 286 287 280 280 286 291 294 294 299 297 298 300 301 302 305 305 307 308 308 307 308 307 309 310 310 312 313 311 311 311 309 308 309 307 306 304 302 302 302 297 302 302 301 300
248 271 281 289 285 281 284 288 290 289 291 293 292 292 295 298 302 300 289 292 288 287 291 288 286 290 287 285 288 291 293 294 298 298 300 302 303 302 304 305 306 306 307 306 304 306 306 308 308 310 311 312 312 310 311 310 309 309 306 306 307 304 304 304 300 305 301 302 302
261 257 289 280 279 285 281 286 290 291 291 290 293 296 298 298 300 298 291 294 295 297 296 291 290 296 291 290 288 289 295 297 299 298 301 302 301 303 305 304 308 307 305 305 305 305 307 307 308 309 310 310 313 312 311 310 308 308 307 305 306 305 305 305 304 302 305 304 302
281 269 291 279 284 289 282 283 287 290 293 292 295 295 296 291 294 302 301 302 300 299 301 302 302 287 298 295 294 296 297 297 299 300 301 304 304 303 304 306 307 305 306 305 303 305 307 308 307 309 310 309 311 310 309 310 308 308 308 305 306 305 306 305 305 303 305 304 306
277 293 290 295 298 282 275 277 284 288 293 293 295 289 290 289 297 302 306 308 305 306 303 303 302 305 305 302 298 295 293 295 302 303 304 306 307 307 306 307 305 307 305 306 306 304 305 308 307 308 308 308 310 308 310 309 309 308 307 306 308 307 306 305 305 304 305 307 308
273 281 299 303 308 303 293 283 281 286 293 302 304 293 287 292 302 308 310 310 312 311 307 310 311 310 310 308 306 303 303 304 303 304 306 307 310 310 306 307 306 307 308 308 303 305 305 306 308 306 307 308 308 309 311 308 308 308 307 308 308 309 308 308 306 308 307 306 310
280 265 284 309 303 308 304 307 302 309 302 317 311 305 293 299 305 310 306 316 316 316 315 314 316 315 314 312 311 308 309 307 307 310 311 311 312 310 309 308 310 304 308 307 309 305 304 307 307 310 308 307 309 310 310 308 308 308 309 309 310 309 310 309 308 307 306 307 312
276 273 283 310 315 309 308 317 313 312 319 321 313 301 287 294 307 314 316 318 316 319 319 318 317 317 318 317 316 314 315 314 311 312 315 315 315 311 310 307 310 307 309 310 311 300 305 307 306 311 307 308 310 311 310 310 309 309 310 311 311 311 310 310 310 309 311 309 313
293 303 308 312 319 323 311 322 322 320 324 324 314 306 278 292 310 315 317 317 316 319 318 319 316 319 320 321 320 319 319 319 317 318 317 314 314 311 310 309 312 312 308 311 309 311 303 306 309 307 313 315 313 309 309 308 311 310 311 311 311 312 310 311 310 311 310 312 312
303 305 301 312 320 326 330 330 326 319 326 328 322 311 295 297 311 315 315 317 316 317 315 318 321 322 321 320 321 322 320 319 319 318 318 313 314 312 313 312 311 313 311 312 309 313 311 305 310 313 315 315 317 310 308 311 310 312 312 313 312 312 311 312 312 312 310 312 314
291 280 303 297 314 325 330 334 331 318 319 329 323 316 298 303 317 322 317 320 319 320 319 321 321 324 324 324 323 323 322 316 319 320 316 312 311 311 312 315 311 315 312 312 312 312 315 313 308 312 313 315 316 317 309 312 312 313 313 314 312 313 313 313 314 313 313 312 315
298 283 288 299 312 310 324 330 336 322 322 330 329 323 317 315 324 331 326 323 323 324 324 325 327 327 328 327 327 323 321 320 320 321 316 310 311 311 314 315 313 314 316 313 313 312 314 316 318 316 310 307 315 317 317 310 312 313 314 315 316 315 314 314 315 315 314 314 313
301 287 279 302 306 315 311 311 331 329 331 335 330 331 329 332 335 337 335 333 327 323 326 327 327 329 329 329 327 326 324 319 319 320 317 308 313 315 316 317 315 310 316 316 313 314 314 316 316 316 307 312 309 317 317 318 312 312 315 315 316 315 315 315 317 317 317 315 315
