trunk/EcoCrop/data/climate/tmax_3.asc
NCOLS 660 
NROWS 360 
XLLCORNER -20 
YLLCORNER -30 
CELLSIZE 0.1666667 
NODATA_value -3.4e+38 
[rows 60 to 89 of 360, columns 552 to 620 of 660]
-3.4e+38 -3.4e+38 -3.4e+38 -3.4e+38 307 314 320 315 312 314 330 338 342 349 355 357 358 360 359 357 355 357 360 358 359 357 360 360 358 360 362 362 359 371 371 373 371 374 366 369 366 369 370 368 366 367 366 365 364 358 357 356 354 353 349 343 336 337 337 335 334 339 353 353 354 354 353 335 341
-3.4e+38 -3.4e+38 -3.4e+38 -3.4e+38 307 315 322 326 325 324 332 318 338 347 354 358 361 360 363 363 359 362 363 364 364 363 361 364 365 362 366 364 365 362 373 370 357 369 370 372 372 372 369 369 367 366 369 368 364 360 360 359 346 338 338 343 339 338 338 337 336 339 344 346 351 352 342 324 335
-3.4e+38 -3.4e+38 -3.4e+38 -3.4e+38 307 313 321 327 333 337 323 331 342 349 352 358 360 363 365 365 364 364 365 364 364 367 368 366 368 367 366 367 367 366 366 366 364 366 367 368 361 358 358 360 368 370 370 370 369 363 364 354 338 345 339 332 340 340 340 339 339 340 337 343 351 351 315 329 291
-3.4e+38 -3.4e+38 -3.4e+38 -3.4e+38 -3.4e+38 304 321 329 333 342 319 331 333 342 349 357 361 362 363 365 368 368 368 369 368 367 370 371 371 371 369 368 366 364 368 366 365 361 362 365 363 357 361 368 358 369 370 371 370 366 365 364 352 343 337 346 346 342 344 343 341 340 337 335 349 326 311 324 325
-3.4e+38 -3.4e+38 -3.4e+38 -3.4e+38 -3.4e+38 311 321 329 335 343 330 337 330 342 350 355 355 359 363 364 365 368 368 370 371 371 371 370 371 372 370 370 370 366 363 366 362 366 360 372 368 370 356 365 371 372 374 372 363 366 367 363 361 350 337 333 346 352 345 345 342 341 339 337 334 316 312 308 336
-3.4e+38 -3.4e+38 -3.4e+38 -3.4e+38 -3.4e+38 312 320 324 336 309 332 341 348 350 340 351 356 347 347 359 358 366 368 369 370 371 373 373 371 372 372 370 371 368 363 367 368 366 367 367 371 374 373 361 370 371 374 374 371 371 365 363 361 358 357 356 352 335 333 346 345 342 337 335 328 310 300 308 337
-3.4e+38 -3.4e+38 -3.4e+38 -3.4e+38 -3.4e+38 -3.4e+38 313 326 334 314 333 339 350 356 355 355 357 359 362 349 354 360 365 363 365 367 370 372 371 370 369 364 369 369 367 367 367 367 368 369 371 369 375 374 371 371 374 374 370 371 358 362 359 357 349 353 353 341 335 343 341 343 336 335 318 310 303 324 318
-3.4e+38 -3.4e+38 -3.4e+38 -3.4e+38 -3.4e+38 302 315 323 320 331 345 353 355 357 362 362 359 361 365 364 357 355 358 358 356 357 359 361 363 366 366 364 369 366 368 366 365 363 366 362 365 367 371 373 374 376 374 373 371 375 357 368 365 357 355 340 346 338 336 354 337 335 332 316 315 310 299 330 332
-3.4e+38 -3.4e+38 -3.4e+38 -3.4e+38 -3.4e+38 303 308 322 318 322 349 356 359 362 364 365 365 364 364 366 366 359 356 360 361 361 361 361 360 360 362 363 364 367 367 364 360 361 363 358 361 361 365 369 371 371 374 371 370 369 369 359 363 364 351 336 344 353 354 351 351 347 318 314 306 303 329 331 329
-3.4e+38 -3.4e+38 -3.4e+38 -3.4e+38 -3.4e+38 298 305 318 311 317 345 349 345 353 362 364 367 367 365 368 367 367 363 359 358 359 360 360 360 356 355 363 362 364 366 364 350 354 356 360 362 367 367 368 369 370 370 365 369 368 370 355 349 363 358 357 352 353 353 351 346 318 318 311 300 293 315 319 325
-3.4e+38 -3.4e+38 -3.4e+38 -3.4e+38 -3.4e+38 -3.4e+38 301 316 319 321 333 345 343 355 359 360 365 368 367 366 371 369 366 366 361 360 360 360 361 361 357 358 357 358 361 362 355 352 355 357 359 361 364 365 365 367 365 365 367 367 367 369 365 365 361 355 351 355 344 351 347 313 299 305 299 283 302 313 325
-3.4e+38 -3.4e+38 -3.4e+38 -3.4e+38 -3.4e+38 -3.4e+38 296 309 323 331 330 339 349 356 359 362 365 367 370 368 369 372 371 368 359 362 361 360 360 360 359 356 356 353 358 361 360 358 352 356 353 356 358 359 362 362 364 360 364 364 363 364 368 364 360 358 356 354 351 322 333 326 300 297 290 318 323 323 322
-3.4e+38 -3.4e+38 -3.4e+38 -3.4e+38 -3.4e+38 -3.4e+38 293 302 314 316 291 334 337 347 355 357 364 367 370 369 369 370 372 369 366 362 361 360 357 357 355 356 351 353 356 354 358 357 355 351 353 355 356 356 360 360 361 363 360 356 359 354 361 365 359 355 357 353 337 302 308 305 307 288 328 324 319 312 318
-3.4e+38 -3.4e+38 -3.4e+38 -3.4e+38 -3.4e+38 -3.4e+38 -3.4e+38 301 316 310 325 333 338 341 339 351 352 363 369 371 372 370 372 372 369 368 363 363 362 355 354 354 354 352 354 357 358 354 352 352 351 357 357 361 361 363 364 364 362 347 359 364 360 364 359 346 356 336 313 289 329 318 305 329 324 323 314 314 -3.4e+38
-3.4e+38 -3.4e+38 -3.4e+38 -3.4e+38 -3.4e+38 -3.4e+38 -3.4e+38 304 315 324 319 314 337 343 346 347 359 362 366 368 371 371 371 372 370 370 366 364 366 365 361 358 355 353 351 354 357 355 350 354 357 360 363 364 364 364 366 365 366 363 362 364 356 361 359 357 338 334 313 326 326 328 322 328 324 321 316 -3.4e+38 -3.4e+38
-3.4e+38 -3.4e+38 -3.4e+38 -3.4e+38 -3.4e+38 -3.4e+38 -3.4e+38 301 310 318 320 324 340 338 347 350 353 362 365 367 368 370 372 372 372 370 367 367 366 367 367 359 364 351 357 349 353 354 352 359 360 364 365 366 368 367 368 368 366 365 356 362 358 354 354 348 335 347 339 336 327 308 326 317 325 -3.4e+38 -3.4e+38 -3.4e+38 -3.4e+38
-3.4e+38 -3.4e+38 -3.4e+38 -3.4e+38 -3.4e+38 -3.4e+38 -3.4e+38 302 312 323 308 323 341 349 352 351 350 357 359 363 365 368 368 369 372 370 370 370 368 367 368 367 366 364 360 351 354 357 354 357 361 365 366 367 369 368 368 369 368 365 364 360 356 350 347 347 343 345 342 336 338 334 332 -3.4e+38 -3.4e+38 -3.4e+38 -3.4e+38 -3.4e+38 -3.4e+38
-3.4e+38 -3.4e+38 -3.4e+38 -3.4e+38 -3.4e+38 -3.4e+38 -3.4e+38 -3.4e+38 308 320 313 333 337 351 356 357 353 354 355 353 361 365 363 367 369 370 370 371 368 370 367 366 364 357 358 355 352 354 351 356 353 367 371 371 371 371 369 369 368 365 365 361 356 352 347 347 345 341 341 338 335 335 -3.4e+38 -3.4e+38 -3.4e+38 -3.4e+38 -3.4e+38 -3.4e+38 -3.4e+38
-3.4e+38 -3.4e+38 -3.4e+38 -3.4e+38 -3.4e+38 -3.4e+38 -3.4e+38 -3.4e+38 310 322 329 331 346 353 358 360 352 357 357 351 353 360 364 365 364 363 367 365 366 369 366 361 355 359 363 355 356 357 355 358 362 368 371 374 373 372 371 368 369 366 363 356 355 349 346 344 341 340 337 336 334 332 -3.4e+38 -3.4e+38 -3.4e+38 -3.4e+38 -3.4e+38 -3.4e+38 -3.4e+38
-3.4e+38 -3.4e+38 -3.4e+38 -3.4e+38 -3.4e+38 -3.4e+38 -3.4e+38 -3.4e+38 314 323 329 330 346 356 358 360 358 358 354 354 348 354 358 359 359 361 364 364 365 367 370 365 367 363 365 357 359 361 359 362 367 368 371 374 375 374 372 369 365 364 360 348 353 349 346 343 339 336 334 332 331 328 -3.4e+38 -3.4e+38 -3.4e+38 -3.4e+38 -3.4e+38 -3.4e+38 -3.4e+38
-3.4e+38 -3.4e+38 -3.4e+38 -3.4e+38 -3.4e+38 -3.4e+38 -3.4e+38 -3.4e+38 315 322 334 323 346 353 357 360 359 358 356 354 352 351 349 353 354 359 357 364 365 368 367 369 370 368 369 368 364 361 362 363 364 369 374 372 377 373 368 364 362 360 359 357 355 348 342 337 334 331 329 328 326 325 -3.4e+38 -3.4e+38 -3.4e+38 -3.4e+38 -3.4e+38 -3.4e+38 -3.4e+38
-3.4e+38 -3.4e+38 -3.4e+38 -3.4e+38 -3.4e+38 -3.4e+38 -3.4e+38 -3.4e+38 315 323 332 330 343 350 355 353 354 351 351 348 351 352 353 354 353 357 357 364 367 365 367 369 370 369 370 370 367 362 362 360 361 351 363 365 367 366 361 359 357 354 352 351 348 341 335 330 327 326 325 324 -3.4e+38 -3.4e+38 -3.4e+38 -3.4e+38 -3.4e+38 -3.4e+38 -3.4e+38 -3.4e+38 -3.4e+38
-3.4e+38 -3.4e+38 -3.4e+38 -3.4e+38 -3.4e+38 -3.4e+38 -3.4e+38 -3.4e+38 -3.4e+38 319 331 318 336 341 350 351 353 355 348 348 349 350 351 354 358 356 361 358 355 358 362 365 368 367 370 372 369 367 366 359 336 343 364 362 357 359 356 354 352 347 346 344 338 332 325 -3.4e+38 -3.4e+38 -3.4e+38 -3.4e+38 -3.4e+38 -3.4e+38 -3.4e+38 -3.4e+38 -3.4e+38 -3.4e+38 -3.4e+38 -3.4e+38 -3.4e+38 -3.4e+38
-3.4e+38 -3.4e+38 -3.4e+38 -3.4e+38 -3.4e+38 -3.4e+38 -3.4e+38 -3.4e+38 -3.4e+38 319 329 334 331 340 347 349 348 352 345 343 346 347 349 355 355 355 353 355 359 359 361 363 364 365 366 372 371 372 365 362 354 356 331 359 358 356 352 348 345 343 340 336 331 327 320 -3.4e+38 -3.4e+38 -3.4e+38 -3.4e+38 -3.4e+38 -3.4e+38 -3.4e+38 -3.4e+38 -3.4e+38 -3.4e+38 -3.4e+38 -3.4e+38 -3.4e+38 -3.4e+38
-3.4e+38 -3.4e+38 -3.4e+38 -3.4e+38 -3.4e+38 -3.4e+38 -3.4e+38 -3.4e+38 -3.4e+38 317 326 334 324 338 342 335 342 345 349 342 352 351 354 349 354 352 353 357 358 359 359 358 360 365 367 370 372 373 371 368 347 347 362 360 358 352 346 342 337 336 333 330 327 322 -3.4e+38 -3.4e+38 -3.4e+38 -3.4e+38 -3.4e+38 -3.4e+38 -3.4e+38 -3.4e+38 -3.4e+38 -3.4e+38 -3.4e+38 -3.4e+38 -3.4e+38 -3.4e+38 -3.4e+38
-3.4e+38 -3.4e+38 -3.4e+38 -3.4e+38 -3.4e+38 -3.4e+38 -3.4e+38 -3.4e+38 -3.4e+38 -3.4e+38 321 331 338 329 336 345 347 349 347 350 353 355 356 355 350 351 355 359 359 358 353 348 351 358 361 368 370 370 370 369 343 345 354 358 353 348 342 337 331 330 -3.4e+38 -3.4e+38 -3.4e+38 320 -3.4e+38 -3.4e+38 -3.4e+38 -3.4e+38 -3.4e+38 -3.4e+38 -3.4e+38 -3.4e+38 -3.4e+38 -3.4e+38 -3.4e+38 -3.4e+38 -3.4e+38 -3.4e+38 -3.4e+38
-3.4e+38 -3.4e+38 -3.4e+38 -3.4e+38 -3.4e+38 -3.4e+38 -3.4e+38 -3.4e+38 -3.4e+38 -3.4e+38 319 328 327 339 332 340 343 346 349 352 356 357 356 357 357 354 359 361 358 357 350 345 347 352 359 365 357 364 372 369 333 362 360 354 349 345 339 331 325 -3.4e+38 -3.4e+38 -3.4e+38 -3.4e+38 -3.4e+38 -3.4e+38 -3.4e+38 -3.4e+38 -3.4e+38 -3.4e+38 -3.4e+38 -3.4e+38 -3.4e+38 -3.4e+38 -3.4e+38 -3.4e+38 -3.4e+38 -3.4e+38 -3.4e+38 -3.4e+38
-3.4e+38 -3.4e+38 -3.4e+38 -3.4e+38 -3.4e+38 -3.4e+38 -3.4e+38 -3.4e+38 -3.4e+38 -3.4e+38 -3.4e+38 322 330 329 330 333 344 343 344 352 354 355 358 358 360 360 360 364 361 357 354 348 348 349 355 361 360 371 373 369 360 359 352 354 350 345 337 331 326 -3.4e+38 -3.4e+38 -3.4e+38 -3.4e+38 -3.4e+38 -3.4e+38 -3.4e+38 -3.4e+38 -3.4e+38 -3.4e+38 -3.4e+38 -3.4e+38 -3.4e+38 -3.4e+38 -3.4e+38 -3.4e+38 -3.4e+38 -3.4e+38 -3.4e+38 -3.4e+38
-3.4e+38 -3.4e+38 -3.4e+38 -3.4e+38 -3.4e+38 -3.4e+38 -3.4e+38 -3.4e+38 -3.4e+38 -3.4e+38 -3.4e+38 -3.4e+38 327 321 326 337 339 340 348 349 353 354 356 362 362 362 361 357 361 360 358 354 352 356 352 357 366 373 373 370 350 363 331 352 350 345 339 333 329 -3.4e+38 -3.4e+38 -3.4e+38 -3.4e+38 -3.4e+38 -3.4e+38 -3.4e+38 -3.4e+38 -3.4e+38 -3.4e+38 -3.4e+38 -3.4e+38 -3.4e+38 -3.4e+38 -3.4e+38 -3.4e+38 -3.4e+38 -3.4e+38 -3.4e+38 -3.4e+38
-3.4e+38 -3.4e+38 -3.4e+38 -3.4e+38 -3.4e+38 -3.4e+38 -3.4e+38 -3.4e+38 -3.4e+38 -3.4e+38 -3.4e+38 -3.4e+38 322 323 321 342 339 341 343 345 350 357 360 362 361 361 360 358 359 361 360 358 355 363 366 368 368 373 374 372 343 365 336 354 352 346 342 336 -3.4e+38 -3.4e+38 -3.4e+38 -3.4e+38 -3.4e+38 -3.4e+38 -3.4e+38 -3.4e+38 -3.4e+38 -3.4e+38 -3.4e+38 -3.4e+38 -3.4e+38 -3.4e+38 -3.4e+38 -3.4e+38 -3.4e+38 -3.4e+38 -3.4e+38 -3.4e+38 -3.4e+38
