trunk/EcoCrop/data/climate/tmax_4.asc
NCOLS 660 
NROWS 360 
XLLCORNER -20 
YLLCORNER -30 
CELLSIZE 0.1666667 
NODATA_value -3.4e+38 
[rows 90 to 119 of 360, columns 207 to 275 of 660]
398 399 402 403 405 407 409 411 412 412 413 414 414 415 416 417 417 417 417 418 417 416 416 416 415 415 415 415 414 414 414 413 412 411 410 411 409 407 406 404 400 397 391 383 373 374 373 375 376 377 375 374 373 373 371 369 369 366 366 368 362 368 369 362 356 365 368 365 366
398 400 401 404 406 408 410 412 413 414 415 415 416 417 417 418 418 418 418 418 418 417 417 417 417 417 417 416 416 414 415 414 413 413 412 411 409 408 406 402 393 397 387 380 376 373 372 373 374 375 376 374 374 374 372 371 370 368 365 364 364 359 366 358 361 368 368 365 357
399 399 403 405 407 409 412 413 415 416 417 417 418 418 419 419 419 419 419 419 419 419 418 418 418 417 417 417 417 416 415 415 415 414 413 411 411 409 405 403 399 390 384 380 377 372 374 375 375 376 375 374 372 372 372 371 370 369 365 362 360 356 356 359 366 369 363 351 369
398 401 404 406 410 413 414 415 416 417 418 419 419 420 420 420 420 420 420 420 420 420 419 418 418 418 418 418 418 417 417 416 415 415 414 412 411 409 398 401 388 380 379 376 373 370 368 373 375 376 376 375 375 373 372 371 369 367 362 348 353 352 354 362 363 364 362 361 365
398 401 404 408 411 413 415 417 419 419 419 420 421 421 421 421 421 421 421 421 421 420 419 419 418 418 419 419 418 418 418 417 416 416 415 414 412 407 405 393 387 385 385 381 376 365 367 372 372 373 375 377 374 375 373 371 368 367 350 353 356 359 362 355 363 363 363 365 374
399 401 404 407 412 415 416 417 420 420 421 422 422 422 422 422 422 422 422 422 420 420 419 420 419 419 419 419 419 419 419 418 417 416 415 414 411 404 398 397 391 391 384 381 375 374 367 367 372 377 377 377 376 373 372 371 369 363 357 350 353 364 367 362 369 365 371 374 374
398 401 404 407 412 415 417 419 420 421 422 422 422 423 423 422 422 422 422 422 421 421 420 420 419 420 420 419 420 420 419 418 418 416 416 413 411 408 405 399 394 389 389 386 377 377 367 371 375 377 378 376 375 372 367 365 366 358 353 352 358 371 372 371 373 372 372 374 377
398 400 404 407 410 415 417 420 421 422 422 423 423 423 423 423 423 423 422 422 421 421 420 420 420 420 420 420 420 420 419 419 418 417 416 414 406 409 406 398 398 394 391 386 380 372 373 374 376 378 378 377 375 372 367 366 364 358 346 343 364 367 376 376 379 378 374 377 378
397 399 403 407 411 416 418 420 421 423 423 423 423 423 423 423 423 423 423 423 421 421 420 421 420 421 420 421 420 420 420 420 419 417 415 414 412 409 406 401 398 396 392 382 381 380 380 377 379 380 379 377 373 372 369 365 360 356 349 347 359 371 374 378 381 382 375 382 384
397 399 404 408 412 415 418 421 422 422 423 422 424 424 424 423 424 424 423 422 422 421 420 421 420 421 420 420 420 421 420 420 418 417 415 413 412 407 404 398 401 397 394 388 376 379 383 381 378 378 379 381 378 372 365 363 358 352 346 324 348 365 372 376 381 383 385 385 387
398 400 403 408 412 415 418 422 423 424 424 423 424 424 424 425 424 423 423 423 422 421 421 421 420 420 420 420 420 421 420 420 417 417 415 413 411 407 401 403 402 399 392 386 384 380 382 379 372 380 382 382 376 370 362 360 354 348 338 323 344 361 370 378 382 385 386 387 386
399 402 405 409 413 416 420 422 424 424 424 424 424 425 425 425 425 424 424 423 422 420 420 421 420 420 420 419 419 419 418 417 416 414 413 413 410 406 403 402 402 400 397 391 389 383 379 377 374 384 385 384 377 370 370 363 359 347 322 299 338 368 372 378 384 387 387 389 388
401 403 407 410 413 417 420 422 423 423 424 424 424 424 425 425 424 424 424 423 422 420 421 420 419 420 420 419 420 417 418 416 415 412 412 411 410 408 405 404 404 400 399 392 391 384 376 380 382 384 388 386 380 380 372 364 357 345 289 306 350 371 378 382 384 386 389 390 389
401 403 407 410 413 417 419 421 422 422 423 423 423 424 424 424 424 424 423 422 422 420 420 419 419 419 418 417 417 417 416 413 412 412 410 410 408 407 405 404 401 399 394 390 391 384 380 380 385 387 386 378 380 370 367 363 357 350 350 344 359 368 376 382 385 389 390 391 392
402 405 408 410 414 416 418 420 421 421 422 421 418 423 423 423 423 422 422 421 421 419 418 418 418 416 417 416 416 415 414 412 410 410 409 409 407 407 405 403 397 396 393 394 391 391 391 389 388 388 372 369 377 372 361 354 352 357 363 363 368 372 380 386 389 391 394 394 394
403 406 408 410 413 415 416 418 419 420 421 421 421 422 422 422 422 422 421 419 418 416 417 415 416 416 416 414 412 412 407 409 410 409 407 406 407 405 402 400 399 397 396 396 394 388 387 393 388 389 385 380 382 375 353 352 357 365 369 372 375 380 386 390 393 395 397 396 395
403 405 408 411 413 414 415 416 417 418 418 419 420 420 420 421 421 420 419 417 416 416 414 414 414 414 405 411 411 408 409 409 408 408 407 407 404 402 397 400 399 396 398 397 393 390 390 392 389 389 388 385 378 366 355 366 373 374 376 379 383 388 390 391 397 397 397 398 397
403 406 408 411 411 412 413 414 415 417 416 416 418 418 418 419 418 418 417 416 415 411 404 408 411 409 392 407 406 406 408 408 407 408 406 404 404 402 397 400 398 399 399 396 393 395 391 391 392 390 386 383 379 374 363 374 377 381 382 385 389 393 398 398 399 400 399 398 398
403 405 407 409 410 412 412 412 412 414 415 415 416 416 416 416 416 415 415 413 412 411 404 405 407 399 403 404 405 405 405 406 406 405 404 404 404 403 401 399 398 399 398 397 396 395 394 390 391 390 387 386 381 374 377 380 383 384 388 389 393 396 399 401 401 401 401 400 398
402 404 407 407 408 410 410 410 410 410 412 413 413 413 414 414 414 414 413 411 408 408 403 402 400 402 401 399 403 404 404 404 405 403 404 402 403 403 401 401 400 399 398 398 397 394 383 387 387 387 385 382 380 376 382 384 387 389 389 392 395 397 400 400 400 402 401 400 400
402 404 405 406 407 408 408 408 408 408 409 410 411 411 411 413 412 411 410 410 407 405 402 401 401 400 402 397 400 402 401 402 404 403 403 403 403 402 400 400 400 399 399 397 397 396 394 391 384 384 385 386 385 381 383 386 389 391 393 395 396 397 401 403 403 402 402 400 399
401 403 404 406 405 407 406 406 407 407 407 408 409 409 410 410 410 410 409 408 406 403 397 402 401 400 399 398 392 399 399 402 402 402 402 402 400 401 399 400 398 399 399 397 397 396 394 392 388 388 388 386 388 387 389 390 392 394 393 396 396 396 401 403 404 403 401 401 400
402 403 404 404 405 404 404 404 404 404 405 406 407 408 407 408 408 408 407 406 405 403 394 395 390 398 398 399 397 397 399 400 401 401 401 400 400 400 399 398 398 398 398 398 397 397 396 395 393 392 392 392 390 391 391 392 392 394 395 396 398 399 400 402 402 402 401 400 399
402 403 403 403 403 402 402 402 402 403 403 404 405 405 406 406 406 406 405 404 391 402 399 400 398 396 395 397 396 398 398 399 399 400 400 399 399 398 398 398 397 397 397 397 397 397 396 396 395 394 394 392 391 392 393 393 394 394 395 397 398 398 400 401 401 401 400 399 399
402 402 402 401 401 400 401 400 401 401 402 403 404 405 405 404 404 404 404 403 403 400 398 398 396 397 397 394 394 395 396 398 398 398 398 398 398 398 397 397 397 396 397 397 398 397 396 396 396 394 395 394 391 392 392 395 394 394 395 396 397 398 398 399 400 400 400 399 398
401 402 401 399 399 398 398 398 399 400 400 401 402 403 404 404 403 402 402 401 394 399 398 396 396 396 393 393 394 392 394 395 395 397 396 396 396 395 395 395 395 396 396 396 397 397 396 394 394 393 390 389 392 394 395 394 394 394 395 395 396 397 397 398 399 398 399 398 398
402 401 399 398 397 396 396 396 397 397 398 399 400 402 402 402 401 401 400 399 398 397 396 394 395 394 392 393 393 392 394 394 394 394 394 394 394 393 394 394 394 394 395 395 395 396 396 392 395 396 393 392 393 394 393 393 393 394 394 395 396 396 397 396 397 398 397 397 397
400 398 397 395 394 393 393 394 395 396 396 397 398 401 401 400 399 399 398 398 397 396 396 394 393 391 391 391 391 391 392 392 391 392 392 392 393 392 392 392 393 393 393 394 394 395 394 395 397 395 394 396 395 395 393 392 393 393 392 394 395 395 395 396 397 396 395 396 396
394 395 394 392 391 391 391 392 393 394 394 395 397 398 398 398 397 397 396 396 395 394 393 392 392 390 388 390 390 390 390 389 389 390 390 390 389 390 390 391 391 391 392 391 393 394 393 395 392 394 395 392 392 391 390 392 390 390 390 391 392 392 393 394 394 394 395 395 395
391 391 391 390 389 390 390 390 391 392 392 393 394 395 396 396 396 394 395 393 394 392 391 391 390 389 389 388 388 388 387 388 387 387 388 387 387 388 389 389 388 389 389 391 391 389 392 392 392 390 391 392 391 391 388 388 387 385 386 388 389 389 391 391 392 392 393 393 394
