trunk/EcoCrop/data/climate/tmax_11.asc
NCOLS 660 
NROWS 360 
XLLCORNER -20 
YLLCORNER -30 
CELLSIZE 0.1666667 
NODATA_value -3.4e+38 
[rows 270 to 299 of 360, columns 207 to 275 of 660]
300 304 310 310 314 318 318 316 316 317 314 315 315 315 313 309 308 308 309 307 305 308 306 306 305 304 305 304 306 304 302 302 302 301 301 302 302 303 304 308 307 309 311 314 316 318 319 319 320 323 323 323 320 319 317 316 314 310 308 306 304 302 300 299 299 296 302 303 301
302 308 315 317 319 321 322 323 322 322 320 318 317 319 316 317 313 312 310 311 309 308 309 308 308 309 306 306 309 306 303 303 303 303 301 301 302 305 306 306 310 310 313 314 316 317 319 318 320 320 322 322 320 318 317 316 314 311 308 307 304 304 302 300 298 299 303 303 303
306 314 319 321 325 325 326 327 327 326 324 324 322 320 322 319 319 315 314 314 312 312 311 311 310 308 309 307 309 307 304 304 302 302 301 304 303 306 306 307 310 312 312 314 316 317 318 318 320 320 322 322 318 318 317 316 314 312 310 307 306 304 304 301 301 303 303 299 307
310 317 323 325 328 329 330 330 330 330 328 329 325 324 322 321 320 320 320 318 316 316 317 314 315 314 310 310 310 307 305 306 304 302 302 304 304 303 306 307 310 313 313 314 316 318 318 319 320 319 319 322 321 317 316 315 314 312 310 308 306 306 304 302 301 302 300 300 305
314 320 325 330 332 332 333 334 333 333 333 331 330 327 327 327 324 324 322 321 321 317 317 317 314 314 313 310 310 309 307 306 305 304 302 302 303 304 307 308 310 312 315 315 316 317 318 319 319 319 319 321 322 319 319 317 316 314 311 313 308 306 305 304 302 300 302 307 310
317 323 329 333 336 336 335 335 335 334 334 333 334 332 330 328 327 326 324 323 322 320 320 319 318 317 314 314 314 310 308 307 306 305 304 303 304 305 308 309 311 314 315 316 317 317 318 319 319 320 319 320 321 318 317 316 315 314 315 311 310 309 307 306 304 303 307 311 313
319 326 331 336 339 339 336 334 335 336 337 336 335 334 333 331 330 328 327 328 324 324 321 321 319 320 317 317 314 312 310 308 307 307 306 306 307 309 309 309 311 313 315 316 317 319 318 319 319 320 322 321 323 320 319 316 315 316 312 314 313 308 310 306 305 304 309 310 311
321 328 334 339 343 342 339 337 337 338 339 338 337 336 335 333 332 330 329 327 326 326 323 323 322 319 319 320 317 313 311 310 310 310 308 308 308 309 311 313 312 314 316 317 317 318 319 320 320 321 320 321 323 320 319 318 316 317 314 312 311 310 310 308 307 306 310 310 315
323 329 334 339 343 343 342 341 340 340 339 339 339 337 336 335 333 333 331 331 328 328 326 326 322 321 320 320 319 316 313 312 312 311 310 310 310 310 311 313 314 315 317 317 319 319 320 319 320 321 320 321 321 321 319 318 316 315 313 316 315 311 310 313 313 316 312 313 316
323 329 334 338 341 343 343 342 342 341 342 340 340 338 337 336 335 333 332 330 329 329 329 326 324 323 321 322 319 318 315 314 314 313 314 312 312 312 313 315 315 316 318 317 318 319 320 320 320 321 322 321 321 320 319 318 319 314 316 315 313 312 311 317 317 317 314 313 315
324 328 332 337 340 342 342 342 342 342 341 341 340 339 338 336 336 334 333 332 333 330 330 327 327 324 323 323 322 319 317 317 316 315 315 315 314 314 315 316 317 317 317 319 319 320 320 321 321 321 321 321 320 320 319 318 317 317 318 315 315 313 315 319 320 319 320 318 315
325 329 333 336 339 341 342 342 342 342 342 340 340 339 339 337 337 335 334 333 332 334 330 329 327 326 325 324 324 322 320 318 317 317 317 316 316 316 317 317 317 318 318 319 319 320 321 320 321 321 321 320 320 320 319 317 318 315 315 315 315 315 320 322 323 323 322 316 313
326 331 334 337 339 340 341 341 341 341 340 340 340 340 338 338 337 336 335 334 332 332 331 329 329 327 326 325 323 322 324 320 319 318 318 317 317 317 317 318 318 319 318 319 320 321 321 321 321 321 322 321 320 320 319 317 316 316 315 315 317 321 324 325 325 324 321 317 311
327 331 334 337 338 339 340 340 340 340 340 340 340 338 338 338 337 336 335 335 333 333 334 331 330 329 327 326 325 324 323 323 321 320 319 319 318 318 318 318 318 319 320 319 320 321 322 321 322 322 322 321 320 320 319 317 316 315 314 316 319 322 327 328 328 325 322 320 314
328 332 335 337 338 338 339 339 339 339 339 339 338 338 338 337 337 337 336 335 334 334 333 333 332 330 328 328 326 326 324 323 322 322 321 320 320 319 319 319 319 318 320 320 321 321 322 321 322 322 322 323 322 320 319 318 317 314 315 317 323 325 328 331 330 330 328 326 322
328 332 335 337 337 338 338 338 338 337 337 338 338 338 339 338 338 336 336 335 335 334 333 333 334 332 330 329 327 328 326 325 324 323 323 321 321 320 320 320 320 319 321 321 321 322 322 323 323 322 322 322 321 321 319 318 316 319 320 322 325 328 331 333 334 332 329 325 320
327 331 334 336 337 337 337 337 336 336 337 337 338 338 339 338 337 337 336 336 335 334 333 333 333 334 330 330 330 327 327 325 326 324 323 322 322 321 321 319 319 320 321 322 322 322 323 323 323 323 323 323 323 322 320 321 321 322 323 324 326 329 333 336 334 335 330 332 333
327 330 333 336 336 337 337 336 335 335 337 337 339 338 339 338 337 337 336 335 335 334 334 333 332 332 331 330 329 328 328 328 328 326 325 326 324 323 322 322 321 321 322 323 323 323 324 324 324 323 324 324 324 322 324 323 323 324 325 326 328 326 328 331 330 328 328 334 336
326 330 332 334 336 337 337 336 336 336 337 338 338 339 338 338 338 337 337 335 335 334 333 333 331 331 330 329 328 327 326 328 325 325 324 325 323 323 323 322 322 322 323 323 324 324 324 325 325 325 325 325 325 325 325 324 325 325 326 327 327 327 328 328 327 326 324 327 318
325 329 332 334 336 337 337 338 338 339 339 339 340 339 340 339 338 337 336 335 334 333 332 331 331 330 328 329 328 326 326 326 325 326 324 325 324 324 323 323 322 323 324 326 326 326 325 326 326 326 326 326 326 326 326 326 326 327 327 325 326 328 328 328 326 325 322 323 332
323 328 332 334 337 338 338 339 340 340 341 341 341 341 340 339 338 337 336 335 334 332 331 331 330 328 329 327 327 325 326 327 325 325 324 325 325 325 324 324 323 324 325 326 328 327 327 327 327 327 328 327 327 327 327 327 327 328 327 327 328 328 327 326 324 322 322 326 323
323 327 331 333 336 338 340 340 341 342 343 342 343 342 341 340 339 336 336 334 333 332 330 329 328 327 327 326 326 326 326 326 325 324 325 324 325 325 325 325 325 326 327 327 329 329 329 328 328 328 329 329 328 328 328 328 328 329 329 329 328 327 325 325 325 324 321 320 325
322 326 329 333 336 338 340 342 344 344 344 343 343 342 341 340 337 336 334 333 331 330 329 328 327 326 326 325 325 326 324 325 324 325 324 325 325 325 326 326 326 327 328 326 329 329 330 329 329 329 329 328 328 329 329 329 329 330 330 330 328 328 327 326 325 324 323 321 323
319 324 327 331 335 338 341 343 346 346 346 345 344 342 341 338 336 335 334 332 331 329 328 327 326 326 325 325 324 325 324 325 324 323 325 325 325 327 328 327 329 328 329 328 330 330 329 331 330 330 330 329 329 329 329 330 329 331 331 330 329 327 327 326 326 326 324 322 320
316 321 325 329 333 338 340 343 347 347 346 344 343 341 339 336 334 333 331 329 328 326 326 325 325 324 325 324 324 323 326 324 324 324 324 325 326 326 326 327 328 328 329 330 330 331 331 330 330 330 330 331 330 330 330 330 331 331 329 328 328 328 327 326 326 326 324 324 322
311 318 323 322 331 336 339 342 346 346 345 344 342 340 337 335 331 330 325 321 323 321 321 322 323 323 323 323 324 324 323 323 323 323 325 326 325 325 326 328 328 329 331 332 331 332 332 332 332 331 331 331 331 330 331 331 331 329 328 328 328 328 327 326 327 325 324 323 322
308 311 312 321 323 331 337 338 343 343 344 342 340 337 333 329 325 321 318 307 311 310 316 318 321 322 323 323 324 323 323 323 323 323 323 326 325 325 325 327 329 330 331 333 333 333 333 333 332 332 332 332 331 331 331 331 331 330 330 329 328 329 327 327 326 324 324 323 322
308 312 314 318 322 327 332 333 337 340 339 339 335 330 322 309 318 313 309 296 306 309 314 319 320 322 322 322 323 322 322 323 323 323 324 326 325 325 326 328 329 331 333 333 334 333 333 333 333 332 332 333 333 332 332 331 331 330 329 328 328 328 329 327 325 324 324 323 322
312 312 315 322 327 326 330 332 333 334 335 335 330 323 322 318 314 312 307 310 310 313 316 319 321 320 320 321 322 323 323 323 323 324 325 326 325 325 323 326 330 332 333 334 335 335 335 334 334 333 333 333 332 332 332 332 331 331 330 329 328 329 328 327 326 325 325 324 325
315 313 323 321 323 323 327 329 330 331 332 333 330 326 322 316 307 309 312 316 316 317 319 319 320 320 319 320 321 322 323 324 324 324 324 326 326 326 327 329 331 333 334 336 335 335 335 334 334 334 333 333 334 333 332 331 331 331 330 330 330 330 328 327 326 324 325 325 324
