trunk/EcoCrop/data/climate/tmax_3.asc
NCOLS 660 
NROWS 360 
XLLCORNER -20 
YLLCORNER -30 
CELLSIZE 0.1666667 
NODATA_value -3.4e+38 
[rows 60 to 89 of 360, columns 276 to 344 of 660]
310 309 309 308 308 307 304 308 310 313 314 317 320 317 318 323 320 321 321 323 323 322 324 325 324 325 326 326 324 324 320 321 321 320 320 319 318 317 320 321 323 325 326 327 327 326 324 322 320 316 313 310 308 305 299 293 285 286 283 266 271 271 240 253 241 271 284 -3.4e+38 -3.4e+38
311 311 311 310 308 306 307 311 315 317 317 318 319 321 322 323 323 323 324 324 326 325 326 327 326 327 328 327 327 326 326 322 323 323 323 321 322 324 325 328 328 331 332 310 333 331 329 327 324 320 317 315 312 308 300 301 292 290 285 281 277 270 263 261 260 279 284 288 -3.4e+38
313 314 313 312 310 308 308 312 314 317 319 321 320 323 325 324 326 325 326 326 327 327 326 330 328 331 331 331 330 329 327 326 325 324 326 325 328 328 329 331 334 335 338 338 339 336 333 330 328 324 322 320 316 313 308 306 301 297 293 287 280 275 267 272 268 244 284 -3.4e+38 -3.4e+38
316 317 315 314 313 308 309 309 316 319 319 323 324 324 324 326 325 329 330 330 330 329 331 332 333 333 333 334 333 332 331 330 330 328 330 329 331 332 334 335 337 339 339 342 341 339 337 335 332 328 327 324 321 318 315 311 308 304 298 293 285 279 271 273 270 279 289 294 -3.4e+38
319 317 319 316 315 308 309 310 316 320 323 324 326 325 325 326 328 327 332 331 332 334 335 335 335 335 335 335 335 336 336 335 334 333 334 335 335 337 339 340 340 341 340 343 344 343 341 338 334 332 331 329 325 323 320 317 314 308 302 299 291 285 271 277 248 281 293 301 -3.4e+38
320 320 321 317 316 311 313 311 316 322 323 324 326 326 327 328 328 331 333 333 336 336 337 336 338 335 337 338 338 339 339 337 337 338 338 337 341 340 341 343 343 342 341 343 344 346 342 340 338 336 334 332 330 328 325 322 319 315 310 302 300 286 278 278 280 281 295 303 -3.4e+38
320 321 321 319 316 315 318 315 319 322 325 326 327 326 328 329 329 332 333 336 335 338 339 340 340 340 340 341 342 342 342 341 342 343 342 342 344 346 345 345 342 343 341 345 345 345 345 343 342 340 338 336 333 331 329 316 323 319 302 308 301 297 294 275 264 267 290 304 310
323 321 322 321 321 320 315 319 322 325 327 327 329 330 330 330 331 332 332 338 339 339 340 341 341 341 342 344 343 342 343 344 347 346 346 344 347 346 343 346 346 345 343 345 346 348 346 343 344 343 340 338 336 333 333 330 326 323 318 316 311 311 303 273 277 269 247 305 310
325 324 323 324 323 323 321 320 323 325 326 327 329 331 332 332 333 333 336 337 340 341 341 343 343 343 344 345 346 344 344 346 349 350 349 348 350 348 347 346 345 344 337 344 347 348 348 347 345 345 344 342 340 338 338 334 332 326 327 325 323 322 316 304 293 277 252 279 310
327 324 324 325 326 324 320 319 325 325 326 327 328 332 334 334 337 338 340 339 339 342 342 341 344 345 346 347 349 348 350 349 352 353 354 353 352 349 349 338 345 345 345 346 348 348 351 349 348 347 347 346 345 343 342 340 336 336 332 331 333 333 329 317 303 285 265 302 311
329 328 328 330 326 324 320 320 319 325 327 327 330 333 336 337 338 340 339 340 341 341 343 344 345 346 347 350 351 350 352 351 354 355 357 355 352 352 350 348 345 345 344 346 348 349 351 352 351 350 350 350 348 347 346 343 342 341 340 337 339 339 337 323 308 286 281 309 310
330 330 330 331 330 326 323 323 325 331 332 332 334 333 334 336 338 338 338 340 339 343 344 345 345 347 350 350 352 354 354 354 357 357 355 356 353 353 351 350 349 343 345 347 348 349 352 354 353 353 352 351 351 350 350 349 348 348 341 345 344 344 338 324 317 265 292 312 316
331 331 330 330 329 332 328 329 333 334 335 336 336 337 337 338 336 337 339 341 342 342 344 346 348 350 350 351 351 355 356 357 357 357 359 357 356 353 351 349 348 347 348 347 349 351 353 355 356 355 354 355 355 355 355 354 355 355 355 354 352 346 341 335 324 309 318 323 326
332 330 331 329 332 330 335 336 334 337 337 339 339 340 341 341 342 342 344 344 345 346 347 347 349 350 349 350 354 354 354 356 357 356 357 358 355 354 355 355 352 346 350 350 350 353 354 356 357 356 358 357 358 357 358 359 361 360 359 360 358 352 346 343 332 326 335 314 331
335 333 331 334 337 337 338 339 339 340 341 341 341 341 343 344 344 344 344 346 348 347 346 347 347 348 351 354 354 353 353 353 355 358 358 357 357 358 355 355 356 354 352 353 354 355 356 357 357 358 358 360 361 362 364 363 365 359 367 368 367 360 353 352 340 350 342 342 337
335 334 335 336 336 339 340 339 337 341 340 342 342 344 343 346 347 346 347 348 347 347 348 346 344 348 355 353 349 351 352 352 356 357 358 355 353 357 354 355 354 356 355 355 357 357 356 356 357 359 361 363 364 366 367 368 368 370 370 371 369 361 359 360 351 336 346 341 339
338 339 338 339 339 339 339 339 341 342 342 342 343 344 346 346 348 347 348 347 346 347 344 343 344 350 355 353 347 350 349 354 356 358 357 354 351 354 354 353 353 356 353 356 358 357 358 356 359 361 363 365 366 367 369 370 372 372 372 372 371 366 363 363 353 346 342 340 340
339 340 339 338 340 339 336 337 340 342 343 341 345 346 346 348 346 347 349 347 348 343 343 343 348 353 354 354 344 345 350 352 358 360 358 355 353 353 354 351 354 356 355 356 358 360 358 359 360 363 365 367 368 370 371 372 374 375 374 373 372 368 367 366 355 346 318 342 344
339 339 335 339 339 339 334 337 340 342 343 344 344 347 347 347 347 348 348 346 346 343 352 353 355 355 353 355 348 343 348 354 358 360 359 357 355 355 354 353 353 355 360 362 363 362 362 360 362 365 367 369 370 372 372 374 375 376 376 375 373 370 368 366 357 346 341 347 346
339 338 336 337 338 341 331 338 339 342 344 345 345 347 348 349 349 349 348 342 342 353 353 354 353 351 355 354 354 346 347 353 349 360 360 359 357 356 356 356 358 359 358 362 364 365 364 365 367 368 369 370 372 373 376 375 376 377 377 377 375 373 369 366 357 348 346 352 349
339 334 335 336 336 342 333 337 340 342 344 346 346 347 348 349 350 350 350 339 352 353 354 354 346 347 355 351 352 344 347 353 355 359 360 361 359 356 357 356 359 362 363 365 364 366 365 367 368 370 371 373 373 375 377 377 378 379 378 377 376 374 371 366 358 354 356 354 351
337 337 334 335 338 342 332 339 340 342 344 345 347 348 350 351 351 352 353 353 354 354 354 353 349 351 354 352 350 349 348 353 353 357 361 361 357 355 356 359 362 361 362 365 361 365 367 368 369 372 373 375 376 376 378 378 379 379 378 378 377 375 372 367 361 352 358 358 354
333 330 333 336 339 342 336 337 338 342 345 347 347 349 351 352 353 354 354 352 353 356 354 352 351 351 350 350 349 346 349 352 353 358 361 360 357 355 357 360 360 359 360 364 361 363 368 369 370 372 374 376 377 379 379 380 381 380 380 379 377 376 373 369 364 356 359 360 358
332 329 336 339 338 342 331 334 338 341 344 346 347 350 352 353 354 352 352 351 353 354 356 355 353 352 350 347 343 344 349 352 355 359 361 361 358 354 357 360 359 357 359 362 361 361 365 369 371 372 375 377 379 380 381 381 382 382 381 380 378 377 374 370 365 364 364 363 361
326 334 339 338 336 341 342 339 339 342 344 345 347 351 352 353 355 353 350 349 352 354 355 355 354 353 351 350 347 344 350 353 354 359 362 361 359 355 357 360 361 358 359 361 361 360 365 369 371 372 376 377 380 381 383 383 384 383 383 381 379 378 376 369 365 363 364 364 364
334 338 341 333 335 336 341 340 338 342 343 347 350 353 353 354 355 352 350 349 351 352 356 354 353 353 352 350 346 348 353 356 357 360 361 361 359 358 359 361 362 363 363 363 364 364 365 370 372 373 376 378 380 382 384 384 385 386 384 383 381 380 377 367 364 362 362 364 365
336 341 340 335 332 334 337 341 339 338 344 348 352 352 354 355 356 353 349 346 349 352 355 355 356 354 352 349 350 346 352 357 360 362 363 359 361 363 365 371 366 365 364 366 365 367 367 371 374 374 378 379 381 383 384 385 387 387 387 386 384 382 381 374 363 363 358 364 366
341 335 325 313 326 335 338 340 337 339 341 347 351 353 355 355 355 353 349 345 348 351 355 356 353 355 354 352 349 350 352 354 358 363 364 361 361 364 369 370 369 366 366 367 367 370 372 374 375 377 378 380 380 382 385 386 388 390 391 387 386 384 377 377 354 359 355 341 366
338 333 320 296 319 338 338 339 338 343 342 349 350 352 355 355 354 354 349 346 346 352 353 356 354 354 351 349 350 353 353 357 358 363 364 364 364 364 368 369 368 367 366 368 369 373 374 377 378 379 381 381 381 383 386 387 390 392 391 390 388 385 383 379 365 368 364 359 363
338 337 333 337 339 344 342 340 340 341 340 347 348 353 355 355 354 354 350 348 349 352 355 356 357 356 351 354 354 355 356 357 359 360 362 364 363 367 370 369 368 367 366 370 373 375 377 378 380 381 381 382 383 383 386 388 390 392 393 392 389 387 384 379 375 369 366 362 357
