trunk/EcoCrop/data/climate/tmax_2.asc
NCOLS 660 
NROWS 360 
XLLCORNER -20 
YLLCORNER -30 
CELLSIZE 0.1666667 
NODATA_value -3.4e+38 
[rows 30 to 59 of 360, columns 138 to 206 of 660]
250 248 251 247 245 237 234 233 232 230 230 230 227 226 217 229 232 227 224 225 225 225 225 224 212 210 215 213 205 204 194 218 220 219 219 209 205 195 183 191 198 214 233 234 208 223 226 228 231 231 207 215 217 220 220 224 223 222 225 227 227 226 227 229 230 232 232 233 233
254 249 250 249 238 240 237 237 234 232 230 231 226 225 189 227 233 227 209 224 225 225 225 224 222 217 220 215 220 217 199 222 224 224 221 218 215 204 190 183 196 212 224 232 217 222 226 230 230 231 227 222 214 221 223 223 224 224 226 228 227 228 229 230 231 233 233 233 235
239 254 251 249 244 240 231 239 237 234 233 228 219 219 218 215 232 223 204 223 224 225 225 224 222 219 220 223 225 224 219 226 227 226 225 221 217 218 213 209 182 201 210 226 208 225 228 230 228 232 226 213 216 219 224 224 224 226 228 227 229 229 230 231 233 233 234 234 237
247 252 248 247 243 244 242 241 239 240 234 229 225 216 202 171 228 223 214 217 224 225 224 222 219 220 219 219 224 228 228 228 229 228 227 226 223 224 220 217 182 191 208 216 227 219 225 227 229 233 227 215 215 222 223 224 226 227 228 228 230 231 231 233 234 234 235 237 236
238 248 250 251 244 244 243 243 244 241 235 226 224 222 209 206 227 224 219 220 223 224 222 219 205 213 222 225 226 226 228 231 231 231 230 229 229 226 226 223 217 188 193 205 218 217 215 228 229 233 231 220 217 220 221 224 226 226 229 231 231 233 233 234 235 235 237 238 238
257 256 253 252 250 247 247 247 245 240 234 230 228 225 213 209 219 226 223 218 221 222 219 201 207 214 213 224 221 223 222 228 230 232 233 233 224 230 229 226 222 216 208 208 220 223 213 223 229 233 233 209 217 220 221 225 227 229 230 230 232 234 234 235 236 237 238 240 239
259 258 256 256 252 253 250 246 244 238 228 234 229 228 220 215 208 217 220 213 207 216 213 190 200 210 215 221 220 214 220 222 230 232 234 234 230 232 230 233 231 227 222 208 213 220 212 224 223 229 235 232 214 220 224 226 228 230 231 232 234 235 235 236 237 239 240 240 238
260 260 258 257 254 254 251 246 243 243 238 235 234 230 221 211 207 206 210 205 188 194 197 205 213 221 214 217 214 218 224 225 228 233 235 235 236 234 236 236 234 231 231 230 220 219 224 218 221 230 232 235 215 220 224 226 228 230 233 234 234 235 236 237 239 239 240 239 239
262 260 259 257 256 252 248 249 246 243 241 239 235 227 220 211 199 175 181 174 185 198 207 216 218 229 226 206 221 225 228 229 232 234 233 236 238 236 237 238 239 236 236 233 232 224 222 224 226 223 227 233 235 220 224 226 230 231 234 234 235 236 238 240 239 238 239 239 239
261 258 257 257 256 253 252 250 248 244 244 240 233 217 205 188 181 173 178 187 196 202 209 222 227 232 232 225 223 218 227 228 232 231 233 235 238 240 237 240 241 241 240 240 236 235 222 218 221 228 222 228 233 234 225 227 232 232 234 235 236 237 240 238 238 238 234 232 233
261 260 260 259 255 254 252 252 250 248 243 239 232 221 194 160 161 177 176 196 195 204 230 226 232 232 236 234 224 217 222 227 229 232 236 241 239 242 241 238 238 243 242 242 241 239 231 229 226 225 223 228 231 235 234 229 231 231 233 235 237 239 238 238 236 235 232 236 239
262 261 261 259 257 257 255 253 252 246 243 238 234 227 203 179 188 190 204 215 224 223 232 234 235 238 239 237 224 226 221 216 232 238 239 240 243 242 244 242 242 240 244 244 244 239 238 234 231 227 229 222 228 233 235 230 232 233 235 237 238 238 235 236 236 235 238 238 240
264 263 262 260 259 257 257 256 253 248 244 241 236 225 214 192 202 215 221 227 227 234 234 242 241 241 239 241 230 226 223 232 240 241 244 244 245 248 246 244 243 244 245 247 244 241 232 238 230 236 232 229 228 229 235 226 230 233 233 235 236 234 233 231 237 237 237 237 240
265 265 263 261 261 260 259 250 255 245 242 236 233 221 219 217 210 221 225 233 237 241 239 243 246 240 245 241 236 233 231 238 244 246 243 246 250 250 248 249 245 244 246 247 247 246 244 238 243 246 241 231 222 227 233 225 228 231 234 234 231 232 230 233 240 239 240 220 242
266 266 264 263 262 261 261 258 255 252 233 239 236 229 229 225 223 228 231 237 243 249 249 236 250 249 247 247 246 241 239 245 246 248 250 250 251 251 251 250 248 249 249 250 251 248 249 250 247 241 243 241 237 233 237 227 228 230 232 232 233 230 233 236 242 242 244 241 246
267 268 266 265 263 261 262 259 256 256 252 248 246 241 238 237 236 234 230 240 248 252 254 254 251 246 252 253 252 248 245 242 248 249 249 249 251 254 253 251 252 247 252 253 253 253 251 248 252 245 251 247 243 228 231 243 244 233 233 232 232 232 233 235 232 244 245 246 247
269 266 266 266 265 263 261 260 261 258 252 251 248 248 245 247 244 243 247 246 248 254 251 256 250 249 255 256 255 246 251 251 251 253 254 254 254 255 256 256 254 252 255 255 256 253 255 253 253 251 248 239 246 232 232 237 231 234 241 238 233 233 241 238 247 246 249 248 252
270 268 268 266 265 264 265 261 262 260 257 255 251 253 252 250 251 252 250 252 252 257 256 258 257 259 260 259 258 257 256 256 251 253 255 255 257 253 255 258 256 256 256 258 258 258 257 257 258 255 255 251 248 248 241 243 249 235 243 249 251 251 250 249 250 251 252 251 251
269 268 268 267 265 264 263 261 262 260 259 256 255 256 257 256 257 255 257 254 257 253 257 262 261 261 262 261 260 260 260 257 258 256 256 256 256 254 258 259 258 259 258 260 259 259 260 260 260 260 258 257 252 255 239 242 250 251 237 245 248 253 254 255 253 256 255 255 256
264 268 268 267 266 264 262 260 263 262 261 258 259 259 260 260 259 258 261 261 261 263 264 264 265 264 264 263 264 263 261 260 258 259 257 258 255 256 255 260 262 261 262 262 262 262 261 261 261 261 261 260 259 257 253 240 248 250 254 253 246 253 255 255 257 256 257 256 259
269 267 267 267 264 264 263 263 263 262 262 261 260 261 262 263 263 261 264 264 265 267 267 267 268 267 266 266 267 263 263 263 263 261 258 255 256 259 261 262 263 263 264 264 263 264 265 264 264 263 262 262 262 258 256 247 250 254 247 255 239 252 254 254 259 258 258 259 258
270 263 267 266 263 265 263 262 262 264 265 263 263 263 265 265 266 265 268 268 270 255 264 269 269 270 269 268 267 265 264 265 262 263 257 257 259 261 261 262 265 266 266 265 266 266 266 267 265 265 265 264 263 257 260 252 253 254 245 248 245 241 254 259 258 260 260 261 260
269 266 266 267 265 263 262 263 264 266 267 265 266 266 266 266 266 268 270 271 272 267 269 269 272 268 273 269 268 265 265 264 267 264 262 262 262 261 260 264 266 267 268 268 267 268 268 268 268 267 267 266 266 265 264 256 247 247 259 246 253 245 256 260 261 258 260 262 262
269 267 267 267 265 264 261 265 266 268 269 267 267 268 270 269 269 271 272 272 271 268 274 273 272 273 274 274 272 270 268 269 269 268 265 266 263 259 263 267 268 269 270 270 270 269 269 269 269 270 269 268 268 267 262 266 262 257 261 248 253 248 247 262 263 263 262 266 264
268 268 266 267 261 262 264 266 269 269 270 270 268 270 271 272 272 273 274 275 274 274 276 276 276 275 276 274 273 272 272 272 271 270 269 267 264 267 265 268 269 270 271 271 272 272 272 272 271 271 270 270 270 268 268 266 264 265 264 258 260 254 253 261 265 267 268 266 265
267 268 263 267 265 260 268 269 270 272 272 270 269 273 272 274 275 274 276 275 277 280 276 278 279 277 276 276 274 272 273 271 268 270 267 268 264 267 270 269 271 272 273 273 273 273 273 273 273 273 272 272 271 271 270 268 269 267 266 266 264 259 259 263 264 268 268 266 266
264 265 264 266 266 263 269 271 273 274 273 272 271 274 276 276 277 277 278 279 280 280 278 279 279 279 278 277 275 275 274 270 270 265 266 267 266 268 269 271 272 273 274 275 276 275 275 275 275 274 274 273 272 273 272 271 270 269 269 267 265 266 264 267 258 267 268 267 267
262 263 262 264 265 266 269 273 273 275 275 274 273 276 277 276 280 279 282 282 283 283 281 283 282 280 278 274 274 274 273 271 269 267 261 263 265 267 269 271 273 275 276 277 277 277 277 276 276 276 276 275 275 274 273 272 271 271 270 270 267 267 268 267 269 272 268 269 269
264 264 263 268 267 269 268 275 274 277 277 275 276 275 281 277 282 281 284 285 285 285 286 283 284 280 280 279 277 277 271 269 266 261 258 261 265 268 271 272 274 275 277 277 278 278 278 278 278 278 277 276 276 276 274 274 273 272 272 273 267 266 272 269 268 272 270 271 271
267 268 266 270 270 274 273 277 278 278 280 278 278 280 284 283 284 284 283 287 287 287 287 287 284 283 283 277 280 271 273 265 260 226 252 261 266 269 271 273 275 276 277 278 280 280 280 280 279 279 279 278 278 277 276 275 274 274 273 272 268 271 272 274 272 268 271 272 271
