trunk/EcoCrop/data/climate/tmax_4.asc
NCOLS 660 
NROWS 360 
XLLCORNER -20 
YLLCORNER -30 
CELLSIZE 0.1666667 
NODATA_value -3.4e+38 
[rows 120 to 149 of 360, columns 69 to 137 of 660]
358 358 355 352 350 352 352 347 347 347 344 346 349 348 348 349 346 346 345 346 348 351 351 358 354 354 354 353 353 353 354 360 362 362 363 356 351 353 354 358 363 352 361 362 366 364 365 363 361 362 364 363 366 367 368 366 365 360 357 354 349 352 353 356 353 356 354 353 351
352 353 352 351 348 350 348 342 342 344 343 346 346 343 345 344 346 346 344 344 342 345 352 354 355 355 356 353 351 349 354 351 358 355 359 353 350 352 354 353 356 352 360 365 364 364 363 362 363 358 361 364 365 366 361 364 360 342 340 347 344 350 353 354 351 356 355 353 349
347 348 347 346 343 345 342 340 331 339 336 342 345 340 343 342 340 341 341 342 338 343 348 350 352 353 352 353 349 350 350 348 352 354 354 350 347 348 353 355 345 357 363 362 360 360 360 357 356 356 357 363 365 362 359 358 353 355 349 347 341 345 349 351 355 355 353 351 351
337 346 343 341 339 340 340 341 341 333 337 340 340 338 341 341 339 339 339 338 336 340 343 348 348 352 352 352 348 348 346 344 348 346 348 346 344 347 350 352 349 351 360 362 359 360 361 361 358 353 354 358 362 359 357 354 348 343 341 346 344 343 347 350 353 354 353 355 352
329 337 336 339 333 336 338 340 341 332 336 335 336 338 338 336 339 339 340 335 339 340 340 344 346 349 352 351 348 348 344 342 340 339 345 344 339 344 345 349 350 357 357 361 358 359 357 360 356 354 353 358 359 356 348 347 344 332 321 340 343 343 348 349 354 352 349 352 348
325 331 330 333 334 334 336 340 338 335 336 334 335 334 337 339 335 336 339 338 337 342 340 342 346 348 347 351 349 349 339 339 341 341 344 340 336 342 341 346 348 352 357 357 360 357 358 356 352 355 355 355 360 356 349 353 332 341 337 343 342 341 347 351 350 350 346 350 346
302 320 318 324 309 333 334 337 335 334 334 337 338 336 335 336 338 335 340 334 338 341 338 341 343 345 343 349 346 341 334 336 339 330 340 341 340 339 340 341 341 350 356 356 357 354 357 356 354 355 352 354 353 352 354 348 345 337 338 343 340 342 344 348 351 350 344 347 344
315 310 319 324 331 329 333 334 334 331 333 336 338 334 336 337 338 339 339 336 338 343 338 335 344 346 343 347 347 344 336 335 331 335 338 340 341 341 345 352 348 352 355 354 354 353 352 352 352 350 352 348 356 353 352 312 328 339 344 343 342 342 344 346 348 350 344 346 341
319 322 323 322 325 323 329 334 329 328 331 334 335 335 334 335 336 341 336 340 342 343 336 333 344 343 343 347 343 341 343 335 329 332 339 339 343 339 346 351 351 353 352 352 354 355 354 350 352 353 349 354 352 350 345 325 335 340 345 341 340 341 344 346 346 348 343 345 340
309 318 319 323 324 326 327 331 330 328 330 330 335 333 334 337 336 342 340 342 340 344 337 335 342 344 344 345 340 335 331 336 326 332 334 338 340 341 347 350 347 349 350 353 350 351 353 351 347 351 349 355 351 351 340 320 334 337 343 340 342 342 343 346 349 348 343 344 337
322 322 322 318 318 322 322 326 330 324 330 330 333 333 336 334 338 337 341 339 338 343 339 342 341 342 342 345 340 340 337 333 329 322 331 331 333 343 343 348 350 347 348 348 350 349 350 352 352 353 347 350 351 345 314 310 323 334 342 339 343 342 344 344 347 347 345 345 339
325 323 322 321 320 321 321 327 330 326 329 331 330 331 334 334 338 342 342 340 341 343 344 340 344 344 344 343 340 338 337 335 332 306 329 330 332 342 343 343 339 334 337 347 347 350 351 349 351 353 352 353 352 314 308 314 333 331 340 341 337 342 343 345 347 347 342 345 340
324 322 320 317 318 320 319 319 330 325 324 329 331 335 334 335 339 344 343 341 340 340 345 342 343 345 342 343 338 341 341 336 332 334 331 329 331 332 337 331 322 336 342 346 345 346 346 347 349 351 350 353 352 316 335 316 331 334 338 335 334 342 343 344 344 347 346 341 339
322 326 317 315 314 309 308 313 330 327 325 325 326 333 334 336 343 343 341 337 333 338 339 343 344 342 340 339 343 337 336 334 335 332 332 329 330 331 326 311 330 334 343 342 343 344 342 345 347 348 352 351 350 325 334 312 308 328 334 332 333 337 344 342 344 344 344 341 340
305 326 303 295 308 298 314 323 326 325 327 325 329 332 338 335 339 342 341 338 335 339 342 343 344 342 341 339 339 341 336 333 334 331 327 325 330 333 315 313 329 336 340 338 340 341 342 345 345 345 345 349 347 328 335 309 311 326 332 334 334 338 340 346 343 345 342 338 338
328 328 306 300 314 318 319 323 324 324 326 325 330 327 336 331 341 339 341 338 338 341 340 343 342 342 338 336 336 339 333 334 334 328 322 324 323 327 319 317 331 331 333 336 339 339 339 340 337 342 345 347 347 341 334 298 329 334 334 336 332 337 340 341 346 347 342 335 334
331 328 325 326 323 322 323 320 326 321 326 326 327 326 335 335 338 335 336 337 336 342 337 343 341 339 334 333 337 338 334 331 328 328 327 322 323 325 320 323 319 315 328 336 332 335 338 334 339 342 343 337 346 310 328 284 321 331 332 337 336 336 339 336 344 345 343 339 337
330 332 330 327 323 324 322 303 325 322 324 326 327 328 329 333 336 334 335 335 337 340 342 344 340 340 337 333 333 336 331 330 328 326 329 320 324 324 325 310 316 313 296 320 335 334 336 334 337 338 337 342 344 339 332 328 330 330 331 333 337 336 338 341 343 344 342 340 337
335 334 330 325 326 325 322 322 325 324 324 326 326 326 325 333 336 336 333 331 335 340 342 343 343 338 332 336 337 332 328 330 326 330 326 327 327 328 320 320 323 319 309 302 327 336 337 335 337 330 338 338 337 336 319 326 328 331 334 335 337 333 337 337 338 340 333 334 333
334 330 329 328 328 328 323 323 325 324 324 325 325 324 327 327 330 332 333 331 330 340 342 341 343 337 334 334 333 331 328 328 324 327 326 326 326 324 295 325 325 323 320 326 311 318 331 337 336 337 338 336 327 329 327 331 330 329 332 333 337 334 332 328 329 335 329 328 328
327 330 329 329 327 328 325 324 324 324 324 324 325 324 325 325 327 327 330 320 333 338 344 340 338 333 335 332 331 329 328 329 324 328 325 322 326 320 322 303 320 324 319 325 327 324 294 305 299 336 337 337 325 331 334 332 330 326 329 327 333 332 327 326 325 328 326 327 325
331 330 332 333 330 327 325 324 325 323 323 324 323 322 326 323 322 326 330 331 333 335 338 339 334 334 333 331 328 331 329 329 326 311 327 325 328 322 314 317 316 323 297 321 326 317 321 322 298 321 324 332 333 336 331 330 325 326 322 328 325 328 328 325 323 319 320 322 321
331 332 334 335 331 326 326 322 323 323 323 322 322 321 325 323 323 323 323 329 333 336 338 335 333 335 333 330 330 327 329 326 326 327 328 329 321 321 317 319 316 310 321 326 326 319 320 280 318 306 332 339 336 335 329 328 324 321 323 324 324 -3.4e+38 -3.4e+38 -3.4e+38 -3.4e+38 -3.4e+38 -3.4e+38 -3.4e+38 -3.4e+38
333 338 338 336 332 328 326 321 320 321 321 319 320 322 321 322 321 323 324 325 329 335 336 333 330 332 330 327 329 327 329 328 328 327 314 329 324 322 321 313 305 318 320 324 318 317 317 304 314 315 312 338 336 332 327 325 322 321 -3.4e+38 -3.4e+38 -3.4e+38 -3.4e+38 -3.4e+38 -3.4e+38 -3.4e+38 -3.4e+38 -3.4e+38 -3.4e+38 -3.4e+38
329 335 339 337 334 329 325 322 319 319 320 319 320 319 321 317 317 321 324 325 330 332 333 330 331 332 328 327 328 326 324 327 327 326 325 318 325 322 322 316 309 321 322 322 320 319 313 319 324 321 302 329 328 324 322 321 320 -3.4e+38 -3.4e+38 -3.4e+38 -3.4e+38 -3.4e+38 -3.4e+38 -3.4e+38 -3.4e+38 -3.4e+38 -3.4e+38 -3.4e+38 -3.4e+38
328 330 335 338 333 326 323 320 317 318 317 321 320 318 319 317 316 316 321 326 328 329 331 327 326 328 324 325 322 324 322 324 320 316 324 328 323 323 325 321 313 320 316 315 313 310 315 319 323 320 322 325 -3.4e+38 -3.4e+38 -3.4e+38 -3.4e+38 -3.4e+38 -3.4e+38 -3.4e+38 -3.4e+38 -3.4e+38 -3.4e+38 -3.4e+38 -3.4e+38 -3.4e+38 -3.4e+38 -3.4e+38 -3.4e+38 -3.4e+38
324 322 327 330 327 325 323 319 317 316 314 319 319 318 308 315 317 317 321 326 328 330 328 324 325 326 322 325 321 325 324 323 323 317 325 325 319 322 323 316 313 318 313 314 314 319 318 318 322 320 -3.4e+38 -3.4e+38 -3.4e+38 -3.4e+38 -3.4e+38 -3.4e+38 -3.4e+38 -3.4e+38 -3.4e+38 -3.4e+38 -3.4e+38 -3.4e+38 -3.4e+38 -3.4e+38 -3.4e+38 -3.4e+38 -3.4e+38 -3.4e+38 -3.4e+38
316 319 320 321 320 321 320 317 316 311 315 315 317 315 314 314 315 319 325 326 327 326 326 325 324 324 318 320 322 320 319 325 323 324 323 321 314 315 319 312 313 316 308 313 317 316 316 319 -3.4e+38 -3.4e+38 -3.4e+38 -3.4e+38 -3.4e+38 -3.4e+38 -3.4e+38 -3.4e+38 -3.4e+38 -3.4e+38 -3.4e+38 -3.4e+38 -3.4e+38 -3.4e+38 -3.4e+38 -3.4e+38 -3.4e+38 -3.4e+38 -3.4e+38 -3.4e+38 -3.4e+38
315 317 315 312 315 317 317 313 309 312 316 314 313 317 314 315 316 319 322 325 326 325 325 326 325 322 322 322 321 321 318 322 316 318 322 315 312 314 315 310 309 312 309 313 313 316 -3.4e+38 -3.4e+38 -3.4e+38 -3.4e+38 -3.4e+38 -3.4e+38 -3.4e+38 -3.4e+38 -3.4e+38 -3.4e+38 -3.4e+38 -3.4e+38 -3.4e+38 -3.4e+38 -3.4e+38 -3.4e+38 -3.4e+38 -3.4e+38 -3.4e+38 -3.4e+38 -3.4e+38 -3.4e+38 -3.4e+38
311 311 312 308 307 314 313 308 307 309 314 316 312 313 313 314 315 319 -3.4e+38 -3.4e+38 -3.4e+38 -3.4e+38 -3.4e+38 -3.4e+38 -3.4e+38 -3.4e+38 -3.4e+38 -3.4e+38 -3.4e+38 -3.4e+38 -3.4e+38 -3.4e+38 -3.4e+38 321 319 316 311 312 308 308 309 312 314 -3.4e+38 -3.4e+38 -3.4e+38 -3.4e+38 -3.4e+38 -3.4e+38 -3.4e+38 -3.4e+38 -3.4e+38 -3.4e+38 -3.4e+38 -3.4e+38 -3.4e+38 -3.4e+38 -3.4e+38 -3.4e+38 -3.4e+38 -3.4e+38 -3.4e+38 -3.4e+38 -3.4e+38 -3.4e+38 -3.4e+38 -3.4e+38 -3.4e+38 -3.4e+38
