trunk/EcoCrop/data/climate/tmax_11.asc
NCOLS 660 
NROWS 360 
XLLCORNER -20 
YLLCORNER -30 
CELLSIZE 0.1666667 
NODATA_value -3.4e+38 
[rows 30 to 59 of 360, columns 276 to 344 of 660]
256 252 251 250 251 254 256 258 260 262 264 265 267 269 269 272 273 272 273 272 273 278 279 278 282 285 291 294 292 290 286 280 280 281 281 282 282 284 294 302 301 300 294 293 290 287 284 275 277 273 265 259 275 291 -3.4e+38 -3.4e+38 -3.4e+38 -3.4e+38 -3.4e+38 -3.4e+38 -3.4e+38 -3.4e+38 -3.4e+38 -3.4e+38 -3.4e+38 -3.4e+38 -3.4e+38 -3.4e+38 291
254 253 252 250 252 254 256 259 261 261 263 265 266 268 270 272 269 271 275 278 278 277 277 281 284 289 291 297 280 285 284 281 282 283 283 284 284 285 286 303 302 302 297 295 295 292 286 282 277 273 267 239 275 279 296 -3.4e+38 -3.4e+38 -3.4e+38 -3.4e+38 -3.4e+38 -3.4e+38 -3.4e+38 -3.4e+38 -3.4e+38 -3.4e+38 -3.4e+38 -3.4e+38 303 289
252 254 255 251 253 255 256 256 260 263 264 265 268 270 271 274 272 273 274 276 277 278 280 282 285 290 293 296 297 283 284 286 285 286 286 288 287 287 295 306 304 304 302 298 296 296 290 288 282 277 275 273 276 278 294 -3.4e+38 -3.4e+38 -3.4e+38 -3.4e+38 -3.4e+38 -3.4e+38 -3.4e+38 -3.4e+38 -3.4e+38 -3.4e+38 -3.4e+38 -3.4e+38 -3.4e+38 304
248 252 251 252 254 251 251 255 260 264 267 269 269 271 273 277 275 279 276 275 276 278 279 284 288 290 291 295 298 287 287 290 288 289 289 290 291 296 308 295 308 312 307 304 301 298 287 286 287 281 277 271 268 268 285 -3.4e+38 -3.4e+38 -3.4e+38 -3.4e+38 -3.4e+38 -3.4e+38 -3.4e+38 -3.4e+38 -3.4e+38 -3.4e+38 -3.4e+38 -3.4e+38 -3.4e+38 -3.4e+38
247 252 252 251 253 250 252 266 269 269 269 269 271 274 274 278 278 277 275 274 276 278 279 283 288 288 289 294 286 291 294 287 287 290 291 293 295 293 310 312 312 310 306 303 301 297 294 293 287 283 281 275 259 253 279 289 299 -3.4e+38 -3.4e+38 -3.4e+38 -3.4e+38 -3.4e+38 -3.4e+38 -3.4e+38 -3.4e+38 -3.4e+38 -3.4e+38 -3.4e+38 -3.4e+38
245 248 253 249 249 252 254 263 266 269 268 271 272 276 277 279 278 277 276 278 279 280 283 284 288 292 293 296 295 293 294 290 290 291 291 294 293 296 300 316 315 309 306 301 297 295 297 292 291 287 284 280 278 271 234 288 291 300 -3.4e+38 -3.4e+38 -3.4e+38 -3.4e+38 -3.4e+38 -3.4e+38 -3.4e+38 -3.4e+38 -3.4e+38 -3.4e+38 -3.4e+38
245 240 250 251 257 255 259 265 268 271 271 272 274 277 278 279 279 279 277 281 282 285 286 285 288 292 291 294 293 296 290 291 294 294 295 295 295 305 313 319 321 313 306 301 295 293 295 296 291 287 284 282 278 276 273 283 299 -3.4e+38 -3.4e+38 -3.4e+38 -3.4e+38 -3.4e+38 -3.4e+38 -3.4e+38 -3.4e+38 -3.4e+38 -3.4e+38 -3.4e+38 -3.4e+38
241 239 246 258 262 264 264 267 268 271 274 275 276 278 280 281 281 280 281 282 284 286 288 287 289 294 295 295 293 293 291 293 295 296 297 295 297 299 314 317 317 314 308 298 297 294 290 291 293 291 285 281 283 279 273 279 293 -3.4e+38 -3.4e+38 -3.4e+38 -3.4e+38 -3.4e+38 -3.4e+38 -3.4e+38 -3.4e+38 -3.4e+38 -3.4e+38 -3.4e+38 -3.4e+38
238 238 242 255 262 262 265 265 268 272 276 277 278 279 282 283 284 283 284 284 286 287 288 288 292 296 295 294 295 292 297 296 295 294 295 295 296 299 314 316 315 313 309 304 298 294 294 293 289 291 290 285 281 282 261 273 297 -3.4e+38 -3.4e+38 -3.4e+38 -3.4e+38 -3.4e+38 -3.4e+38 -3.4e+38 -3.4e+38 -3.4e+38 -3.4e+38 -3.4e+38 -3.4e+38
237 242 245 254 264 260 262 261 266 274 278 278 279 281 282 283 284 285 285 286 287 288 289 290 293 294 296 297 297 294 295 299 300 303 299 298 305 309 312 313 313 312 307 300 299 295 292 284 289 289 288 284 277 289 288 291 289 -3.4e+38 -3.4e+38 -3.4e+38 -3.4e+38 -3.4e+38 -3.4e+38 -3.4e+38 -3.4e+38 -3.4e+38 -3.4e+38 -3.4e+38 -3.4e+38
240 245 258 262 267 273 267 265 270 274 281 281 281 283 284 285 286 287 286 287 288 290 291 292 292 294 295 298 294 297 296 296 301 303 302 301 302 306 308 308 312 311 307 302 296 294 292 287 287 286 283 274 286 296 296 288 299 -3.4e+38 -3.4e+38 -3.4e+38 -3.4e+38 -3.4e+38 -3.4e+38 -3.4e+38 -3.4e+38 -3.4e+38 -3.4e+38 -3.4e+38 -3.4e+38
253 258 258 268 271 272 275 278 278 279 281 282 284 285 285 286 288 288 288 288 289 291 292 292 294 294 296 294 294 299 298 300 301 300 299 300 298 301 303 309 310 310 305 303 299 297 291 280 283 283 276 286 291 288 289 294 302 304 -3.4e+38 -3.4e+38 -3.4e+38 -3.4e+38 -3.4e+38 -3.4e+38 -3.4e+38 -3.4e+38 -3.4e+38 -3.4e+38 -3.4e+38
254 255 255 265 273 274 276 278 279 281 282 284 285 286 287 288 289 289 289 290 290 291 292 293 291 293 292 292 290 296 298 298 299 298 298 297 300 306 302 309 308 310 310 306 303 298 295 276 284 284 285 286 286 285 287 287 296 304 306 -3.4e+38 -3.4e+38 -3.4e+38 -3.4e+38 -3.4e+38 -3.4e+38 -3.4e+38 -3.4e+38 -3.4e+38 -3.4e+38
251 264 264 269 274 275 278 279 281 282 283 285 286 287 288 289 290 289 291 291 291 291 291 291 294 294 295 294 296 294 296 293 297 297 299 300 304 306 305 308 305 305 303 306 303 302 291 292 289 283 282 283 282 282 277 280 295 299 305 -3.4e+38 -3.4e+38 -3.4e+38 -3.4e+38 -3.4e+38 -3.4e+38 -3.4e+38 -3.4e+38 -3.4e+38 -3.4e+38
262 263 270 274 276 278 279 281 282 283 285 286 287 288 289 290 290 290 290 291 292 291 291 294 293 294 293 293 294 291 292 291 294 297 299 301 297 303 305 302 303 298 299 307 304 300 297 294 292 289 286 282 279 278 273 276 287 296 300 303 303 304 -3.4e+38 -3.4e+38 -3.4e+38 -3.4e+38 -3.4e+38 -3.4e+38 -3.4e+38
269 271 275 273 274 278 280 282 283 285 286 287 288 288 290 290 291 292 291 291 291 291 292 293 294 292 290 291 293 293 290 292 294 296 298 297 295 299 301 298 294 297 302 307 304 304 301 299 295 293 292 287 282 277 275 259 288 286 290 298 300 300 305 -3.4e+38 -3.4e+38 -3.4e+38 -3.4e+38 -3.4e+38 -3.4e+38
272 272 272 271 274 275 280 284 285 286 287 288 289 290 290 291 291 291 291 291 293 293 294 292 292 291 290 292 289 288 290 290 293 295 297 294 295 297 298 298 293 298 306 303 300 299 301 301 298 296 292 286 283 273 272 273 279 275 286 294 284 289 294 304 -3.4e+38 -3.4e+38 -3.4e+38 -3.4e+38 -3.4e+38
272 271 271 273 274 281 283 284 286 287 288 289 290 290 291 292 292 291 291 292 294 293 293 291 291 290 288 289 287 288 290 290 293 290 291 294 292 294 294 296 297 298 305 296 296 295 297 295 295 296 294 291 289 273 272 268 243 258 277 295 290 276 278 294 302 -3.4e+38 -3.4e+38 -3.4e+38 -3.4e+38
277 277 277 280 282 283 284 286 287 289 290 290 290 291 292 292 292 293 293 294 293 292 293 292 288 287 285 286 284 286 290 292 288 285 286 293 290 288 289 289 296 301 305 300 301 299 294 293 293 294 290 293 285 280 276 267 229 273 282 289 290 281 244 278 297 -3.4e+38 -3.4e+38 -3.4e+38 -3.4e+38
277 277 279 281 282 285 286 287 288 289 290 291 291 292 292 293 293 293 293 293 294 294 292 291 288 285 283 285 289 291 292 293 292 289 284 287 289 286 284 291 293 299 306 305 303 301 298 295 290 291 290 287 287 279 271 266 273 282 288 289 290 272 269 276 294 -3.4e+38 -3.4e+38 -3.4e+38 -3.4e+38
272 268 274 276 280 284 287 288 290 291 291 292 293 292 294 293 294 294 294 294 295 293 291 291 287 287 290 291 292 293 296 288 292 292 293 291 289 292 288 286 294 297 303 308 305 303 298 294 285 291 290 289 287 267 259 263 270 280 278 283 278 282 263 267 292 304 -3.4e+38 -3.4e+38 -3.4e+38
272 269 276 280 282 285 288 290 291 291 292 293 294 294 295 295 295 293 294 295 297 294 293 292 293 293 294 295 295 296 295 292 291 294 295 294 293 292 288 290 295 295 304 308 305 304 299 294 285 289 285 289 281 270 265 277 278 278 273 282 286 280 265 275 285 301 -3.4e+38 -3.4e+38 -3.4e+38
276 274 275 279 283 286 290 291 291 292 293 294 293 294 295 295 295 297 297 297 293 297 296 290 293 294 296 297 301 300 294 293 292 293 295 292 295 293 289 288 289 302 305 308 309 306 301 290 285 289 288 286 279 276 279 282 282 282 283 285 271 275 261 240 277 297 304 -3.4e+38 -3.4e+38
277 281 277 282 285 288 290 291 292 293 294 293 293 295 295 296 296 297 297 296 293 298 297 295 298 300 300 301 293 298 299 297 294 293 291 294 296 291 289 295 301 302 306 309 309 306 306 304 295 288 290 285 283 275 275 284 284 285 286 286 273 268 265 258 265 293 302 -3.4e+38 -3.4e+38
281 283 284 289 288 290 290 291 293 293 294 293 294 295 296 296 297 298 298 298 298 297 297 299 302 303 303 305 301 299 298 299 299 295 294 295 296 294 295 296 302 307 310 311 307 309 306 305 300 297 293 286 283 275 278 283 283 284 285 286 269 270 267 267 263 270 299 -3.4e+38 -3.4e+38
283 285 287 289 287 288 289 291 291 294 295 296 294 296 297 298 298 297 299 298 297 297 301 302 304 306 305 304 303 298 298 300 298 297 299 296 299 299 301 303 303 308 312 313 313 311 308 304 304 298 297 290 288 282 277 281 284 284 286 285 272 276 271 265 255 255 298 -3.4e+38 -3.4e+38
285 287 286 286 287 288 290 289 292 295 294 294 294 295 297 298 297 298 299 301 298 297 303 300 306 309 308 304 304 307 304 302 303 303 304 304 305 305 306 307 306 311 310 307 313 312 310 310 306 299 299 297 294 288 279 284 287 285 285 284 249 275 269 264 256 283 295 -3.4e+38 -3.4e+38
288 288 288 287 288 289 293 293 292 292 293 294 294 295 294 298 299 304 304 302 300 305 302 307 307 308 311 310 310 307 307 307 308 308 309 308 309 308 310 311 311 314 312 317 316 316 313 312 309 306 303 300 297 291 284 286 287 288 286 283 276 266 269 262 251 281 297 -3.4e+38 -3.4e+38
289 290 289 290 288 289 292 292 291 293 292 294 296 297 299 299 302 304 306 306 308 307 309 307 308 311 310 313 312 311 311 311 312 312 312 312 313 312 313 315 317 318 318 319 319 318 317 315 313 309 301 304 298 296 293 289 289 289 286 284 277 270 266 243 258 278 299 -3.4e+38 -3.4e+38
292 292 292 292 293 293 292 291 292 298 296 302 299 300 303 301 303 307 307 308 310 308 311 311 311 312 313 316 314 314 315 314 315 314 314 315 314 315 317 317 320 321 321 322 321 320 319 317 313 313 310 307 304 301 297 292 291 289 288 282 277 273 269 261 266 285 300 -3.4e+38 -3.4e+38
