trunk/EcoCrop/data/climate/tmax_2.asc
NCOLS 660 
NROWS 360 
XLLCORNER -20 
YLLCORNER -30 
CELLSIZE 0.1666667 
NODATA_value -3.4e+38 
[rows 60 to 89 of 360, columns 0 to 68 of 660]
-3.4e+38 -3.4e+38 -3.4e+38 -3.4e+38 -3.4e+38 -3.4e+38 -3.4e+38 -3.4e+38 -3.4e+38 -3.4e+38 -3.4e+38 -3.4e+38 -3.4e+38 -3.4e+38 -3.4e+38 -3.4e+38 -3.4e+38 -3.4e+38 -3.4e+38 -3.4e+38 -3.4e+38 -3.4e+38 278 281 283 285 289 292 293 296 299 302 307 308 308 310 312 312 303 305 305 304 299 297 296 291 295 296 302 304 302 301 298 299 299 299 299 298 298 299 299 298 299 301 300 301 302 303 303
-3.4e+38 -3.4e+38 -3.4e+38 -3.4e+38 -3.4e+38 -3.4e+38 -3.4e+38 -3.4e+38 -3.4e+38 -3.4e+38 -3.4e+38 -3.4e+38 -3.4e+38 -3.4e+38 -3.4e+38 -3.4e+38 -3.4e+38 -3.4e+38 -3.4e+38 -3.4e+38 -3.4e+38 278 280 282 285 288 291 294 296 300 302 306 310 311 310 311 313 312 315 304 305 311 309 301 300 301 304 304 300 306 307 303 300 302 301 300 300 300 299 300 300 300 300 301 302 302 303 304 304
-3.4e+38 -3.4e+38 -3.4e+38 -3.4e+38 -3.4e+38 -3.4e+38 -3.4e+38 -3.4e+38 -3.4e+38 -3.4e+38 -3.4e+38 -3.4e+38 -3.4e+38 -3.4e+38 -3.4e+38 -3.4e+38 -3.4e+38 -3.4e+38 -3.4e+38 -3.4e+38 -3.4e+38 -3.4e+38 282 285 288 290 292 296 300 302 305 308 310 312 313 312 315 315 317 316 314 314 314 301 311 308 304 309 308 307 306 302 304 303 302 301 301 300 301 301 300 302 302 302 303 303 304 304 306
-3.4e+38 -3.4e+38 -3.4e+38 -3.4e+38 -3.4e+38 -3.4e+38 -3.4e+38 -3.4e+38 -3.4e+38 -3.4e+38 -3.4e+38 -3.4e+38 -3.4e+38 -3.4e+38 -3.4e+38 -3.4e+38 -3.4e+38 -3.4e+38 -3.4e+38 -3.4e+38 -3.4e+38 -3.4e+38 284 286 289 293 296 299 303 305 308 310 313 314 315 316 317 318 318 315 318 319 311 313 316 315 314 311 312 307 304 309 304 303 302 302 300 301 301 301 302 302 303 304 304 305 305 305 306
-3.4e+38 -3.4e+38 -3.4e+38 -3.4e+38 -3.4e+38 -3.4e+38 -3.4e+38 -3.4e+38 -3.4e+38 -3.4e+38 -3.4e+38 -3.4e+38 -3.4e+38 -3.4e+38 -3.4e+38 -3.4e+38 -3.4e+38 -3.4e+38 -3.4e+38 -3.4e+38 -3.4e+38 283 286 289 292 296 298 302 305 307 310 314 314 315 316 318 319 319 317 317 319 320 318 318 312 316 314 313 313 306 313 307 304 302 301 301 300 301 301 302 302 303 304 304 305 306 305 307 308
-3.4e+38 -3.4e+38 -3.4e+38 -3.4e+38 -3.4e+38 -3.4e+38 -3.4e+38 -3.4e+38 -3.4e+38 -3.4e+38 -3.4e+38 -3.4e+38 -3.4e+38 -3.4e+38 -3.4e+38 -3.4e+38 -3.4e+38 -3.4e+38 -3.4e+38 -3.4e+38 -3.4e+38 -3.4e+38 289 292 295 299 303 305 307 310 311 314 315 318 318 318 319 318 319 321 321 318 318 314 320 309 314 316 311 314 310 302 303 300 300 300 300 300 302 302 304 305 305 306 306 307 307 308 308
-3.4e+38 -3.4e+38 -3.4e+38 -3.4e+38 -3.4e+38 -3.4e+38 -3.4e+38 -3.4e+38 -3.4e+38 -3.4e+38 -3.4e+38 -3.4e+38 -3.4e+38 -3.4e+38 -3.4e+38 -3.4e+38 -3.4e+38 -3.4e+38 -3.4e+38 -3.4e+38 -3.4e+38 -3.4e+38 -3.4e+38 294 297 301 303 306 308 310 312 315 316 318 319 320 321 321 321 322 320 321 321 321 319 319 318 318 315 310 305 302 301 302 299 300 300 302 302 303 305 306 306 307 308 308 309 309 310
-3.4e+38 -3.4e+38 -3.4e+38 -3.4e+38 -3.4e+38 -3.4e+38 -3.4e+38 -3.4e+38 -3.4e+38 -3.4e+38 -3.4e+38 -3.4e+38 -3.4e+38 -3.4e+38 -3.4e+38 -3.4e+38 -3.4e+38 -3.4e+38 -3.4e+38 -3.4e+38 -3.4e+38 -3.4e+38 -3.4e+38 296 299 303 305 307 310 312 314 316 317 319 321 322 322 321 320 322 321 321 323 321 321 319 320 316 308 309 304 300 299 300 300 300 301 302 306 306 310 308 307 308 308 309 310 311 312
-3.4e+38 -3.4e+38 -3.4e+38 -3.4e+38 -3.4e+38 -3.4e+38 -3.4e+38 -3.4e+38 -3.4e+38 -3.4e+38 -3.4e+38 -3.4e+38 -3.4e+38 -3.4e+38 -3.4e+38 -3.4e+38 -3.4e+38 -3.4e+38 -3.4e+38 -3.4e+38 -3.4e+38 -3.4e+38 -3.4e+38 297 301 304 307 309 311 312 315 316 318 320 322 323 324 322 322 323 323 324 323 323 322 322 316 314 308 306 302 301 300 299 299 300 302 304 303 308 312 311 309 309 310 311 312 312 314
-3.4e+38 -3.4e+38 -3.4e+38 -3.4e+38 -3.4e+38 -3.4e+38 -3.4e+38 -3.4e+38 -3.4e+38 -3.4e+38 -3.4e+38 -3.4e+38 -3.4e+38 -3.4e+38 -3.4e+38 -3.4e+38 -3.4e+38 -3.4e+38 -3.4e+38 -3.4e+38 -3.4e+38 -3.4e+38 -3.4e+38 -3.4e+38 304 306 308 310 312 314 316 318 319 320 322 323 324 324 325 324 325 325 324 323 324 324 321 314 312 307 304 300 299 297 298 300 305 302 314 314 312 313 316 321 319 315 313 314 317
-3.4e+38 -3.4e+38 -3.4e+38 -3.4e+38 -3.4e+38 -3.4e+38 -3.4e+38 -3.4e+38 -3.4e+38 -3.4e+38 -3.4e+38 -3.4e+38 -3.4e+38 -3.4e+38 -3.4e+38 -3.4e+38 -3.4e+38 -3.4e+38 -3.4e+38 -3.4e+38 -3.4e+38 -3.4e+38 -3.4e+38 -3.4e+38 305 307 309 311 314 314 317 318 320 321 323 323 325 325 324 327 324 324 324 324 324 325 319 311 307 305 301 299 300 320 321 319 320 317 315 314 314 315 316 318 317 319 321 323 320
-3.4e+38 -3.4e+38 -3.4e+38 -3.4e+38 -3.4e+38 -3.4e+38 -3.4e+38 -3.4e+38 -3.4e+38 -3.4e+38 -3.4e+38 -3.4e+38 -3.4e+38 -3.4e+38 -3.4e+38 -3.4e+38 -3.4e+38 -3.4e+38 -3.4e+38 -3.4e+38 -3.4e+38 -3.4e+38 -3.4e+38 -3.4e+38 307 308 311 314 315 317 318 319 320 321 323 324 326 327 327 327 326 327 326 327 326 327 324 316 311 305 305 317 320 314 315 316 317 318 316 315 316 317 317 318 319 319 320 321 321
-3.4e+38 -3.4e+38 -3.4e+38 -3.4e+38 -3.4e+38 -3.4e+38 -3.4e+38 -3.4e+38 -3.4e+38 -3.4e+38 -3.4e+38 -3.4e+38 -3.4e+38 -3.4e+38 -3.4e+38 -3.4e+38 -3.4e+38 -3.4e+38 -3.4e+38 -3.4e+38 -3.4e+38 -3.4e+38 -3.4e+38 -3.4e+38 308 310 312 313 315 316 317 320 321 322 324 325 326 329 328 328 329 328 329 325 327 328 323 318 318 310 304 314 315 317 318 318 318 317 318 318 318 319 319 319 320 321 322 323 323
-3.4e+38 -3.4e+38 -3.4e+38 -3.4e+38 -3.4e+38 -3.4e+38 -3.4e+38 -3.4e+38 -3.4e+38 -3.4e+38 -3.4e+38 -3.4e+38 -3.4e+38 -3.4e+38 -3.4e+38 -3.4e+38 -3.4e+38 -3.4e+38 -3.4e+38 -3.4e+38 -3.4e+38 -3.4e+38 -3.4e+38 -3.4e+38 309 311 313 315 317 317 318 319 322 324 325 327 328 329 330 330 330 331 329 330 330 331 322 324 317 310 311 320 317 321 320 319 319 319 319 320 320 321 322 321 322 323 323 324 325
-3.4e+38 -3.4e+38 -3.4e+38 -3.4e+38 -3.4e+38 -3.4e+38 -3.4e+38 -3.4e+38 -3.4e+38 -3.4e+38 -3.4e+38 -3.4e+38 -3.4e+38 -3.4e+38 -3.4e+38 -3.4e+38 -3.4e+38 -3.4e+38 -3.4e+38 -3.4e+38 -3.4e+38 -3.4e+38 -3.4e+38 -3.4e+38 311 312 314 316 318 320 319 320 324 325 327 328 330 331 331 331 333 333 331 330 332 333 319 317 313 311 306 308 322 322 323 322 322 320 321 320 321 322 322 323 323 324 325 326 326
-3.4e+38 -3.4e+38 -3.4e+38 -3.4e+38 -3.4e+38 -3.4e+38 -3.4e+38 -3.4e+38 -3.4e+38 -3.4e+38 -3.4e+38 -3.4e+38 -3.4e+38 -3.4e+38 -3.4e+38 -3.4e+38 -3.4e+38 -3.4e+38 -3.4e+38 -3.4e+38 -3.4e+38 -3.4e+38 -3.4e+38 309 312 314 316 318 319 320 321 322 326 327 329 330 331 331 332 332 334 334 332 329 333 334 319 316 312 307 312 323 325 328 325 326 326 324 320 322 322 323 323 324 325 326 327 328 329
-3.4e+38 -3.4e+38 -3.4e+38 -3.4e+38 -3.4e+38 -3.4e+38 -3.4e+38 -3.4e+38 -3.4e+38 -3.4e+38 -3.4e+38 -3.4e+38 -3.4e+38 -3.4e+38 -3.4e+38 -3.4e+38 -3.4e+38 -3.4e+38 -3.4e+38 -3.4e+38 -3.4e+38 -3.4e+38 -3.4e+38 311 313 316 318 321 322 324 325 326 327 328 330 331 331 333 333 333 334 334 333 334 335 336 336 320 314 327 325 327 329 329 328 327 326 322 323 323 324 324 326 326 326 327 328 330 331
-3.4e+38 -3.4e+38 -3.4e+38 -3.4e+38 -3.4e+38 -3.4e+38 -3.4e+38 -3.4e+38 -3.4e+38 -3.4e+38 -3.4e+38 -3.4e+38 -3.4e+38 -3.4e+38 -3.4e+38 -3.4e+38 -3.4e+38 -3.4e+38 -3.4e+38 -3.4e+38 -3.4e+38 -3.4e+38 -3.4e+38 313 316 319 321 323 325 328 328 327 327 327 329 332 334 334 335 335 336 336 337 336 338 337 325 327 328 327 332 330 330 331 331 327 326 321 324 322 324 325 325 326 327 330 331 332 332
-3.4e+38 -3.4e+38 -3.4e+38 -3.4e+38 -3.4e+38 -3.4e+38 -3.4e+38 -3.4e+38 -3.4e+38 -3.4e+38 -3.4e+38 -3.4e+38 -3.4e+38 -3.4e+38 -3.4e+38 -3.4e+38 -3.4e+38 -3.4e+38 -3.4e+38 -3.4e+38 -3.4e+38 -3.4e+38 310 315 320 322 325 328 331 332 330 329 327 329 332 333 335 337 337 337 336 337 339 341 339 339 340 325 328 332 331 333 332 334 329 327 325 321 325 323 324 326 327 328 330 331 332 333 334
-3.4e+38 -3.4e+38 -3.4e+38 -3.4e+38 -3.4e+38 -3.4e+38 -3.4e+38 -3.4e+38 -3.4e+38 -3.4e+38 -3.4e+38 -3.4e+38 -3.4e+38 -3.4e+38 -3.4e+38 -3.4e+38 -3.4e+38 -3.4e+38 -3.4e+38 -3.4e+38 -3.4e+38 -3.4e+38 312 319 324 326 328 330 333 336 335 328 327 331 333 335 337 337 339 338 337 341 342 343 343 340 342 340 324 330 334 333 335 336 331 329 330 319 320 327 326 324 327 330 332 333 334 335 335
-3.4e+38 -3.4e+38 -3.4e+38 -3.4e+38 -3.4e+38 -3.4e+38 -3.4e+38 -3.4e+38 -3.4e+38 -3.4e+38 -3.4e+38 -3.4e+38 -3.4e+38 -3.4e+38 -3.4e+38 -3.4e+38 -3.4e+38 -3.4e+38 -3.4e+38 -3.4e+38 -3.4e+38 305 314 322 329 333 331 331 334 336 333 321 326 331 336 336 338 339 342 340 340 342 344 346 346 345 343 343 340 333 337 338 337 339 336 335 334 331 322 332 327 332 330 332 333 334 335 337 337
-3.4e+38 -3.4e+38 -3.4e+38 -3.4e+38 -3.4e+38 -3.4e+38 -3.4e+38 -3.4e+38 -3.4e+38 -3.4e+38 -3.4e+38 -3.4e+38 -3.4e+38 -3.4e+38 -3.4e+38 -3.4e+38 -3.4e+38 -3.4e+38 -3.4e+38 -3.4e+38 -3.4e+38 304 314 323 330 334 332 330 332 332 327 322 327 332 338 341 340 343 344 343 343 347 349 350 347 348 346 347 337 339 340 341 342 341 339 331 327 334 335 335 335 335 335 336 336 336 335 338 339
-3.4e+38 -3.4e+38 -3.4e+38 -3.4e+38 -3.4e+38 -3.4e+38 -3.4e+38 -3.4e+38 -3.4e+38 -3.4e+38 -3.4e+38 -3.4e+38 -3.4e+38 -3.4e+38 -3.4e+38 -3.4e+38 -3.4e+38 -3.4e+38 -3.4e+38 -3.4e+38 -3.4e+38 303 312 321 328 331 332 332 332 332 330 328 331 334 338 343 344 346 345 349 349 352 352 351 351 350 349 348 335 328 342 342 342 342 341 335 335 336 339 340 338 339 338 338 338 339 340 340 341
-3.4e+38 -3.4e+38 -3.4e+38 -3.4e+38 -3.4e+38 -3.4e+38 -3.4e+38 -3.4e+38 -3.4e+38 -3.4e+38 -3.4e+38 -3.4e+38 -3.4e+38 -3.4e+38 -3.4e+38 -3.4e+38 -3.4e+38 -3.4e+38 -3.4e+38 -3.4e+38 -3.4e+38 304 311 318 325 329 332 333 334 334 333 333 335 337 340 343 346 350 351 352 354 352 355 354 353 350 351 351 341 333 346 345 345 343 343 336 337 340 342 342 341 342 342 341 342 340 341 342 343
-3.4e+38 -3.4e+38 -3.4e+38 -3.4e+38 -3.4e+38 -3.4e+38 -3.4e+38 -3.4e+38 -3.4e+38 -3.4e+38 -3.4e+38 -3.4e+38 -3.4e+38 -3.4e+38 -3.4e+38 -3.4e+38 -3.4e+38 -3.4e+38 -3.4e+38 -3.4e+38 -3.4e+38 292 306 315 323 328 332 335 337 338 339 339 340 342 343 346 347 349 352 356 356 356 354 355 354 352 352 351 342 348 350 350 346 343 341 339 344 346 347 347 347 345 344 343 343 343 342 342 343
-3.4e+38 -3.4e+38 -3.4e+38 -3.4e+38 -3.4e+38 -3.4e+38 -3.4e+38 -3.4e+38 -3.4e+38 -3.4e+38 -3.4e+38 -3.4e+38 -3.4e+38 -3.4e+38 -3.4e+38 -3.4e+38 -3.4e+38 -3.4e+38 -3.4e+38 -3.4e+38 -3.4e+38 294 304 313 321 328 334 338 341 343 343 344 345 347 347 348 350 353 354 358 361 359 359 357 357 356 356 355 338 348 352 352 349 344 344 343 349 350 349 348 348 348 348 345 345 344 345 343 343
-3.4e+38 -3.4e+38 -3.4e+38 -3.4e+38 -3.4e+38 -3.4e+38 -3.4e+38 -3.4e+38 -3.4e+38 -3.4e+38 -3.4e+38 -3.4e+38 -3.4e+38 -3.4e+38 -3.4e+38 -3.4e+38 -3.4e+38 -3.4e+38 -3.4e+38 -3.4e+38 293 299 307 315 322 329 337 340 345 348 349 350 349 349 350 352 353 354 355 360 364 363 360 360 359 359 355 355 352 355 356 353 351 346 351 353 353 352 352 351 351 350 349 349 346 345 345 345 345
-3.4e+38 -3.4e+38 -3.4e+38 -3.4e+38 -3.4e+38 -3.4e+38 -3.4e+38 -3.4e+38 -3.4e+38 -3.4e+38 -3.4e+38 -3.4e+38 -3.4e+38 -3.4e+38 -3.4e+38 -3.4e+38 -3.4e+38 -3.4e+38 -3.4e+38 296 300 307 313 320 326 331 338 344 349 353 354 353 352 352 353 354 355 356 358 358 361 363 363 360 360 359 359 357 356 359 357 355 353 349 352 356 358 357 354 350 352 353 351 349 346 346 346 346 346
-3.4e+38 -3.4e+38 -3.4e+38 -3.4e+38 -3.4e+38 -3.4e+38 -3.4e+38 -3.4e+38 -3.4e+38 -3.4e+38 -3.4e+38 -3.4e+38 -3.4e+38 -3.4e+38 -3.4e+38 -3.4e+38 -3.4e+38 -3.4e+38 -3.4e+38 302 309 316 321 326 331 335 340 346 350 354 356 356 355 357 357 358 358 358 358 359 358 360 362 360 362 361 359 357 358 359 356 356 356 354 354 359 362 347 351 349 350 353 353 350 344 345 346 346 345
-3.4e+38 -3.4e+38 -3.4e+38 -3.4e+38 -3.4e+38 -3.4e+38 -3.4e+38 -3.4e+38 -3.4e+38 -3.4e+38 -3.4e+38 -3.4e+38 -3.4e+38 -3.4e+38 -3.4e+38 -3.4e+38 -3.4e+38 -3.4e+38 304 310 318 325 330 333 335 339 343 348 352 354 356 356 359 357 357 357 358 358 360 358 358 358 360 362 363 361 360 359 360 361 360 352 358 359 365 364 365 351 356 351 352 352 351 348 346 346 346 348 349
