trunk/EcoCrop/data/climate/tmean_6.asc
NCOLS 660 
NROWS 360 
XLLCORNER -20 
YLLCORNER -30 
CELLSIZE 0.1666667 
NODATA_value -3.4e+38 
[rows 330 to 359 of 360, columns 207 to 275 of 660]
-3.4e+38 -3.4e+38 150 143 138 131 126 125 121 119 106 109 99 108 108 108 114 119 131 132 129 126 124 123 122 121 120 119 119 118 117 117 117 118 118 120 120 121 121 121 121 121 121 120 121 121 122 122 122 123 123 124 125 125 125 125 125 125 125 125 125 124 123 122 119 118 116 115 116
-3.4e+38 -3.4e+38 150 141 136 133 125 108 110 122 118 99 100 103 95 106 111 123 133 130 131 129 125 124 123 122 120 119 118 117 116 115 115 116 117 118 120 120 121 121 121 120 120 120 120 120 121 121 121 122 122 123 123 123 123 124 124 124 124 123 124 122 121 119 117 113 109 108 114
-3.4e+38 -3.4e+38 153 139 135 128 131 111 99 123 111 115 107 99 94 98 108 123 132 135 134 130 129 125 124 123 122 119 118 117 115 114 113 113 115 117 119 120 120 120 120 120 120 119 119 119 120 120 120 121 122 122 122 122 122 122 122 122 123 122 121 121 120 117 114 109 108 105 110
-3.4e+38 -3.4e+38 153 140 132 126 121 129 126 123 105 80 87 101 94 101 116 126 134 136 136 135 130 129 125 124 123 121 118 116 114 112 110 110 112 115 117 118 119 119 119 119 119 118 119 119 119 119 119 120 121 121 121 121 120 121 121 121 121 121 120 119 118 116 115 111 110 107 105
-3.4e+38 -3.4e+38 147 140 132 128 123 129 127 116 113 106 90 103 107 105 112 125 133 137 137 138 133 131 126 125 124 122 119 116 114 111 108 108 111 114 116 117 118 118 118 118 118 118 118 118 117 118 118 119 120 120 119 118 117 117 119 119 119 119 118 117 116 116 115 114 114 110 106
-3.4e+38 -3.4e+38 151 139 133 128 124 123 120 122 96 92 90 100 113 109 114 125 133 138 141 140 138 134 130 127 125 124 120 117 114 111 109 108 111 113 115 117 118 118 117 117 117 117 117 117 116 117 117 119 118 118 118 116 114 114 115 117 117 116 116 115 114 113 112 114 114 110 104
-3.4e+38 -3.4e+38 -3.4e+38 143 133 129 127 124 120 112 91 110 98 101 113 117 114 124 131 142 144 143 140 135 133 130 126 124 120 118 115 113 111 110 112 114 115 117 117 117 117 117 116 116 116 116 116 117 117 117 117 116 116 116 114 112 113 115 114 114 112 112 112 112 111 108 109 106 101
-3.4e+38 -3.4e+38 -3.4e+38 146 136 134 137 132 133 132 117 112 110 94 114 120 116 125 131 144 145 140 137 134 132 132 129 125 122 119 116 114 113 113 114 115 117 117 117 117 116 115 115 115 115 115 116 116 116 116 115 114 116 116 116 114 113 111 110 110 108 107 108 108 107 106 105 104 102
-3.4e+38 -3.4e+38 -3.4e+38 -3.4e+38 141 131 136 133 125 103 115 115 113 96 112 126 125 127 136 147 143 143 136 137 132 134 131 126 122 120 118 117 115 115 115 116 118 118 117 116 116 116 114 114 115 116 116 116 116 115 115 112 115 114 113 112 111 108 107 106 104 102 102 102 102 100 102 101 101
-3.4e+38 -3.4e+38 -3.4e+38 -3.4e+38 149 140 131 130 126 120 92 100 85 93 115 125 132 129 134 147 140 146 144 137 140 136 130 124 123 121 119 117 116 116 117 118 118 118 118 117 116 115 115 114 115 116 115 115 115 116 116 115 114 114 112 110 108 104 101 101 100 100 100 97 97 98 100 100 97
-3.4e+38 -3.4e+38 -3.4e+38 -3.4e+38 147 138 127 123 109 93 86 82 95 100 108 118 131 131 136 147 146 147 147 145 141 133 130 125 122 121 116 117 118 122 121 119 119 118 118 117 117 116 115 115 115 115 116 115 116 115 115 114 114 112 111 110 106 102 99 99 101 99 98 96 94 95 97 96 97
-3.4e+38 -3.4e+38 -3.4e+38 -3.4e+38 146 139 139 128 112 112 104 101 97 104 106 121 135 136 138 145 149 148 141 137 136 124 121 121 121 121 121 122 121 123 124 120 119 119 118 117 116 116 115 115 115 115 114 113 114 116 115 112 110 110 111 111 104 100 99 99 100 99 97 95 92 93 94 94 93
-3.4e+38 -3.4e+38 -3.4e+38 -3.4e+38 -3.4e+38 136 129 130 124 120 116 111 104 101 108 121 134 137 137 145 146 135 124 127 126 112 103 119 119 123 124 123 122 124 121 120 120 119 118 117 116 116 115 115 114 113 111 110 110 113 116 116 113 111 105 103 105 98 95 98 101 100 98 91 89 92 92 93 95
-3.4e+38 -3.4e+38 -3.4e+38 -3.4e+38 -3.4e+38 140 135 122 122 123 123 119 114 106 106 119 135 133 140 142 142 114 125 122 115 102 102 110 118 125 126 125 123 123 121 122 119 119 118 117 115 114 113 112 112 111 110 106 102 111 115 113 107 109 107 101 98 94 93 96 97 103 92 92 92 90 93 94 94
-3.4e+38 -3.4e+38 -3.4e+38 -3.4e+38 -3.4e+38 147 139 128 127 122 121 115 120 116 97 122 131 136 129 146 138 124 124 111 104 89 113 109 121 126 126 126 126 123 123 121 120 119 118 116 114 114 113 111 110 109 108 105 103 110 113 113 106 106 102 98 94 93 93 95 98 102 95 95 89 93 96 96 97
-3.4e+38 -3.4e+38 -3.4e+38 -3.4e+38 -3.4e+38 -3.4e+38 141 135 134 128 125 123 120 110 97 109 100 134 147 136 125 117 112 113 110 109 116 117 116 125 126 126 127 125 124 122 120 119 118 116 115 113 112 111 109 109 106 105 102 108 112 111 108 86 98 93 92 92 94 95 99 107 97 94 93 96 98 98 97
-3.4e+38 -3.4e+38 -3.4e+38 -3.4e+38 -3.4e+38 -3.4e+38 148 143 142 138 135 129 124 114 100 117 130 137 155 136 115 118 121 121 119 117 118 115 121 126 124 125 127 125 123 122 121 120 117 116 114 112 111 110 109 109 106 102 90 103 111 111 107 95 92 92 91 92 93 94 102 108 97 97 96 95 96 96 92
-3.4e+38 -3.4e+38 -3.4e+38 -3.4e+38 -3.4e+38 -3.4e+38 -3.4e+38 144 137 138 137 134 131 129 127 110 126 143 137 132 128 131 126 122 123 119 121 123 126 127 126 126 124 126 123 124 120 116 117 115 114 112 110 109 108 109 107 102 91 97 106 109 108 101 86 90 91 91 93 97 106 104 97 96 95 92 92 90 87
-3.4e+38 -3.4e+38 -3.4e+38 -3.4e+38 -3.4e+38 -3.4e+38 -3.4e+38 -3.4e+38 143 143 134 137 139 132 155 148 128 136 144 143 137 125 121 123 124 120 122 125 129 126 130 126 125 125 121 121 124 120 118 115 112 110 109 107 108 110 108 106 103 91 103 105 106 95 88 90 91 90 95 100 106 96 95 95 93 91 87 82 81
-3.4e+38 -3.4e+38 -3.4e+38 -3.4e+38 -3.4e+38 -3.4e+38 -3.4e+38 -3.4e+38 -3.4e+38 145 143 140 141 154 148 134 154 152 132 134 133 132 130 123 127 126 125 125 131 124 122 123 126 125 125 122 125 120 116 114 113 113 113 114 112 113 111 106 107 104 113 111 104 92 95 92 91 89 99 107 102 99 95 91 86 87 83 80 76
-3.4e+38 -3.4e+38 -3.4e+38 -3.4e+38 -3.4e+38 -3.4e+38 -3.4e+38 -3.4e+38 -3.4e+38 -3.4e+38 147 143 142 150 150 116 131 152 130 132 136 133 127 121 125 131 125 123 126 133 134 132 137 121 128 128 124 120 115 115 117 116 117 117 115 110 112 109 106 110 115 114 97 96 94 93 91 93 107 106 101 103 100 96 93 90 86 81 75
-3.4e+38 -3.4e+38 -3.4e+38 -3.4e+38 -3.4e+38 -3.4e+38 -3.4e+38 -3.4e+38 -3.4e+38 -3.4e+38 -3.4e+38 146 146 148 135 124 129 146 132 125 134 130 125 127 133 130 121 122 129 131 139 137 129 129 132 128 125 120 121 120 118 116 113 120 117 108 113 110 108 111 115 107 96 92 93 92 92 105 101 101 103 102 100 95 92 89 83 81 76
-3.4e+38 -3.4e+38 -3.4e+38 -3.4e+38 -3.4e+38 -3.4e+38 -3.4e+38 -3.4e+38 -3.4e+38 -3.4e+38 -3.4e+38 -3.4e+38 146 140 137 134 114 140 135 145 143 127 134 135 148 137 128 124 145 144 128 128 122 122 126 129 133 127 125 122 117 114 113 116 120 116 117 108 115 113 109 99 95 92 92 92 103 105 100 100 99 101 98 94 94 91 88 84 82
-3.4e+38 -3.4e+38 -3.4e+38 -3.4e+38 -3.4e+38 -3.4e+38 -3.4e+38 -3.4e+38 -3.4e+38 -3.4e+38 -3.4e+38 -3.4e+38 -3.4e+38 141 136 133 121 123 123 128 126 133 150 148 144 137 137 137 144 137 123 119 119 119 119 121 126 125 120 116 113 111 111 116 119 122 118 116 110 102 99 101 98 92 93 103 106 101 103 96 96 98 99 96 95 91 88 87 86
-3.4e+38 -3.4e+38 -3.4e+38 -3.4e+38 -3.4e+38 -3.4e+38 -3.4e+38 -3.4e+38 -3.4e+38 -3.4e+38 -3.4e+38 -3.4e+38 -3.4e+38 -3.4e+38 134 132 128 129 113 118 122 133 139 129 130 122 124 131 126 119 124 118 113 115 117 121 119 123 119 116 114 110 108 111 111 119 118 113 106 93 100 98 104 94 104 108 104 102 98 95 94 94 98 96 93 86 85 83 85
-3.4e+38 -3.4e+38 -3.4e+38 -3.4e+38 -3.4e+38 -3.4e+38 -3.4e+38 -3.4e+38 -3.4e+38 -3.4e+38 -3.4e+38 -3.4e+38 -3.4e+38 -3.4e+38 140 137 137 131 128 117 118 123 129 131 129 127 124 124 119 112 116 114 113 114 116 116 115 119 119 119 114 112 110 110 109 114 117 111 102 97 98 104 110 107 106 106 102 95 96 89 95 97 96 94 89 85 80 83 83
-3.4e+38 -3.4e+38 -3.4e+38 -3.4e+38 -3.4e+38 -3.4e+38 -3.4e+38 -3.4e+38 -3.4e+38 -3.4e+38 -3.4e+38 -3.4e+38 -3.4e+38 -3.4e+38 -3.4e+38 136 132 133 129 122 116 121 124 123 120 123 119 121 115 111 110 113 114 115 115 114 114 114 112 115 117 112 110 109 106 110 112 109 110 97 100 110 106 103 101 102 103 96 91 91 96 94 96 98 93 86 80 78 77
-3.4e+38 -3.4e+38 -3.4e+38 -3.4e+38 -3.4e+38 -3.4e+38 -3.4e+38 -3.4e+38 -3.4e+38 -3.4e+38 -3.4e+38 -3.4e+38 -3.4e+38 -3.4e+38 -3.4e+38 138 144 141 125 125 114 116 115 115 114 116 118 118 114 110 111 112 112 113 112 111 111 110 110 111 114 110 107 107 103 101 103 100 94 94 106 105 106 104 97 95 97 103 97 95 94 96 92 89 91 87 81 81 77
-3.4e+38 -3.4e+38 -3.4e+38 -3.4e+38 -3.4e+38 -3.4e+38 -3.4e+38 -3.4e+38 -3.4e+38 -3.4e+38 -3.4e+38 -3.4e+38 -3.4e+38 -3.4e+38 -3.4e+38 142 138 138 125 124 115 123 117 114 111 114 117 116 111 110 111 109 109 109 109 110 108 110 111 113 113 110 109 106 105 102 97 95 95 94 103 107 108 100 88 89 88 89 91 92 96 96 88 84 71 75 78 73 69
-3.4e+38 -3.4e+38 -3.4e+38 -3.4e+38 -3.4e+38 -3.4e+38 -3.4e+38 -3.4e+38 -3.4e+38 -3.4e+38 -3.4e+38 -3.4e+38 -3.4e+38 -3.4e+38 -3.4e+38 -3.4e+38 139 138 134 122 129 128 118 114 112 115 115 115 111 109 110 109 107 105 107 109 109 109 110 111 112 112 110 108 106 102 99 94 93 95 95 104 105 98 92 83 82 83 83 82 93 91 88 76 67 70 72 69 63
