trunk/EcoCrop/data/climate/tmean_12.asc
NCOLS 660 
NROWS 360 
XLLCORNER -20 
YLLCORNER -30 
CELLSIZE 0.1666667 
NODATA_value -3.4e+38 
[rows 90 to 119 of 360, columns 207 to 275 of 660]
226 229 232 234 238 240 242 243 244 246 246 247 248 248 248 249 249 249 249 249 249 249 249 249 249 250 251 251 252 253 253 253 253 253 253 252 251 250 249 247 243 240 233 226 214 214 213 214 213 213 210 208 206 205 203 200 198 194 194 196 188 194 194 188 182 189 193 191 192
228 230 233 237 239 242 244 245 247 248 249 249 250 250 250 250 250 250 250 250 250 250 250 250 250 251 252 253 254 254 255 255 255 255 255 254 253 251 249 246 237 241 230 223 218 214 212 212 213 212 211 209 207 205 203 201 200 197 193 191 191 186 190 182 187 193 193 189 185
229 232 235 238 242 244 249 248 250 251 251 252 252 252 252 252 251 251 251 250 250 251 251 251 251 252 253 254 255 256 256 257 257 257 256 255 254 253 250 247 243 235 228 222 219 214 214 214 212 212 210 208 204 204 202 201 199 197 193 188 187 183 181 182 190 192 188 177 194
229 233 237 241 245 248 249 251 252 253 253 255 254 254 254 253 252 252 251 251 251 251 251 251 252 253 254 255 256 257 258 258 259 259 258 257 256 254 246 245 233 224 224 219 216 212 210 212 213 212 211 209 207 204 204 201 198 195 190 175 181 178 180 186 187 188 188 187 191
230 233 237 243 248 253 252 253 255 256 256 256 256 255 255 254 253 252 252 252 252 251 251 251 253 254 255 256 258 259 260 261 261 261 260 259 258 254 251 239 233 231 229 225 220 207 207 211 210 210 210 210 207 206 204 200 197 195 180 180 182 184 187 181 187 187 188 190 199
230 233 237 242 248 252 253 255 256 256 257 258 257 256 256 255 254 253 252 252 251 251 251 252 253 254 256 257 259 260 262 262 262 262 261 260 258 250 246 242 236 236 229 226 219 217 209 207 210 213 211 210 207 204 203 201 198 193 186 179 181 189 191 185 192 189 194 198 199
229 232 237 241 246 250 254 256 257 259 259 259 259 258 256 255 254 253 252 251 251 251 251 251 253 255 256 259 260 262 263 264 264 263 263 261 258 256 252 246 241 236 234 231 222 220 209 211 212 212 210 208 206 203 198 196 196 187 184 180 187 196 197 195 195 196 195 197 202
228 231 236 241 245 250 255 257 258 259 260 259 259 258 257 255 254 253 252 251 251 250 250 251 253 255 257 259 262 264 265 266 266 265 264 262 256 257 254 246 245 240 236 232 224 218 215 214 213 212 210 209 205 203 199 197 195 190 177 175 192 194 200 200 200 200 197 201 203
226 229 235 240 245 250 254 257 259 260 260 260 259 258 256 255 254 252 252 251 250 249 249 250 252 255 258 260 263 265 267 268 267 266 265 263 261 258 254 249 246 243 237 229 225 223 223 215 215 213 209 206 203 202 200 196 192 189 183 177 190 198 200 202 203 204 202 207 210
226 227 234 240 245 250 254 257 259 260 260 259 259 257 256 254 254 252 251 251 250 248 248 249 252 255 258 261 264 267 269 270 268 267 265 263 261 255 252 247 248 243 240 233 222 221 225 220 212 210 208 207 205 201 195 195 191 187 179 161 184 193 199 201 205 207 210 211 213
227 230 235 241 246 251 256 259 260 261 260 259 258 257 255 254 253 252 252 251 250 248 247 249 252 256 259 262 265 268 270 271 269 268 266 263 261 257 250 252 249 245 237 232 228 224 222 215 206 209 208 206 201 198 194 194 189 184 174 160 179 190 199 205 207 210 213 214 214
229 232 236 241 246 252 257 261 261 260 260 258 257 256 255 254 253 252 252 251 250 249 249 251 254 257 260 263 266 268 269 269 267 266 265 264 261 257 252 251 250 247 242 235 232 224 217 212 206 209 208 206 201 197 200 197 196 187 163 130 171 198 203 207 212 214 216 217 217
230 233 237 242 247 252 256 260 260 259 258 258 256 255 254 253 252 252 252 252 252 251 252 254 256 259 262 264 266 266 269 268 267 264 264 263 261 258 254 252 251 247 243 236 231 223 212 212 211 210 209 203 200 203 200 198 195 184 133 146 183 202 208 212 214 216 219 220 220
232 234 238 242 246 250 254 257 258 258 257 256 255 253 252 251 251 252 252 253 253 254 254 257 259 261 263 264 266 267 267 266 264 265 262 261 260 258 255 253 248 245 239 232 232 224 218 214 213 207 207 196 199 196 197 196 193 188 187 181 192 201 208 213 216 220 221 223 224
233 235 238 242 246 249 253 255 256 256 256 255 251 252 251 250 250 251 252 253 254 255 256 259 261 262 265 265 267 266 266 265 263 263 262 260 258 257 254 252 245 242 238 237 231 230 227 222 217 214 200 196 201 199 191 190 187 193 195 196 201 206 213 219 222 225 227 227 228
234 236 239 241 245 248 251 253 254 255 255 254 253 251 249 248 250 251 252 253 254 255 258 258 263 264 265 265 265 265 261 263 263 261 260 259 258 256 253 248 247 243 240 238 234 226 222 226 219 219 214 208 210 205 188 188 194 198 200 204 208 214 220 225 228 229 231 231 231
236 237 239 241 245 248 250 252 253 254 254 253 252 251 249 249 250 252 253 254 255 257 258 261 264 266 258 264 265 263 263 263 262 261 259 258 255 252 245 248 247 244 243 240 233 229 227 226 222 222 220 217 210 200 190 201 206 207 208 213 217 223 226 228 233 233 233 234 233
238 239 240 242 245 248 250 252 253 254 253 253 252 251 251 251 251 252 254 255 256 256 253 259 264 263 254 262 262 261 262 262 260 260 258 256 255 252 248 248 245 245 243 239 235 233 228 226 227 225 222 220 217 211 201 211 212 215 216 219 224 230 236 236 237 237 237 236 236
241 242 243 244 246 249 250 252 252 253 253 253 253 252 252 252 253 254 255 256 257 259 254 257 261 256 260 261 262 261 261 261 260 258 256 255 254 252 249 247 245 245 243 239 237 234 231 227 227 226 224 225 222 215 215 217 219 220 222 225 230 234 238 239 240 239 239 238 237
244 245 246 247 248 250 251 252 252 252 253 254 253 253 253 253 254 255 256 256 256 258 256 256 256 259 260 258 261 262 261 260 259 256 256 253 252 252 249 248 246 244 242 239 237 233 222 225 224 225 224 222 220 217 221 223 224 226 227 229 233 236 238 239 240 241 241 240 240
247 248 249 249 250 251 252 253 253 253 254 254 254 254 254 254 255 256 256 258 257 258 256 257 258 259 262 259 259 261 260 259 258 256 255 253 252 250 248 247 245 244 242 239 237 235 233 229 222 221 223 225 224 221 222 225 227 229 230 232 235 236 240 242 243 243 242 242 241
251 251 252 252 253 253 254 254 255 255 255 255 254 254 255 255 256 257 258 258 259 258 254 258 259 260 261 259 256 259 259 259 257 255 253 252 249 249 248 246 245 243 242 239 237 235 233 229 226 226 225 224 226 225 227 228 229 231 232 234 235 237 241 243 244 244 243 243 242
254 254 254 255 255 255 255 255 255 255 255 255 255 255 255 256 257 258 259 259 260 260 247 255 254 259 260 261 259 258 259 257 256 254 252 250 249 248 247 246 244 243 241 240 238 236 233 232 229 228 228 229 227 228 229 230 230 232 234 236 238 239 241 243 244 244 244 243 243
257 257 257 257 257 257 256 256 256 256 256 256 256 256 256 257 257 258 260 260 237 261 260 260 260 259 258 260 259 259 258 257 255 253 250 249 248 248 246 245 244 243 241 240 238 236 233 232 230 229 229 228 227 228 229 231 232 233 235 236 238 240 241 243 244 244 244 244 244
260 260 260 259 259 258 258 257 257 257 256 256 256 256 256 257 258 259 260 260 261 261 260 259 259 261 261 258 258 257 257 256 255 252 250 249 248 248 247 245 244 242 241 239 238 236 234 232 229 228 228 228 226 227 229 232 232 234 235 236 238 240 241 242 243 244 244 245 245
262 262 262 261 260 259 259 258 258 258 257 257 256 256 257 257 258 259 260 261 256 261 261 260 260 261 258 259 259 257 257 256 254 253 251 250 249 248 247 246 244 243 241 239 237 235 233 229 228 225 224 223 226 229 231 231 232 234 235 236 238 240 241 242 243 244 245 245 245
265 264 263 262 261 260 260 259 259 258 258 257 257 256 257 258 258 259 260 261 260 261 261 260 261 261 259 260 259 258 258 257 255 253 252 251 250 248 247 246 244 243 241 239 237 235 233 228 227 227 225 225 227 230 230 231 233 234 235 237 238 240 241 242 243 244 245 245 246
265 265 264 263 262 261 260 260 259 259 258 258 257 257 257 258 258 259 260 260 261 261 262 261 261 260 258 259 259 258 258 257 256 254 253 252 251 249 248 247 245 244 242 240 238 236 232 230 228 225 224 227 228 230 231 231 233 234 234 237 238 240 241 242 243 244 245 245 246
263 265 265 263 262 261 261 260 260 259 259 258 258 258 258 258 259 259 260 261 261 261 261 261 261 260 258 260 259 259 258 257 256 255 254 253 252 250 249 248 246 244 242 240 238 236 232 231 225 223 226 225 227 227 228 231 232 233 234 236 238 239 241 242 243 244 245 246 246
263 263 264 264 264 262 262 261 260 260 259 259 258 258 258 259 259 259 260 260 261 261 261 261 261 261 260 260 260 260 258 258 257 256 255 254 253 252 250 249 247 245 243 241 239 235 234 231 229 224 225 227 228 228 228 230 231 230 232 234 236 237 240 241 242 243 245 245 246
