trunk/EcoCrop/data/climate/tmean_7.asc
NCOLS 660 
NROWS 360 
XLLCORNER -20 
YLLCORNER -30 
CELLSIZE 0.1666667 
NODATA_value -3.4e+38 
[rows 0 to 29 of 360, columns 483 to 551 of 660]
273 290 322 341 345 348 350 351 352 355 357 358 357 354 352 346 340 330 328 325 328 327 333 338 339 342 345 346 346 348 350 351 351 338 303 308 302 289 261 267 288 285 326 339 335 341 320 304 293 304 288 283 292 267 294 290 290 312 341 345 348 346 345 345 344 344 343 343 342
288 268 280 326 344 348 351 353 355 356 357 355 354 350 345 335 329 315 319 315 319 321 327 331 334 339 348 349 350 351 352 354 352 328 308 310 276 253 264 269 261 349 338 361 361 354 335 323 304 305 300 292 300 303 295 305 270 338 345 347 347 346 345 345 344 344 343 343 342
269 261 287 272 312 340 348 351 349 350 351 352 344 345 338 329 319 303 310 307 311 310 310 310 318 333 350 351 351 353 354 354 353 344 328 307 290 270 255 266 293 349 365 370 370 366 358 316 298 308 306 305 303 307 309 309 331 347 347 348 347 346 345 345 344 344 343 342 342
256 272 283 292 275 300 339 345 342 342 343 343 333 331 332 327 318 307 296 286 299 300 301 310 332 346 349 350 352 353 354 354 353 331 300 267 284 263 237 247 277 322 370 369 369 364 354 347 330 308 318 312 308 314 291 313 332 344 348 348 347 346 345 344 344 343 343 342 342
259 272 262 280 310 285 318 337 324 333 336 330 317 311 326 337 329 319 323 308 314 309 320 328 339 345 347 349 350 350 354 353 337 302 301 268 226 233 228 281 278 353 369 370 368 366 362 343 306 300 313 305 307 315 317 317 337 347 349 348 346 345 344 344 343 343 342 342 342
279 268 253 279 318 330 324 327 327 331 336 326 330 305 322 344 340 338 334 327 329 330 330 333 338 341 344 349 350 351 342 337 322 318 281 274 255 228 254 269 275 350 370 368 367 364 362 356 344 342 338 324 317 319 329 308 346 349 349 347 346 344 344 343 342 342 342 342 342
276 261 258 275 306 319 340 334 342 344 346 347 347 347 352 353 350 345 343 339 338 334 336 337 340 342 344 336 325 293 341 338 312 293 263 256 238 204 237 295 324 363 369 367 365 363 361 358 350 318 310 311 328 336 331 346 350 350 348 347 345 343 343 342 342 342 341 342 342
280 264 238 272 282 305 330 342 342 351 353 352 357 358 360 359 357 352 349 347 345 341 337 334 333 294 315 319 326 344 343 337 311 276 265 259 234 241 231 287 302 367 367 366 364 362 361 358 354 348 345 345 346 339 341 347 351 350 348 347 344 342 341 341 341 341 341 341 342
288 282 262 210 271 293 307 346 349 346 354 356 361 359 363 361 360 358 354 352 346 329 322 310 326 320 318 348 348 347 347 332 285 265 272 237 215 277 246 308 321 366 365 364 362 361 360 358 357 352 352 350 349 348 351 351 351 350 348 347 345 342 341 341 340 340 340 341 341
302 295 286 289 292 306 283 326 345 351 355 359 360 362 364 363 362 360 357 354 344 338 343 343 343 348 348 347 346 346 341 328 280 275 268 251 284 283 269 326 352 363 363 362 361 359 358 357 356 355 354 354 353 353 352 352 351 350 348 346 344 342 341 340 339 340 339 340 340
303 304 302 300 296 308 269 272 313 338 348 358 361 362 362 362 361 358 356 356 354 352 350 349 348 347 346 345 343 340 331 308 289 282 252 268 277 244 268 288 300 363 362 361 359 358 356 355 354 353 353 352 352 352 352 352 351 350 348 346 344 342 340 339 338 339 339 338 339
301 308 309 306 305 309 298 255 304 299 330 351 356 361 361 360 359 357 355 353 352 351 349 348 346 345 343 341 337 332 311 300 270 280 273 279 270 273 264 290 299 337 360 359 358 356 355 353 352 351 351 351 350 351 351 351 351 349 347 345 343 341 337 337 337 338 338 338 338
302 316 309 313 295 300 304 296 289 277 303 332 349 356 357 358 357 355 353 351 350 348 347 345 345 342 340 337 333 301 286 292 270 282 278 260 286 275 302 243 331 282 358 357 356 355 353 352 350 349 349 349 349 350 350 350 349 348 346 343 340 339 337 337 337 337 336 335 335
325 330 324 312 291 307 300 307 308 242 297 319 329 346 348 351 353 352 351 350 348 346 345 344 341 338 331 323 305 281 282 285 284 286 293 286 263 295 295 301 284 321 356 355 354 353 352 350 349 348 347 347 348 348 348 348 347 345 343 340 337 337 336 336 336 335 334 334 333
347 321 326 318 305 301 315 316 288 313 284 316 329 335 338 339 342 343 345 345 342 341 338 333 301 325 304 275 284 280 284 294 293 271 293 281 286 279 270 253 254 348 354 353 352 351 350 349 348 347 346 346 346 346 346 345 345 343 340 339 337 336 335 335 334 333 332 331 329
344 355 349 319 301 298 312 318 318 306 315 297 306 317 323 323 327 333 324 318 332 328 327 319 303 286 283 290 281 287 272 296 289 292 290 285 255 294 297 308 321 348 352 352 350 349 348 348 347 346 342 345 345 344 343 343 343 340 338 336 333 333 333 332 329 330 329 328 326
365 368 357 335 306 307 272 310 310 317 313 318 312 299 288 281 311 331 312 296 319 310 296 289 297 295 291 274 292 285 263 290 286 296 288 278 274 296 310 307 327 348 350 350 349 348 347 347 346 343 342 344 342 342 341 341 340 339 335 332 328 327 329 330 329 328 326 324 323
363 361 343 316 317 294 308 309 311 313 314 314 318 321 321 323 325 323 324 319 305 304 306 304 296 286 292 298 296 276 300 236 306 291 273 295 297 294 284 323 323 347 348 348 347 346 346 345 345 343 342 342 341 340 339 338 338 336 333 329 327 326 327 326 326 325 323 321 321
335 332 317 311 308 301 293 296 300 300 296 295 306 305 303 311 314 317 322 320 317 313 303 291 292 296 294 289 299 306 271 308 292 298 271 284 298 294 306 313 331 346 346 346 345 345 345 344 344 342 342 341 339 340 337 337 336 334 331 328 325 323 320 322 322 320 319 320 319
296 288 296 310 319 310 309 304 311 318 309 286 291 313 312 307 309 309 315 315 313 310 301 294 285 283 290 291 268 304 296 312 281 299 281 294 271 287 302 313 324 344 344 344 344 344 344 344 342 340 340 339 337 337 336 335 333 332 330 325 322 320 317 317 316 315 314 316 317
297 318 310 282 315 306 297 308 309 319 325 330 327 318 315 310 309 308 310 308 305 297 293 298 289 291 288 285 313 310 310 317 313 308 307 320 308 282 312 320 326 342 343 342 342 342 343 342 341 340 339 337 336 334 334 333 332 330 328 325 321 318 316 315 314 311 313 314 316
310 321 311 310 324 324 323 323 325 324 326 305 314 323 323 313 320 318 316 309 313 307 307 302 287 274 305 311 313 315 317 322 318 295 323 326 298 290 311 280 310 312 340 341 341 341 341 340 340 339 338 336 334 333 332 331 329 328 326 323 322 318 317 315 313 311 314 315 316
325 325 313 318 316 328 325 321 329 333 335 331 322 322 325 326 325 327 316 313 311 309 302 285 306 308 308 297 310 314 315 322 319 309 333 332 314 292 286 322 311 297 309 337 339 339 339 338 338 337 336 335 333 332 330 329 327 327 323 323 319 318 314 313 313 314 314 314 314
319 305 316 319 313 314 327 331 330 330 334 337 343 344 342 339 332 322 312 305 305 302 305 305 305 292 298 310 315 315 303 314 315 312 328 333 321 293 309 312 322 308 328 330 331 337 337 337 336 336 334 333 331 329 328 327 325 324 323 321 318 315 313 311 314 314 314 314 312
321 315 326 327 327 329 327 326 327 329 328 335 338 340 328 332 320 280 295 296 299 287 282 296 301 304 302 310 313 311 319 320 316 296 329 332 333 323 310 320 322 305 306 316 318 332 335 335 335 334 333 331 330 329 326 325 323 322 321 319 317 314 311 311 312 314 314 314 314
314 317 321 323 324 324 324 315 324 327 329 331 331 332 331 327 325 320 317 307 305 291 304 304 293 301 306 307 314 318 288 310 301 322 328 330 331 325 316 310 314 301 316 321 320 327 331 334 333 332 331 329 328 326 325 322 321 320 319 318 316 314 312 308 307 313 313 314 315
314 312 314 316 318 319 313 319 320 322 321 302 321 325 321 318 319 316 313 306 304 305 307 310 304 298 296 302 289 313 317 305 310 309 -3.4e+38 -3.4e+38 327 323 318 311 317 300 311 311 323 326 331 332 332 330 329 327 326 324 322 321 319 318 317 316 314 311 310 309 312 312 314 314 314
-3.4e+38 309 310 307 313 313 314 314 314 314 315 315 312 318 310 307 312 309 306 307 308 308 308 307 307 306 307 304 299 309 314 315 -3.4e+38 -3.4e+38 -3.4e+38 -3.4e+38 -3.4e+38 319 310 311 312 302 308 316 321 325 328 331 330 328 327 326 324 323 321 320 319 317 316 315 313 311 308 310 310 313 314 314 313
-3.4e+38 -3.4e+38 309 308 309 309 308 308 309 309 311 312 -3.4e+38 -3.4e+38 310 310 306 302 -3.4e+38 -3.4e+38 -3.4e+38 -3.4e+38 -3.4e+38 300 -3.4e+38 -3.4e+38 -3.4e+38 -3.4e+38 -3.4e+38 -3.4e+38 -3.4e+38 -3.4e+38 -3.4e+38 -3.4e+38 -3.4e+38 -3.4e+38 -3.4e+38 313 305 311 303 299 306 309 317 322 326 326 327 326 324 323 322 321 320 319 317 316 315 313 311 311 310 311 312 313 314 313 310
-3.4e+38 -3.4e+38 -3.4e+38 -3.4e+38 -3.4e+38 -3.4e+38 -3.4e+38 303 -3.4e+38 -3.4e+38 -3.4e+38 -3.4e+38 -3.4e+38 -3.4e+38 -3.4e+38 -3.4e+38 -3.4e+38 -3.4e+38 -3.4e+38 -3.4e+38 -3.4e+38 -3.4e+38 -3.4e+38 -3.4e+38 -3.4e+38 -3.4e+38 -3.4e+38 -3.4e+38 -3.4e+38 -3.4e+38 -3.4e+38 -3.4e+38 -3.4e+38 -3.4e+38 -3.4e+38 -3.4e+38 -3.4e+38 307 306 305 304 306 304 309 316 319 322 323 323 322 321 321 320 320 319 317 316 315 314 312 310 311 311 310 312 311 312 312 310
