trunk/EcoCrop/data/climate/tmean_10.asc
NCOLS 660 
NROWS 360 
XLLCORNER -20 
YLLCORNER -30 
CELLSIZE 0.1666667 
NODATA_value -3.4e+38 
[rows 90 to 119 of 360, columns 276 to 344 of 660]
266 261 264 268 276 274 275 274 271 275 277 277 279 285 287 289 288 287 287 287 287 290 294 295 297 298 299 300 300 302 303 304 306 308 307 308 309 308 310 309 309 307 306 307 306 303 303 302 302 301 300 299 297 296 296 297 299 301 302 302 302 299 296 292 286 268 256 276 269
260 270 267 270 275 276 276 275 277 272 278 281 283 286 287 288 286 282 285 289 287 289 292 295 297 299 299 299 300 303 304 306 307 308 309 309 309 309 308 308 308 307 307 307 305 302 299 300 300 299 299 298 297 297 296 296 298 300 300 301 298 297 293 289 283 275 258 268 269
266 273 271 275 274 280 279 272 279 276 275 281 283 285 287 287 283 279 284 288 288 290 293 294 295 298 298 300 302 304 305 306 307 307 309 309 310 309 309 308 307 307 306 305 302 300 299 299 299 299 299 299 298 297 295 296 298 298 298 299 295 292 290 285 281 273 262 264 258
269 270 269 273 279 276 280 279 279 277 276 277 284 285 286 286 284 284 285 285 287 290 293 296 297 297 298 299 301 303 305 306 305 306 308 309 310 310 309 308 307 306 304 302 299 297 298 299 299 299 299 298 298 297 296 295 297 296 295 296 293 290 287 283 279 273 272 273 264
268 270 274 277 277 277 279 282 279 277 274 280 284 286 286 285 284 285 285 286 285 291 294 296 295 295 296 299 301 303 304 305 307 307 308 308 309 310 309 308 307 305 303 301 299 297 298 298 299 299 298 298 297 295 296 294 293 293 294 295 292 289 288 283 279 275 277 263 264
272 274 275 275 277 280 276 282 280 280 277 281 285 286 285 284 285 286 285 286 288 290 293 294 295 295 297 299 302 302 303 304 305 306 307 307 309 310 309 308 306 305 300 300 299 298 298 299 299 299 298 297 297 297 297 295 291 291 292 291 290 287 285 282 278 272 263 263 251
277 278 278 272 278 274 273 280 282 281 279 284 285 285 283 281 285 285 285 285 287 290 292 293 295 295 297 299 300 301 302 303 304 304 305 306 308 309 309 307 306 304 300 299 299 299 299 299 299 299 298 298 297 297 295 294 289 290 289 289 290 286 284 278 268 263 228 243 251
276 279 279 280 279 274 277 281 282 282 280 283 285 283 283 283 285 285 285 285 286 289 291 293 295 296 298 299 299 300 301 302 302 303 303 304 306 307 307 306 305 302 300 299 298 300 299 299 298 298 298 297 296 294 294 291 290 284 285 286 285 286 283 280 276 272 264 202 219
274 277 279 283 284 284 277 282 283 282 283 283 284 286 285 283 285 285 284 284 286 288 291 292 295 296 297 298 298 299 300 300 301 301 302 303 304 305 305 305 303 301 299 296 298 300 299 298 298 297 297 297 296 293 289 290 290 285 281 282 279 281 281 280 275 273 265 253 222
276 279 281 279 283 282 286 286 285 283 285 281 285 286 285 285 285 284 283 282 284 287 289 291 293 295 296 297 297 297 298 299 299 299 300 301 302 302 303 303 301 299 298 297 296 296 297 297 296 296 296 296 294 292 288 291 290 288 284 279 282 279 277 277 260 270 252 183 136
280 281 281 283 284 284 286 286 286 286 285 283 285 287 285 286 284 283 280 280 283 284 288 290 292 293 293 295 295 296 296 297 297 297 298 298 299 300 301 301 300 298 296 296 295 293 294 294 294 295 294 294 293 292 290 291 290 288 286 280 280 263 272 273 273 269 264 250 208
280 281 282 284 282 285 286 286 286 287 287 287 288 287 285 285 283 281 280 282 283 280 283 287 291 291 290 293 293 294 295 295 295 295 295 296 297 297 298 299 298 297 296 294 293 291 291 291 291 293 293 292 291 291 290 290 289 288 286 280 280 272 261 264 267 266 253 253 250
281 282 283 283 284 286 285 286 287 287 287 287 288 285 286 283 282 282 282 282 279 279 280 285 288 290 290 290 290 291 292 293 293 293 294 294 295 295 296 296 296 295 292 291 288 287 286 286 287 288 289 289 289 288 288 288 287 287 285 281 272 276 271 264 243 250 240 240 238
282 283 283 283 285 285 286 286 287 286 287 287 287 286 284 282 282 282 280 282 282 280 280 283 285 287 288 289 288 290 290 291 291 292 292 292 293 293 294 294 294 292 289 287 285 282 281 281 281 283 285 286 286 286 286 286 286 285 284 282 277 270 268 257 242 246 216 222 187
284 278 284 284 285 285 286 286 286 286 286 286 286 286 285 284 280 280 280 281 278 278 278 282 285 286 287 287 286 286 286 287 288 289 290 290 291 291 291 292 292 290 287 283 280 278 276 275 276 279 281 283 284 284 284 284 283 283 282 280 280 277 271 259 255 241 169 186 185
284 285 285 283 285 285 286 286 286 285 286 285 286 285 284 284 281 279 279 280 278 277 277 280 281 282 282 284 281 282 281 283 284 285 287 288 289 289 289 289 289 288 284 280 279 276 274 273 274 277 279 281 282 282 282 282 280 280 279 276 259 256 269 261 250 227 190 195 202
284 284 285 285 285 285 285 285 285 285 285 285 286 284 284 281 281 280 280 278 274 271 274 276 277 278 280 281 280 276 268 277 280 282 283 285 286 286 286 285 285 284 282 279 278 275 274 274 275 276 278 279 280 280 280 279 278 277 272 262 247 220 255 259 238 209 203 200 209
284 285 285 284 285 285 286 285 285 285 284 284 284 283 281 280 280 281 278 275 268 267 269 272 274 263 276 278 276 274 257 271 269 277 280 283 283 284 283 283 282 281 279 277 276 274 272 273 275 277 278 279 277 277 277 277 275 270 269 265 262 244 252 243 194 184 202 205 206
285 284 285 284 285 285 285 284 284 284 284 284 283 281 280 280 280 279 275 273 261 265 267 266 270 269 272 274 275 260 258 258 264 272 277 279 281 281 281 280 278 278 276 275 274 273 270 273 275 277 279 278 277 273 274 274 271 268 267 262 260 245 252 241 211 172 198 200 201
285 284 284 284 284 284 284 284 284 284 284 283 282 280 280 280 278 277 274 271 260 261 265 266 268 266 265 270 272 269 266 269 271 275 277 279 279 280 279 278 276 275 274 274 273 272 269 271 273 276 277 275 275 272 270 270 269 266 261 256 251 242 248 229 211 207 194 194 198
284 284 283 283 283 284 284 283 284 284 283 282 281 281 279 278 277 277 275 265 269 268 267 269 268 266 259 265 269 267 271 272 273 273 276 278 279 279 278 277 276 276 274 273 273 272 269 268 270 274 276 274 272 269 265 258 265 259 250 251 245 225 236 229 168 176 190 190 195
284 283 283 282 283 283 283 283 283 283 283 282 281 280 274 277 275 277 275 270 270 269 266 271 270 267 263 262 266 269 271 274 275 274 275 278 279 279 278 277 276 276 274 273 273 272 269 263 265 269 274 274 272 269 242 258 259 255 252 238 227 215 233 225 202 179 181 175 171
284 283 283 282 282 282 282 282 282 282 282 281 281 277 276 276 277 277 271 272 274 272 271 273 271 268 261 259 265 269 272 272 275 276 277 278 279 279 278 277 277 276 275 274 272 272 269 266 265 271 269 269 268 272 250 213 255 252 246 241 232 226 229 202 156 173 172 166 158
283 283 282 282 282 282 282 282 282 282 282 281 280 279 277 277 278 276 276 275 276 273 267 274 271 268 258 258 268 270 272 274 276 277 277 278 279 278 278 277 277 277 276 274 274 272 270 265 265 267 266 263 266 251 260 260 261 258 253 248 235 233 216 186 170 153 162 155 129
282 282 282 281 281 281 281 281 281 281 280 280 279 279 277 274 277 275 275 277 277 268 274 275 273 265 267 269 271 271 274 275 276 278 278 278 279 279 278 278 277 277 276 276 274 273 270 269 264 262 259 257 263 253 260 262 253 246 240 242 237 222 195 191 157 149 145 156 165
282 281 281 281 281 281 280 280 280 280 280 279 279 279 278 277 276 274 273 272 277 276 276 276 273 274 273 272 272 274 276 276 275 277 278 279 279 279 279 278 278 278 277 276 275 272 271 268 265 260 254 253 251 247 257 255 246 193 204 231 215 205 199 179 179 167 162 174 183
281 281 280 280 280 280 280 279 279 279 279 278 278 278 278 277 277 277 276 277 275 277 276 276 276 275 274 273 274 276 276 277 277 276 279 279 279 279 279 278 278 278 277 276 275 273 269 268 267 250 251 229 250 248 258 250 221 226 151 210 191 214 202 178 198 172 174 189 178
280 280 279 279 279 279 279 279 279 278 278 278 278 277 277 277 277 278 277 277 277 275 276 276 276 276 275 276 274 276 276 277 277 278 279 279 279 280 279 279 278 278 277 276 276 273 272 270 267 264 239 224 233 240 251 252 240 232 208 215 189 210 236 220 223 203 204 168 168
279 279 279 278 278 278 278 278 278 277 277 277 277 277 277 277 277 277 277 277 277 276 276 276 275 276 276 276 271 271 276 277 277 278 279 279 279 280 279 279 279 278 277 277 276 274 271 270 268 259 219 208 216 224 224 243 241 236 223 205 171 194 208 200 198 192 216 205 163
278 278 278 277 277 277 277 277 277 277 276 276 276 276 276 276 276 277 276 276 276 276 276 276 276 276 277 276 276 277 277 277 278 278 278 279 279 280 279 279 279 278 277 277 276 274 272 269 266 262 255 209 224 233 217 235 248 233 229 244 225 187 182 193 184 182 184 227 218
