trunk/EcoCrop/data/climate/tmean_3.asc
NCOLS 660 
NROWS 360 
XLLCORNER -20 
YLLCORNER -30 
CELLSIZE 0.1666667 
NODATA_value -3.4e+38 
[rows 60 to 89 of 360, columns 207 to 275 of 660]
231 230 230 229 228 226 226 225 223 220 223 220 218 221 222 221 211 204 210 174 200 212 196 145 109 177 210 220 224 214 221 223 226 227 227 228 229 229 228 229 226 230 228 227 227 224 223 222 225 217 216 215 218 217 211 214 217 211 213 210 211 210 216 216 215 216 218 218 218
232 232 232 231 230 227 228 226 221 224 226 221 221 224 226 222 220 214 199 216 219 217 211 162 133 190 201 218 228 226 229 226 228 231 229 230 231 232 230 229 232 229 226 225 222 224 224 227 216 216 216 216 217 220 214 219 216 216 212 213 216 215 217 218 220 219 218 220 220
234 233 232 231 230 232 231 229 227 229 227 225 225 228 228 225 225 224 216 210 223 220 220 211 205 216 222 227 232 231 237 233 230 231 231 234 233 233 232 234 233 232 225 223 224 225 228 218 221 217 216 222 223 219 219 218 219 215 215 216 219 218 218 221 222 222 222 222 222
235 233 232 233 233 232 232 230 230 230 228 229 231 231 227 229 229 226 226 226 228 227 226 228 229 225 228 231 233 238 234 237 232 234 236 235 235 237 235 236 235 229 227 225 225 223 223 223 225 217 220 221 222 217 218 217 217 217 218 222 220 222 222 223 224 224 224 224 225
235 234 234 234 235 234 234 233 235 232 234 231 235 232 232 229 234 230 232 232 218 228 229 235 236 237 226 231 228 241 240 237 239 239 236 236 236 235 239 237 231 229 228 234 234 225 231 228 220 220 219 228 222 218 218 218 219 219 220 222 224 225 226 226 226 226 226 226 228
236 237 237 236 235 236 237 237 239 237 237 237 238 237 235 234 235 233 234 233 234 235 233 238 241 242 231 236 231 233 242 235 243 242 242 243 242 240 240 240 239 239 239 235 232 224 225 232 231 225 231 219 219 218 220 220 220 221 222 225 226 227 228 228 228 229 229 229 229
236 238 238 238 238 239 240 241 241 240 239 239 241 241 240 237 238 238 237 238 239 239 240 243 243 245 244 239 242 243 245 244 246 244 243 246 245 246 249 244 239 242 242 242 239 235 237 238 232 233 221 228 216 217 219 220 222 223 225 227 229 230 230 231 231 230 231 231 230
240 240 240 240 241 241 243 244 243 242 241 242 242 242 243 240 241 240 241 240 242 243 242 244 247 250 251 247 247 248 247 247 248 247 248 244 243 243 245 244 244 244 246 245 242 242 239 239 236 234 229 224 219 219 219 218 220 223 226 227 230 231 232 232 234 233 232 232 231
240 241 241 242 243 244 247 247 245 245 246 245 245 245 245 244 244 244 244 243 243 244 245 249 249 251 251 249 250 249 251 250 251 249 249 251 251 246 245 246 239 242 245 244 243 242 240 238 232 234 232 231 217 216 220 221 231 223 233 231 231 233 234 235 235 235 234 234 233
242 243 243 244 245 246 248 249 248 248 249 248 249 249 250 248 250 247 247 247 246 247 247 249 249 252 252 252 252 251 252 251 252 253 252 255 251 255 249 248 241 246 246 245 244 243 241 241 241 240 238 236 227 235 236 233 233 234 231 230 233 235 235 236 236 236 236 235 234
243 244 245 246 248 248 250 251 251 251 251 251 252 251 252 252 251 251 250 251 250 251 252 251 255 251 255 253 254 254 255 255 253 254 254 255 253 253 253 252 251 253 252 251 249 247 248 247 246 243 243 241 241 238 237 235 234 230 229 232 235 236 236 237 237 237 237 236 236
245 246 246 247 250 251 252 253 254 254 254 254 253 254 254 255 255 254 254 253 253 253 256 260 259 258 256 255 257 257 256 256 257 257 257 257 257 256 254 256 255 254 254 252 253 252 251 250 249 247 246 246 244 241 238 231 231 231 231 235 237 237 238 238 238 238 237 237 237
246 247 248 250 251 253 254 255 255 256 256 257 256 257 257 257 257 257 257 256 256 256 258 258 263 263 262 261 257 258 259 260 261 260 260 261 261 257 257 253 254 255 255 256 255 255 254 253 251 249 247 246 243 240 232 229 232 235 236 237 238 239 239 239 239 239 238 238 239
249 250 251 252 253 255 256 257 258 259 259 260 260 259 260 264 264 259 259 259 260 260 261 261 262 264 264 264 260 261 262 262 263 262 263 262 264 263 260 256 250 251 253 252 251 252 251 250 248 242 235 232 228 227 228 228 229 233 237 239 240 240 240 240 240 239 239 239 240
251 252 254 254 256 258 259 261 261 262 262 263 264 265 266 267 268 268 268 262 263 264 265 265 265 264 264 264 266 265 265 265 266 266 265 266 266 264 266 265 250 242 245 253 235 242 235 237 238 229 227 225 228 228 228 231 235 239 239 241 241 241 241 241 240 240 240 240 239
253 255 256 258 260 261 263 263 265 265 266 266 267 268 269 270 270 271 270 269 269 270 270 269 270 269 269 269 270 270 267 268 268 268 269 269 269 269 269 266 265 253 248 244 236 234 233 225 230 231 224 226 227 226 227 232 235 239 242 242 242 242 242 242 242 241 241 240 242
257 258 260 262 263 264 266 267 267 268 269 269 270 271 272 273 273 273 274 275 274 275 274 275 274 273 274 274 273 272 270 270 271 271 272 272 272 272 270 270 271 265 268 255 239 231 230 231 230 226 228 222 228 229 232 234 239 243 243 244 243 243 243 243 242 242 242 242 243
259 261 262 263 266 267 269 269 270 271 272 272 273 273 275 276 276 276 277 277 277 278 278 278 278 277 276 275 274 273 272 273 273 274 275 275 275 275 275 275 275 275 273 266 260 243 239 232 231 230 229 231 226 233 234 236 243 245 245 245 245 244 244 244 243 243 243 244 244
262 263 264 266 268 269 271 272 273 274 274 275 276 276 277 278 278 279 279 280 280 280 280 280 279 278 277 277 277 275 275 276 276 277 276 277 277 278 277 279 279 279 270 267 254 256 242 238 237 232 235 231 233 238 239 242 245 247 246 246 246 245 245 244 244 244 245 243 242
264 265 267 268 269 271 273 274 275 276 277 277 278 279 279 279 281 281 281 282 282 282 282 281 280 279 279 279 278 277 278 278 279 279 279 279 279 280 280 280 281 282 281 278 274 258 266 250 237 239 233 232 237 242 247 249 248 248 247 247 247 246 246 245 245 245 243 242 242
267 268 268 270 271 272 274 275 276 278 279 279 280 280 281 282 283 283 283 283 283 283 282 282 281 282 281 279 280 280 280 281 281 281 281 281 281 282 282 281 283 283 281 278 275 272 267 260 242 238 241 241 246 250 250 250 249 249 248 248 247 247 246 246 246 243 241 240 243
268 269 271 271 272 274 275 276 277 278 280 280 282 282 282 283 284 284 284 285 285 284 284 283 283 283 282 281 282 283 283 283 283 283 283 284 284 284 284 283 282 282 282 279 276 262 266 256 254 238 239 245 246 247 249 250 250 249 248 248 247 246 247 247 244 241 238 241 241
270 271 272 273 275 277 277 279 279 280 281 281 282 283 283 284 284 285 286 286 287 286 286 287 286 284 285 284 284 285 285 285 285 285 285 286 286 285 284 284 283 282 282 278 276 268 261 262 256 238 244 246 245 247 249 250 249 247 247 246 248 246 248 242 241 239 240 243 242
271 272 274 275 276 278 280 280 281 282 282 283 282 282 283 284 284 286 286 287 286 286 287 287 288 287 285 286 286 287 287 288 287 287 287 287 287 287 286 285 284 282 280 278 273 271 269 262 251 252 245 246 248 248 247 244 243 242 244 248 247 247 247 244 239 238 240 241 235
272 274 275 276 278 279 281 281 282 284 285 285 286 285 285 285 286 286 287 288 288 289 289 290 290 289 288 288 288 289 289 289 290 290 290 290 290 289 287 287 285 283 278 278 275 273 270 265 259 255 255 253 250 251 248 245 245 244 248 249 243 240 243 238 237 231 241 240 227
274 276 276 278 279 280 281 283 284 285 286 288 288 288 288 288 288 289 289 290 290 291 292 292 292 290 290 290 291 291 291 291 292 292 292 292 291 291 289 289 287 284 283 276 274 270 265 256 254 257 257 257 255 254 253 252 251 247 250 248 245 242 238 238 240 233 226 225 233
275 278 279 279 280 281 283 284 285 286 287 288 289 289 289 290 290 291 291 292 292 293 294 294 293 292 292 293 293 293 293 294 294 294 294 294 293 292 291 289 287 285 282 279 274 257 254 254 255 257 258 255 251 252 249 248 249 246 246 241 243 242 237 242 240 236 223 222 238
276 278 279 281 281 283 284 285 286 288 289 289 290 291 292 292 293 293 293 294 294 295 295 295 294 294 294 295 295 296 296 296 296 296 296 295 295 294 292 291 288 286 281 262 269 260 253 257 258 259 258 256 252 252 250 247 241 248 245 243 245 237 239 233 236 228 232 232 238
277 279 281 281 284 286 285 287 288 289 290 291 292 293 293 294 294 295 296 296 296 297 297 297 296 296 297 297 298 298 298 298 298 298 298 297 296 295 293 292 289 286 283 274 259 256 255 257 259 257 256 256 254 250 249 243 237 243 241 243 239 240 232 236 221 225 235 241 242
278 280 282 283 283 286 288 289 291 291 292 293 294 295 295 296 296 297 297 298 298 298 298 298 297 298 299 299 300 300 300 300 300 300 299 299 298 296 295 291 290 282 283 274 260 259 259 259 256 257 257 254 253 250 248 244 240 235 238 242 234 236 240 234 227 233 240 238 236
