trunk/EcoCrop/data/climate/tmean_6.asc
NCOLS 660 
NROWS 360 
XLLCORNER -20 
YLLCORNER -30 
CELLSIZE 0.1666667 
NODATA_value -3.4e+38 
[rows 120 to 149 of 360, columns 69 to 137 of 660]
261 261 261 261 262 265 265 262 264 264 260 264 266 265 265 266 264 265 264 265 266 267 267 271 267 268 268 266 265 267 267 272 274 275 275 269 264 265 266 268 273 262 271 271 274 272 271 269 266 266 267 267 269 271 273 271 270 263 262 259 254 257 259 260 259 261 260 259 257
258 260 262 263 260 264 263 257 259 261 260 263 264 261 264 264 266 266 264 265 264 265 270 271 270 271 270 267 266 263 267 265 272 270 272 268 265 267 268 267 268 263 270 275 274 273 271 269 269 262 264 268 269 270 267 270 267 249 249 254 251 257 260 260 258 263 261 259 258
255 259 260 259 260 261 260 260 249 258 257 262 263 260 264 262 261 261 262 267 261 263 269 268 269 270 269 268 265 265 265 264 268 270 271 266 264 264 268 271 258 270 275 274 273 271 269 266 265 262 262 269 271 270 268 267 262 265 258 255 251 253 257 258 262 261 261 259 259
248 258 258 257 256 258 260 260 261 255 257 260 260 258 262 261 261 261 261 263 260 262 264 268 267 269 268 270 266 267 264 263 266 264 266 264 262 264 267 271 265 267 274 275 272 272 271 270 267 261 262 265 270 267 268 264 259 254 253 257 254 254 257 261 262 263 261 263 261
245 253 255 257 252 256 259 260 261 253 257 257 259 259 259 259 260 262 263 260 262 263 263 265 267 269 271 270 267 266 263 262 261 260 265 263 258 262 263 267 266 272 273 276 273 272 271 271 266 263 263 266 270 266 255 260 258 246 238 256 255 256 260 260 265 263 260 262 260
244 251 251 254 254 256 257 261 261 256 257 258 258 257 258 260 258 260 263 261 260 265 262 264 266 267 267 270 268 268 259 259 261 260 266 264 257 262 262 265 267 269 273 273 275 273 273 270 265 266 266 265 271 269 262 267 250 260 249 257 256 254 262 265 264 263 259 262 260
234 243 242 246 251 256 254 260 259 256 258 259 261 259 258 259 261 259 263 258 263 265 260 263 265 267 264 269 266 260 254 258 260 255 262 264 262 262 261 261 261 269 274 273 273 271 272 271 268 269 266 265 267 267 269 264 261 257 257 259 256 258 261 265 269 266 261 261 257
241 238 243 249 254 253 256 258 258 256 257 260 261 258 259 260 261 261 261 260 263 267 262 259 267 267 265 267 268 266 260 258 255 259 261 263 264 264 268 272 267 271 274 272 271 271 269 269 269 266 267 264 271 269 268 240 246 258 263 262 259 261 262 262 266 268 262 264 258
243 247 246 246 248 250 254 258 255 254 256 259 260 259 258 259 261 265 259 265 265 268 260 257 266 266 266 269 264 263 264 258 252 255 262 262 266 262 269 272 272 273 272 271 272 273 271 268 268 269 266 270 267 267 264 247 254 259 263 261 261 260 264 266 267 268 263 263 258
232 241 244 247 250 251 254 256 257 254 256 255 259 258 258 262 262 266 266 266 265 268 261 259 264 266 267 268 264 260 257 260 253 257 259 263 265 266 269 272 268 270 270 272 269 269 272 268 265 268 267 272 270 269 260 242 254 258 264 261 261 262 264 267 269 268 264 264 258
243 243 243 240 242 249 248 252 256 249 257 256 258 256 261 260 262 262 266 264 264 268 263 265 265 265 266 268 263 265 263 259 255 247 257 257 257 267 267 271 272 268 268 269 269 268 270 271 271 271 266 269 270 265 235 234 246 254 265 262 265 265 265 266 269 269 266 266 259
242 242 244 246 246 248 248 254 256 253 256 257 254 257 261 260 263 268 268 265 266 269 270 265 268 268 268 268 265 263 264 263 258 238 257 256 258 267 266 268 261 255 257 268 267 270 271 268 269 272 270 272 271 236 246 237 257 256 265 264 260 264 264 267 269 270 265 267 263
239 241 241 241 246 246 248 246 257 254 251 255 256 261 260 261 264 269 268 268 267 267 270 267 267 269 267 268 265 266 267 262 259 261 259 257 257 259 261 255 249 260 265 268 268 267 267 267 268 270 270 271 272 236 261 245 257 261 263 262 260 266 266 267 266 270 269 264 263
239 245 237 237 240 231 234 241 257 255 253 252 254 259 260 262 268 268 267 265 262 265 267 270 269 267 266 267 269 264 264 261 262 260 259 256 257 256 250 238 254 257 266 264 265 265 264 266 268 268 271 271 272 242 260 241 235 257 262 260 261 262 267 266 268 268 267 264 264
225 244 234 219 237 227 246 251 255 254 255 253 257 258 264 261 265 267 268 264 264 266 269 269 271 268 267 265 265 266 264 261 264 260 256 253 258 259 246 239 256 261 265 261 264 265 264 268 266 266 268 271 271 259 262 234 240 258 262 263 262 263 265 270 267 268 267 263 263
246 248 237 231 243 242 249 253 254 254 255 254 258 256 263 260 265 264 267 265 265 267 267 269 268 270 264 263 264 266 262 262 261 258 252 253 252 255 247 245 258 257 259 261 263 264 262 263 261 265 268 271 272 266 262 228 259 263 264 264 260 264 266 266 270 271 266 260 259
251 251 249 251 251 251 253 250 255 251 256 256 255 254 262 263 264 262 262 263 263 268 265 269 268 265 263 261 264 267 263 260 257 258 257 253 254 254 249 252 246 241 255 262 260 260 262 259 264 267 267 265 272 241 257 215 251 260 262 266 264 264 266 263 269 268 268 264 264
252 254 254 254 251 254 252 226 255 251 254 257 256 257 257 262 264 261 260 261 262 267 268 269 269 267 265 263 264 266 263 260 259 258 260 251 255 254 254 246 248 244 227 253 264 262 263 260 262 264 263 269 271 268 260 258 260 261 261 262 266 263 268 269 271 270 267 266 265
257 257 255 253 254 254 254 254 255 255 255 257 254 256 255 262 264 263 259 257 263 265 269 269 271 266 260 265 265 261 259 261 257 260 257 257 259 260 251 251 255 251 243 233 254 264 266 262 264 258 265 266 265 266 251 257 260 262 262 263 266 262 266 268 267 268 259 261 265
257 254 254 255 256 257 253 254 255 255 256 256 257 255 256 256 260 260 261 259 256 266 269 267 271 266 263 264 263 262 260 259 256 258 258 257 260 255 225 258 259 257 254 257 246 246 261 266 265 265 265 264 260 260 260 265 263 261 263 261 266 265 265 261 262 268 261 261 265
254 255 255 256 256 257 256 255 256 257 255 256 258 255 257 257 259 257 259 247 261 267 271 268 268 262 266 262 262 261 261 262 257 261 258 255 259 254 255 233 254 259 254 259 260 256 219 233 230 263 264 265 254 263 266 266 264 260 262 258 264 266 262 262 262 266 264 266 264
256 257 260 261 258 255 256 257 256 255 255 256 258 256 259 257 255 259 260 261 263 265 268 267 264 265 264 263 260 264 262 262 260 252 260 259 262 256 252 251 251 257 231 259 262 252 253 254 229 248 252 257 262 267 265 265 261 262 257 263 261 266 267 264 264 261 263 265 265
259 260 263 263 259 256 258 254 255 256 256 257 257 257 260 258 257 257 256 260 264 267 269 265 265 267 264 263 263 260 264 261 260 263 262 265 257 257 253 253 251 248 258 264 262 254 254 225 251 237 259 263 266 267 265 265 263 260 262 263 264 -3.4e+38 -3.4e+38 -3.4e+38 -3.4e+38 -3.4e+38 -3.4e+38 -3.4e+38 -3.4e+38
262 267 267 264 262 258 258 254 254 256 257 255 256 258 257 258 256 258 259 259 264 267 269 265 264 265 264 261 264 262 263 262 263 262 254 266 262 259 256 249 248 254 258 264 256 254 253 235 248 251 248 264 267 267 266 266 264 264 -3.4e+38 -3.4e+38 -3.4e+38 -3.4e+38 -3.4e+38 -3.4e+38 -3.4e+38 -3.4e+38 -3.4e+38 -3.4e+38 -3.4e+38
259 264 267 264 262 259 258 256 254 254 257 256 257 256 258 255 255 257 260 260 265 266 268 263 266 266 264 263 263 260 261 263 263 262 261 260 263 257 259 254 249 257 262 263 260 259 252 255 258 254 240 262 264 263 265 265 265 -3.4e+38 -3.4e+38 -3.4e+38 -3.4e+38 -3.4e+38 -3.4e+38 -3.4e+38 -3.4e+38 -3.4e+38 -3.4e+38 -3.4e+38 -3.4e+38
258 259 262 264 261 258 257 256 253 254 254 259 257 257 257 256 255 255 259 263 264 265 267 263 261 265 261 261 258 260 259 261 256 256 262 267 261 262 264 260 253 260 257 257 256 253 255 257 261 257 261 265 -3.4e+38 -3.4e+38 -3.4e+38 -3.4e+38 -3.4e+38 -3.4e+38 -3.4e+38 -3.4e+38 -3.4e+38 -3.4e+38 -3.4e+38 -3.4e+38 -3.4e+38 -3.4e+38 -3.4e+38 -3.4e+38 -3.4e+38
256 250 255 257 256 258 256 255 253 254 252 258 258 257 254 254 256 256 259 265 265 267 265 260 263 264 259 262 259 262 261 260 262 257 262 263 258 263 263 257 255 259 255 256 257 260 260 259 261 261 -3.4e+38 -3.4e+38 -3.4e+38 -3.4e+38 -3.4e+38 -3.4e+38 -3.4e+38 -3.4e+38 -3.4e+38 -3.4e+38 -3.4e+38 -3.4e+38 -3.4e+38 -3.4e+38 -3.4e+38 -3.4e+38 -3.4e+38 -3.4e+38 -3.4e+38
247 250 250 250 252 254 255 254 253 250 253 255 257 255 254 255 255 257 264 266 265 265 266 262 261 261 257 258 260 257 255 262 262 264 264 263 257 259 260 254 254 258 250 255 260 259 259 261 -3.4e+38 -3.4e+38 -3.4e+38 -3.4e+38 -3.4e+38 -3.4e+38 -3.4e+38 -3.4e+38 -3.4e+38 -3.4e+38 -3.4e+38 -3.4e+38 -3.4e+38 -3.4e+38 -3.4e+38 -3.4e+38 -3.4e+38 -3.4e+38 -3.4e+38 -3.4e+38 -3.4e+38
249 249 247 244 248 252 254 250 248 251 256 255 254 257 255 257 256 259 263 265 265 265 266 265 264 262 261 261 260 259 256 259 256 258 265 258 257 258 258 254 253 255 253 257 257 259 -3.4e+38 -3.4e+38 -3.4e+38 -3.4e+38 -3.4e+38 -3.4e+38 -3.4e+38 -3.4e+38 -3.4e+38 -3.4e+38 -3.4e+38 -3.4e+38 -3.4e+38 -3.4e+38 -3.4e+38 -3.4e+38 -3.4e+38 -3.4e+38 -3.4e+38 -3.4e+38 -3.4e+38 -3.4e+38 -3.4e+38
245 244 244 241 242 250 251 247 248 245 255 257 254 254 256 256 258 260 -3.4e+38 -3.4e+38 -3.4e+38 -3.4e+38 -3.4e+38 -3.4e+38 -3.4e+38 -3.4e+38 -3.4e+38 -3.4e+38 -3.4e+38 -3.4e+38 -3.4e+38 -3.4e+38 -3.4e+38 263 263 262 258 259 253 254 255 257 258 -3.4e+38 -3.4e+38 -3.4e+38 -3.4e+38 -3.4e+38 -3.4e+38 -3.4e+38 -3.4e+38 -3.4e+38 -3.4e+38 -3.4e+38 -3.4e+38 -3.4e+38 -3.4e+38 -3.4e+38 -3.4e+38 -3.4e+38 -3.4e+38 -3.4e+38 -3.4e+38 -3.4e+38 -3.4e+38 -3.4e+38 -3.4e+38 -3.4e+38 -3.4e+38
