trunk/EcoCrop/data/climate/tmean_3.asc
NCOLS 660 
NROWS 360 
XLLCORNER -20 
YLLCORNER -30 
CELLSIZE 0.1666667 
NODATA_value -3.4e+38 
[rows 60 to 89 of 360, columns 552 to 620 of 660]
-3.4e+38 -3.4e+38 -3.4e+38 -3.4e+38 259 260 261 250 247 239 252 256 258 263 267 269 271 274 276 277 277 279 282 281 282 281 283 283 280 280 283 284 280 292 293 295 296 295 293 290 286 289 289 286 284 285 286 285 283 277 277 276 275 272 269 267 257 257 258 256 256 261 276 278 280 281 280 263 272
-3.4e+38 -3.4e+38 -3.4e+38 -3.4e+38 260 263 265 264 255 249 254 235 255 261 266 271 274 275 279 281 279 282 284 285 285 284 282 283 285 282 285 283 286 284 293 294 282 290 291 293 292 291 288 287 286 285 288 287 285 279 280 279 268 259 259 262 258 259 259 258 258 261 264 270 278 280 269 254 268
-3.4e+38 -3.4e+38 -3.4e+38 -3.4e+38 261 262 265 266 266 264 245 250 258 264 266 271 273 277 279 282 283 283 284 285 284 286 287 285 286 285 284 286 287 287 288 288 287 286 289 288 281 278 280 280 286 289 290 290 289 284 284 275 260 263 257 255 260 260 260 260 260 262 260 264 278 278 247 263 229
-3.4e+38 -3.4e+38 -3.4e+38 -3.4e+38 -3.4e+38 256 267 269 267 271 242 248 254 256 264 269 274 276 278 281 284 285 286 287 286 285 287 287 288 288 287 288 286 285 288 288 287 283 284 287 285 279 282 290 281 291 292 292 291 286 287 285 281 261 258 266 266 262 264 264 262 261 262 262 277 255 241 260 255
-3.4e+38 -3.4e+38 -3.4e+38 -3.4e+38 -3.4e+38 259 268 270 270 271 249 253 246 254 262 268 265 272 277 279 280 283 285 287 287 288 287 286 286 288 287 290 290 287 285 288 284 289 285 293 291 291 279 285 292 293 295 294 282 287 289 285 283 272 261 252 267 271 265 265 263 263 263 263 262 248 246 260 274
-3.4e+38 -3.4e+38 -3.4e+38 -3.4e+38 -3.4e+38 265 268 262 271 235 252 256 260 261 253 262 268 261 261 273 272 281 284 285 286 287 289 288 287 289 290 289 291 290 285 289 290 290 290 290 294 296 296 278 293 294 297 297 293 294 287 285 282 279 279 278 275 259 253 266 266 265 262 263 257 242 229 247 277
-3.4e+38 -3.4e+38 -3.4e+38 -3.4e+38 -3.4e+38 -3.4e+38 263 268 256 244 252 253 260 266 264 265 268 270 274 265 265 274 280 279 283 283 287 289 288 288 287 285 290 291 290 290 290 290 291 292 294 292 298 299 297 297 298 298 294 294 281 285 282 280 271 275 276 264 256 266 264 267 263 262 249 242 232 255 265
-3.4e+38 -3.4e+38 -3.4e+38 -3.4e+38 -3.4e+38 259 265 266 250 253 259 261 263 265 270 270 268 271 275 275 270 270 273 274 274 275 276 280 283 285 287 286 291 289 291 290 289 286 290 287 290 292 296 298 299 301 299 298 297 297 281 293 289 281 279 262 270 262 259 280 265 262 261 248 247 245 230 276 277
-3.4e+38 -3.4e+38 -3.4e+38 -3.4e+38 -3.4e+38 260 254 268 248 253 261 263 265 269 271 273 273 273 273 277 278 274 271 276 278 279 280 280 279 282 284 287 288 292 292 289 284 286 288 281 287 287 291 294 297 297 299 297 297 294 295 284 288 289 278 263 272 279 281 278 280 278 251 246 242 243 266 276 277
-3.4e+38 -3.4e+38 -3.4e+38 -3.4e+38 -3.4e+38 261 257 265 246 243 261 257 254 261 270 272 275 275 274 277 278 280 278 275 276 278 280 281 282 280 280 288 288 290 292 290 279 281 282 285 287 293 294 295 297 298 298 293 296 294 296 283 272 290 287 284 279 281 281 281 278 263 250 247 238 233 256 262 276
-3.4e+38 -3.4e+38 -3.4e+38 -3.4e+38 -3.4e+38 -3.4e+38 263 269 262 252 252 260 259 264 269 270 274 276 277 276 282 282 282 283 279 280 280 281 283 285 284 285 285 287 289 290 284 281 282 284 286 288 292 293 294 296 294 294 295 295 294 297 292 293 288 284 285 285 279 284 281 250 239 240 235 223 237 258 279
-3.4e+38 -3.4e+38 -3.4e+38 -3.4e+38 -3.4e+38 -3.4e+38 257 269 273 269 253 259 265 269 272 273 275 275 280 278 281 285 286 285 279 282 283 283 284 286 286 285 287 286 288 290 289 287 281 284 281 284 287 288 292 293 293 290 293 292 291 292 296 293 289 288 287 287 283 258 269 259 239 240 228 264 277 279 279
-3.4e+38 -3.4e+38 -3.4e+38 -3.4e+38 -3.4e+38 -3.4e+38 263 260 262 252 232 258 257 264 269 269 275 278 280 281 282 286 288 287 286 283 283 284 282 283 282 286 284 286 287 285 287 285 284 279 282 282 284 285 290 291 292 293 291 286 291 285 290 295 289 286 290 287 267 230 240 245 246 228 278 278 276 273 279
-3.4e+38 -3.4e+38 -3.4e+38 -3.4e+38 -3.4e+38 -3.4e+38 -3.4e+38 261 271 252 257 259 261 261 255 264 265 275 280 284 286 286 289 291 289 289 286 287 287 283 283 285 286 285 286 287 287 283 280 280 279 284 286 290 291 292 294 295 293 283 290 293 291 295 291 279 290 267 250 229 268 251 255 278 277 279 274 277 -3.4e+38
-3.4e+38 -3.4e+38 -3.4e+38 -3.4e+38 -3.4e+38 -3.4e+38 -3.4e+38 269 272 273 257 241 262 263 263 262 271 275 279 282 287 289 290 292 291 293 289 289 292 293 288 288 287 285 282 284 286 284 278 281 284 287 291 293 293 294 297 296 297 294 293 295 288 293 292 291 273 269 256 266 264 271 266 278 278 279 278 -3.4e+38 -3.4e+38
-3.4e+38 -3.4e+38 -3.4e+38 -3.4e+38 -3.4e+38 -3.4e+38 -3.4e+38 263 265 263 256 257 265 260 264 265 268 275 280 283 285 288 292 293 294 293 290 293 290 293 295 289 294 283 288 279 282 282 279 285 288 291 293 294 297 297 298 297 297 296 284 294 290 287 287 284 270 288 280 278 271 260 276 272 280 -3.4e+38 -3.4e+38 -3.4e+38 -3.4e+38
-3.4e+38 -3.4e+38 -3.4e+38 -3.4e+38 -3.4e+38 -3.4e+38 -3.4e+38 264 269 273 247 251 265 269 269 267 264 272 275 280 283 288 289 292 295 294 295 296 294 294 297 296 296 294 290 280 283 284 281 283 286 292 293 295 297 297 298 299 299 297 296 293 290 285 282 284 279 285 283 278 282 281 281 -3.4e+38 -3.4e+38 -3.4e+38 -3.4e+38 -3.4e+38 -3.4e+38
-3.4e+38 -3.4e+38 -3.4e+38 -3.4e+38 -3.4e+38 -3.4e+38 -3.4e+38 -3.4e+38 263 269 253 264 261 270 272 272 267 268 271 272 280 287 285 291 293 294 296 298 296 298 295 294 294 287 288 285 281 282 278 282 283 294 298 298 298 300 299 299 299 297 297 294 289 287 284 285 285 283 284 281 280 282 -3.4e+38 -3.4e+38 -3.4e+38 -3.4e+38 -3.4e+38 -3.4e+38 -3.4e+38
-3.4e+38 -3.4e+38 -3.4e+38 -3.4e+38 -3.4e+38 -3.4e+38 -3.4e+38 -3.4e+38 266 270 262 260 269 272 273 273 269 272 274 270 275 282 288 290 291 290 293 292 293 298 296 291 285 289 293 287 285 285 283 285 289 295 298 301 300 301 301 299 300 298 296 290 289 286 283 284 283 283 282 282 281 281 -3.4e+38 -3.4e+38 -3.4e+38 -3.4e+38 -3.4e+38 -3.4e+38 -3.4e+38
-3.4e+38 -3.4e+38 -3.4e+38 -3.4e+38 -3.4e+38 -3.4e+38 -3.4e+38 -3.4e+38 271 272 270 259 269 273 272 274 272 275 273 275 271 279 283 286 287 288 292 293 294 297 300 297 298 295 296 286 289 289 286 289 294 296 298 301 304 302 302 300 297 297 294 284 288 286 286 285 283 282 281 280 280 279 -3.4e+38 -3.4e+38 -3.4e+38 -3.4e+38 -3.4e+38 -3.4e+38 -3.4e+38
-3.4e+38 -3.4e+38 -3.4e+38 -3.4e+38 -3.4e+38 -3.4e+38 -3.4e+38 -3.4e+38 272 273 278 254 268 271 273 275 275 275 276 277 277 278 278 281 282 288 287 294 296 299 299 300 301 299 299 297 294 289 291 290 291 297 301 301 305 301 299 297 296 295 294 292 290 287 285 282 281 279 279 278 278 278 -3.4e+38 -3.4e+38 -3.4e+38 -3.4e+38 -3.4e+38 -3.4e+38 -3.4e+38
-3.4e+38 -3.4e+38 -3.4e+38 -3.4e+38 -3.4e+38 -3.4e+38 -3.4e+38 -3.4e+38 276 276 277 259 268 271 272 269 270 270 273 272 277 279 281 283 282 286 287 293 298 296 299 302 302 301 300 300 296 290 290 288 289 280 290 295 297 297 294 294 293 291 290 289 287 284 281 279 278 277 277 276 -3.4e+38 -3.4e+38 -3.4e+38 -3.4e+38 -3.4e+38 -3.4e+38 -3.4e+38 -3.4e+38 -3.4e+38
-3.4e+38 -3.4e+38 -3.4e+38 -3.4e+38 -3.4e+38 -3.4e+38 -3.4e+38 -3.4e+38 -3.4e+38 271 277 261 264 264 269 269 271 274 270 272 276 277 278 283 287 286 291 289 287 290 296 299 300 298 300 302 297 295 294 287 267 272 295 295 285 294 291 291 291 288 288 286 283 280 277 -3.4e+38 -3.4e+38 -3.4e+38 -3.4e+38 -3.4e+38 -3.4e+38 -3.4e+38 -3.4e+38 -3.4e+38 -3.4e+38 -3.4e+38 -3.4e+38 -3.4e+38 -3.4e+38
-3.4e+38 -3.4e+38 -3.4e+38 -3.4e+38 -3.4e+38 -3.4e+38 -3.4e+38 -3.4e+38 -3.4e+38 271 277 272 260 261 267 267 268 273 268 269 273 274 277 283 284 286 284 286 291 292 294 296 297 296 296 300 300 300 297 280 289 285 263 293 292 293 291 289 288 287 285 283 280 278 275 -3.4e+38 -3.4e+38 -3.4e+38 -3.4e+38 -3.4e+38 -3.4e+38 -3.4e+38 -3.4e+38 -3.4e+38 -3.4e+38 -3.4e+38 -3.4e+38 -3.4e+38 -3.4e+38
-3.4e+38 -3.4e+38 -3.4e+38 -3.4e+38 -3.4e+38 -3.4e+38 -3.4e+38 -3.4e+38 -3.4e+38 272 275 278 252 263 263 257 264 266 272 267 278 278 281 275 282 282 285 288 290 291 292 290 292 295 296 298 298 300 299 297 281 278 295 295 295 291 288 287 284 284 282 280 278 276 -3.4e+38 -3.4e+38 -3.4e+38 -3.4e+38 -3.4e+38 -3.4e+38 -3.4e+38 -3.4e+38 -3.4e+38 -3.4e+38 -3.4e+38 -3.4e+38 -3.4e+38 -3.4e+38 -3.4e+38
-3.4e+38 -3.4e+38 -3.4e+38 -3.4e+38 -3.4e+38 -3.4e+38 -3.4e+38 -3.4e+38 -3.4e+38 -3.4e+38 272 279 279 258 257 266 270 272 271 275 279 281 283 283 278 282 286 290 291 289 285 280 282 288 290 295 297 296 298 298 275 274 288 294 292 290 287 284 281 281 -3.4e+38 -3.4e+38 -3.4e+38 275 -3.4e+38 -3.4e+38 -3.4e+38 -3.4e+38 -3.4e+38 -3.4e+38 -3.4e+38 -3.4e+38 -3.4e+38 -3.4e+38 -3.4e+38 -3.4e+38 -3.4e+38 -3.4e+38 -3.4e+38
-3.4e+38 -3.4e+38 -3.4e+38 -3.4e+38 -3.4e+38 -3.4e+38 -3.4e+38 -3.4e+38 -3.4e+38 -3.4e+38 276 280 264 279 259 265 267 270 274 277 281 283 283 284 285 283 290 292 291 289 282 277 277 282 287 292 285 293 300 299 266 294 295 291 289 288 286 282 279 -3.4e+38 -3.4e+38 -3.4e+38 -3.4e+38 -3.4e+38 -3.4e+38 -3.4e+38 -3.4e+38 -3.4e+38 -3.4e+38 -3.4e+38 -3.4e+38 -3.4e+38 -3.4e+38 -3.4e+38 -3.4e+38 -3.4e+38 -3.4e+38 -3.4e+38 -3.4e+38
-3.4e+38 -3.4e+38 -3.4e+38 -3.4e+38 -3.4e+38 -3.4e+38 -3.4e+38 -3.4e+38 -3.4e+38 -3.4e+38 -3.4e+38 279 281 272 263 260 271 269 270 277 280 281 284 285 288 289 290 295 293 289 285 278 278 278 282 288 287 299 301 299 291 292 287 292 291 288 285 283 280 -3.4e+38 -3.4e+38 -3.4e+38 -3.4e+38 -3.4e+38 -3.4e+38 -3.4e+38 -3.4e+38 -3.4e+38 -3.4e+38 -3.4e+38 -3.4e+38 -3.4e+38 -3.4e+38 -3.4e+38 -3.4e+38 -3.4e+38 -3.4e+38 -3.4e+38 -3.4e+38
-3.4e+38 -3.4e+38 -3.4e+38 -3.4e+38 -3.4e+38 -3.4e+38 -3.4e+38 -3.4e+38 -3.4e+38 -3.4e+38 -3.4e+38 -3.4e+38 280 269 262 271 271 269 276 275 279 279 282 289 290 291 291 290 293 292 289 284 281 284 280 283 294 301 302 301 276 296 271 291 291 289 286 283 281 -3.4e+38 -3.4e+38 -3.4e+38 -3.4e+38 -3.4e+38 -3.4e+38 -3.4e+38 -3.4e+38 -3.4e+38 -3.4e+38 -3.4e+38 -3.4e+38 -3.4e+38 -3.4e+38 -3.4e+38 -3.4e+38 -3.4e+38 -3.4e+38 -3.4e+38 -3.4e+38
-3.4e+38 -3.4e+38 -3.4e+38 -3.4e+38 -3.4e+38 -3.4e+38 -3.4e+38 -3.4e+38 -3.4e+38 -3.4e+38 -3.4e+38 -3.4e+38 275 278 261 282 273 272 272 273 277 284 286 290 290 290 290 288 290 293 291 287 284 291 293 294 295 301 303 302 281 298 272 292 292 290 288 285 -3.4e+38 -3.4e+38 -3.4e+38 -3.4e+38 -3.4e+38 -3.4e+38 -3.4e+38 -3.4e+38 -3.4e+38 -3.4e+38 -3.4e+38 -3.4e+38 -3.4e+38 -3.4e+38 -3.4e+38 -3.4e+38 -3.4e+38 -3.4e+38 -3.4e+38 -3.4e+38 -3.4e+38
