trunk/EcoCrop/data/climate/tmean_12.asc
NCOLS 660 
NROWS 360 
XLLCORNER -20 
YLLCORNER -30 
CELLSIZE 0.1666667 
NODATA_value -3.4e+38 
[rows 150 to 179 of 360, columns 276 to 344 of 660]
250 248 252 251 252 253 253 252 251 251 250 248 249 251 248 248 247 248 249 248 247 247 250 254 253 254 258 259 261 266 266 270 275 277 277 277 277 276 276 275 273 272 271 270 267 265 264 262 264 269 272 274 276 276 260 277 274 258 285 286 286 276 260 247 275 275 221 232 216
252 251 251 250 252 252 251 251 250 248 247 249 247 247 245 246 246 247 248 247 245 247 248 250 250 251 255 258 257 262 264 270 272 277 275 273 276 275 274 274 255 271 269 264 265 261 261 257 264 267 272 273 276 277 277 216 270 266 287 288 288 280 268 251 275 276 237 241 239
253 252 249 252 251 251 252 250 249 248 245 245 243 246 243 245 245 247 247 248 245 244 244 247 250 252 252 253 256 256 262 268 273 275 275 271 272 273 273 272 271 265 266 264 259 253 254 251 260 267 271 275 277 278 279 245 276 275 283 291 290 286 272 261 277 276 192 247 240
255 253 250 250 249 251 250 248 247 247 244 245 243 245 243 242 244 245 245 247 247 247 247 249 250 249 249 252 252 254 256 263 272 272 275 267 268 269 266 269 270 269 265 260 233 231 229 239 259 265 254 274 277 279 280 278 275 279 273 291 292 289 280 265 277 269 229 248 243
252 247 251 251 247 248 248 246 247 246 244 245 244 243 243 245 247 247 248 247 248 249 249 247 248 248 246 247 249 251 256 264 272 274 272 272 268 263 264 266 250 266 261 258 225 195 225 245 256 263 264 273 276 278 280 279 276 264 264 292 292 289 280 271 270 262 254 255 248
249 249 248 248 249 246 247 246 246 245 244 245 245 245 245 247 248 247 249 250 249 249 248 246 245 245 244 242 243 249 253 260 267 274 272 266 265 260 255 222 258 242 256 253 249 241 230 214 244 258 247 272 276 278 280 279 275 265 283 293 292 290 281 273 262 262 259 258 253
246 247 247 247 248 243 247 247 246 246 245 245 246 247 249 249 248 250 252 252 251 250 249 248 246 243 243 242 243 247 252 255 267 260 275 266 267 266 257 253 224 159 223 250 247 241 238 232 211 245 257 268 274 277 268 280 277 275 285 293 293 289 285 267 269 268 267 266 260
245 246 245 245 246 244 243 244 246 246 245 246 247 248 250 251 252 252 253 252 252 252 251 248 247 243 240 238 242 245 252 253 259 260 265 275 270 265 259 248 243 210 239 244 245 215 228 217 197 219 256 268 272 273 242 278 277 282 287 293 292 291 285 261 271 265 270 273 267
242 242 244 243 244 245 245 243 241 244 243 245 247 250 251 254 255 255 254 252 252 250 250 248 245 243 238 236 238 242 244 252 262 265 259 272 271 265 259 249 239 240 239 240 240 232 225 221 216 203 228 264 269 270 273 274 279 284 284 293 292 277 277 257 270 276 274 276 269
241 241 243 242 242 243 242 242 243 242 244 245 248 250 251 252 254 255 252 253 251 249 248 244 244 239 239 237 236 235 244 250 263 268 265 268 264 263 250 244 238 241 239 237 237 201 229 222 219 208 243 257 263 266 275 274 279 286 288 292 292 290 278 266 273 280 281 280 270
237 239 241 242 243 242 240 242 241 242 244 246 246 249 252 254 252 254 250 250 249 248 246 246 243 241 238 234 233 235 245 253 263 267 258 257 260 253 258 249 244 241 241 239 237 237 235 232 227 224 235 255 263 229 270 278 282 281 286 287 291 289 282 266 273 280 282 280 274
239 238 240 239 239 242 242 239 242 241 242 245 245 247 249 249 250 250 249 248 243 249 247 242 243 241 236 234 231 235 244 255 257 247 245 247 247 246 242 242 245 238 237 237 232 237 235 233 232 230 228 246 242 226 234 275 282 284 286 286 288 288 285 274 274 274 273 276 277
238 238 239 238 239 239 241 241 239 240 240 244 243 245 248 243 248 248 248 240 244 240 242 237 240 237 236 229 230 232 244 252 254 242 239 238 235 240 237 242 240 238 237 240 239 222 232 235 236 232 233 228 246 245 266 274 279 277 282 284 286 285 284 280 271 256 246 274 276
239 240 240 237 238 238 239 240 240 239 241 241 242 246 246 246 247 247 248 244 239 234 233 228 237 235 233 228 224 228 240 247 248 244 238 240 235 234 234 238 239 238 239 238 240 240 212 236 238 237 237 232 223 256 264 269 273 260 275 274 280 280 271 281 274 207 257 269 271
240 238 239 238 239 240 238 239 239 240 241 241 243 244 244 244 244 245 244 241 237 232 229 225 222 222 225 216 204 216 240 239 250 246 239 239 237 233 235 235 237 239 238 239 241 241 239 234 241 241 240 232 206 245 256 264 268 255 268 266 273 275 254 278 252 230 262 264 264
238 238 237 238 240 242 240 240 239 239 242 243 243 244 245 244 244 244 240 239 236 229 227 227 224 216 214 198 195 202 228 238 251 252 242 242 242 233 236 237 236 235 239 239 241 241 243 241 240 240 237 229 214 223 231 259 264 254 262 265 269 268 236 276 244 250 255 259 262
240 239 241 240 246 240 241 240 240 240 242 242 243 243 242 242 241 239 239 235 234 232 229 229 224 214 211 197 193 186 208 238 255 252 249 241 239 238 236 237 235 235 235 238 242 242 241 241 239 235 231 225 218 212 197 252 259 248 257 261 264 258 237 279 218 240 248 253 258
246 247 246 244 246 249 245 239 240 240 242 243 242 239 242 234 238 239 240 237 234 227 226 229 211 196 198 190 182 173 241 254 256 254 249 236 231 235 237 236 236 235 240 237 237 242 240 242 239 228 229 228 215 219 209 203 253 248 223 254 261 259 274 271 207 225 239 244 253
248 247 246 247 247 249 250 245 235 245 244 244 244 240 241 235 235 240 241 233 234 234 222 222 222 213 196 187 175 246 256 257 257 245 237 230 231 232 236 235 237 239 241 242 246 243 246 244 239 237 234 231 216 221 201 189 247 243 209 249 251 255 264 223 213 200 230 234 250
247 246 247 250 249 249 250 250 251 249 248 249 243 243 243 239 242 243 237 237 238 232 223 224 219 211 207 180 253 255 256 257 237 231 230 231 234 233 235 236 238 240 243 245 249 249 247 244 240 238 235 230 173 219 220 211 173 238 229 247 255 251 270 234 212 201 210 194 246
246 246 246 247 246 243 250 250 251 251 245 247 244 242 241 240 240 237 239 240 237 234 234 229 219 215 201 252 253 255 257 233 228 230 232 232 233 234 235 235 237 240 243 245 248 246 247 242 240 237 234 230 223 211 216 187 176 234 232 228 245 260 261 217 204 212 223 219 236
247 247 246 245 247 246 245 244 250 251 251 252 253 247 244 245 243 242 241 237 234 233 238 233 220 209 248 251 253 249 230 231 225 232 233 233 233 231 232 233 235 237 242 245 247 246 243 239 235 235 204 177 217 210 187 195 120 229 230 199 237 248 219 196 193 218 221 185 233
247 243 247 248 247 248 245 248 246 246 248 251 252 253 248 244 242 245 241 235 239 240 236 212 194 214 249 250 251 222 223 228 229 230 231 231 229 229 228 230 231 234 237 242 243 242 237 238 233 232 159 114 173 179 170 146 114 159 229 200 225 233 225 155 191 205 214 161 228
247 247 244 242 242 247 249 247 247 247 245 246 251 245 245 245 247 241 244 240 239 230 228 214 230 247 248 249 235 226 225 227 229 229 231 232 229 226 227 225 228 230 232 234 238 237 236 234 234 205 183 74 160 182 178 163 128 157 225 214 239 223 201 151 152 193 208 201 226
248 248 246 245 244 244 245 249 247 248 249 244 250 245 240 241 243 245 240 239 238 230 222 234 244 236 243 216 213 218 225 220 221 228 226 229 229 227 226 224 226 226 228 229 234 235 235 235 234 218 174 151 166 187 183 181 162 170 208 223 233 203 193 157 168 161 204 207 204
249 248 247 246 243 240 245 245 248 247 247 245 248 246 241 237 241 240 241 235 235 230 243 239 226 208 194 199 212 219 211 222 211 215 224 213 226 226 225 222 224 224 225 225 228 231 229 232 230 221 215 201 195 192 186 174 167 221 217 231 220 217 168 169 170 182 207 221 219
247 247 248 247 245 241 239 245 242 245 248 247 246 244 240 238 229 238 238 237 235 242 242 198 120 195 193 205 210 214 213 213 216 221 216 218 221 222 219 216 219 222 224 224 224 227 229 230 230 222 220 210 205 185 183 169 161 227 182 224 239 216 172 169 170 183 198 217 228
244 247 247 243 239 237 237 240 240 242 245 244 231 239 234 236 236 230 225 234 211 238 225 65 160 214 212 210 209 205 212 215 217 217 219 219 214 219 217 218 216 211 218 223 220 221 221 226 222 224 220 218 207 199 174 168 161 136 212 224 241 190 166 172 178 182 180 193 218
247 246 239 244 238 239 239 237 239 243 241 242 242 244 237 230 221 232 211 187 195 236 202 72 191 228 213 210 209 211 217 218 216 217 219 217 213 216 216 217 210 214 221 214 222 219 225 225 220 221 220 214 209 198 178 171 157 145 195 208 235 159 165 173 171 176 165 158 181
247 246 246 241 239 238 237 236 233 241 243 243 241 243 239 233 223 220 217 184 183 227 213 219 228 228 210 209 212 210 212 216 214 217 218 214 216 215 216 216 215 215 219 221 222 223 225 226 227 223 217 211 202 189 182 175 164 142 175 198 186 170 144 165 162 166 159 143 122
