trunk/EcoCrop/data/climate/tmean_2.asc
NCOLS 660 
NROWS 360 
XLLCORNER -20 
YLLCORNER -30 
CELLSIZE 0.1666667 
NODATA_value -3.4e+38 
[rows 60 to 89 of 360, columns 207 to 275 of 660]
188 188 188 187 187 186 186 185 183 180 184 181 179 183 184 183 174 166 173 137 163 175 160 109 74 142 175 185 189 180 187 188 191 193 192 194 194 195 193 195 191 195 193 192 192 189 187 187 189 181 179 178 181 180 174 177 179 173 175 172 173 172 178 177 176 176 179 178 178
190 190 190 190 189 186 188 186 181 184 187 182 182 186 187 184 183 177 162 179 183 180 175 127 98 155 166 183 193 192 195 192 193 196 194 196 197 198 195 194 198 194 191 190 187 189 189 191 181 180 180 180 181 183 177 182 179 179 174 175 177 177 178 180 180 180 179 181 181
191 191 191 189 188 191 190 189 186 189 187 186 186 189 189 187 187 186 179 173 187 184 184 176 170 180 187 193 198 197 202 198 195 197 197 200 199 199 197 200 199 197 190 188 189 190 193 182 186 181 180 185 186 182 182 181 181 177 177 178 180 179 180 182 183 182 183 182 183
193 191 190 191 192 190 191 189 190 190 189 190 192 192 189 191 191 188 189 189 191 191 190 192 193 190 193 196 198 203 199 203 198 200 202 201 201 202 201 202 200 194 193 190 190 188 188 187 189 181 184 184 185 180 180 180 179 179 180 184 182 183 183 183 185 185 185 185 185
192 192 192 193 193 193 193 192 195 192 194 192 196 194 193 191 196 193 195 195 182 192 193 199 200 202 192 197 193 206 206 203 205 205 202 202 202 201 205 203 197 194 193 200 199 190 195 193 185 184 183 192 185 181 180 180 181 181 182 183 185 187 187 187 187 187 187 187 188
194 195 195 194 194 195 196 197 199 197 197 198 199 198 197 195 197 196 197 197 197 198 197 203 206 207 196 202 197 199 208 201 208 207 208 209 208 206 206 206 205 205 204 200 198 189 189 197 195 189 195 183 182 181 182 182 183 183 184 187 188 188 189 189 189 189 189 189 189
194 196 196 196 197 198 199 200 201 200 199 199 201 202 201 199 201 200 200 201 202 203 204 207 208 210 209 205 207 208 211 210 212 210 209 212 211 212 215 210 205 208 208 207 205 200 202 202 197 197 185 192 179 180 181 183 185 185 187 189 190 191 191 192 191 191 191 191 191
197 197 198 198 199 200 202 203 202 201 201 202 203 203 204 202 203 203 203 204 205 207 206 209 211 215 216 213 212 214 213 213 214 213 214 210 210 210 211 210 210 210 212 211 208 207 204 203 201 198 193 187 182 182 182 181 182 185 188 189 191 192 193 193 194 194 193 192 191
197 198 199 200 201 202 205 206 205 204 206 205 206 206 207 206 206 206 207 206 207 208 209 213 214 216 216 215 216 215 217 216 217 216 215 217 217 212 211 212 205 208 211 210 208 207 205 202 196 198 195 194 181 179 182 183 193 185 195 192 192 194 194 196 195 195 194 194 193
199 200 201 202 203 204 206 208 207 208 209 208 209 210 211 210 211 210 210 210 210 211 211 213 214 218 217 218 218 217 218 217 219 219 218 221 218 221 215 215 207 213 212 211 210 208 206 206 205 204 201 200 190 198 199 195 195 196 193 191 194 196 196 196 197 197 196 195 194
200 201 203 204 206 207 208 210 211 210 211 211 212 212 213 213 213 213 213 214 213 214 216 216 220 216 221 219 220 220 221 221 219 220 220 221 219 219 219 218 218 219 218 217 215 212 213 211 210 206 206 204 204 201 199 197 196 192 191 193 196 197 197 198 198 197 197 196 196
202 203 204 205 208 210 211 211 213 213 213 214 214 215 216 216 217 217 216 216 216 217 220 225 224 223 221 221 223 223 222 222 223 223 223 223 223 222 220 222 221 221 220 218 218 217 216 214 213 210 209 209 207 203 201 193 193 192 193 197 198 198 198 198 198 198 198 197 197
204 205 206 208 209 211 212 214 214 216 216 216 216 217 218 219 219 219 219 219 219 220 222 222 227 228 228 226 223 224 225 226 226 225 226 227 227 223 223 220 221 222 221 221 220 220 219 217 215 212 210 209 205 203 194 191 194 196 197 198 199 199 199 199 199 199 198 198 199
206 207 208 209 211 213 215 216 217 218 218 219 220 220 221 225 226 221 221 222 223 223 224 225 226 229 229 229 226 227 227 228 228 228 229 227 229 228 226 222 217 218 220 218 216 217 216 214 211 205 197 195 190 189 190 190 191 195 198 200 201 201 200 200 200 200 199 199 200
208 209 211 212 214 216 217 219 220 221 221 223 224 226 226 228 229 229 230 224 226 227 229 229 229 229 229 229 232 231 230 231 231 231 231 231 231 229 232 230 216 208 211 219 200 206 199 200 201 192 190 188 190 190 190 193 196 200 200 202 202 202 201 201 201 201 200 200 199
210 212 213 215 218 219 221 222 223 224 225 226 227 229 229 231 231 232 232 232 232 233 234 233 234 233 234 234 235 235 233 233 234 233 234 234 233 234 234 230 230 219 213 208 200 197 196 188 192 194 187 188 189 188 189 193 196 200 203 203 203 203 202 202 202 201 201 201 202
214 215 217 219 220 222 224 225 226 227 228 229 230 231 232 233 234 235 236 237 237 238 237 238 238 238 238 238 238 237 235 235 235 236 236 236 237 236 234 234 234 228 231 218 202 194 192 193 192 188 191 184 190 191 193 196 200 204 204 204 204 204 203 203 203 202 202 202 203
216 218 219 221 223 225 227 228 229 230 231 232 232 233 235 236 237 238 239 239 240 240 241 241 241 241 241 239 239 237 237 237 238 238 239 239 238 239 238 237 237 235 232 227 221 205 201 194 193 193 191 193 188 195 196 197 204 205 205 206 205 205 204 204 204 203 203 204 204
219 220 221 223 225 227 229 230 231 232 233 234 235 236 237 238 239 240 241 242 242 243 243 243 243 241 241 241 241 239 240 241 240 241 241 241 240 241 240 241 240 239 229 227 215 218 204 200 199 194 197 193 195 200 200 203 206 207 207 206 206 206 205 205 204 204 205 203 203
221 222 224 225 227 228 230 232 233 234 235 236 237 238 239 240 241 242 243 243 244 244 245 244 243 243 243 243 242 241 242 243 243 243 243 243 243 243 242 242 242 242 240 238 234 219 227 211 199 201 194 194 199 203 208 210 209 208 208 207 207 207 206 205 205 205 203 202 202
223 225 225 227 228 230 232 233 235 236 237 238 239 240 241 242 243 244 244 245 245 246 245 245 245 245 245 243 244 244 244 245 245 245 244 245 245 245 244 243 244 243 241 238 235 233 228 221 203 200 202 203 207 211 211 210 209 209 208 208 207 207 206 206 206 203 201 200 203
225 226 228 228 230 232 233 234 235 236 238 239 241 241 242 243 245 245 245 246 247 247 247 246 246 246 246 245 246 247 247 247 247 247 247 247 247 247 246 245 244 243 242 240 237 223 228 218 215 200 201 206 208 208 210 211 211 209 208 208 207 206 207 207 204 201 198 201 202
227 228 228 230 232 234 235 236 237 239 239 240 241 242 242 244 245 246 247 248 249 248 249 250 249 247 248 248 248 249 249 249 249 249 249 249 249 248 247 247 245 243 243 240 237 230 222 224 218 200 205 208 207 208 210 211 209 208 207 206 208 206 207 202 201 199 200 203 202
228 229 231 232 233 235 237 238 239 240 241 242 241 242 242 244 245 246 247 249 248 249 249 250 251 250 249 250 250 251 251 252 251 251 251 251 251 250 249 248 247 245 242 240 235 233 231 224 214 214 207 207 210 209 208 205 204 202 204 208 207 207 207 204 199 197 200 201 195
229 231 232 233 235 236 238 239 240 242 243 243 245 244 245 245 247 247 248 249 250 251 251 253 253 252 251 252 252 253 253 254 254 254 254 254 254 253 251 250 248 246 241 241 238 235 232 227 221 218 217 215 211 212 209 206 205 204 208 209 203 200 203 198 196 191 201 200 188
231 232 233 235 235 237 238 240 241 243 244 246 247 247 247 248 248 249 250 251 252 253 254 255 255 253 254 254 255 255 255 256 256 257 257 256 256 255 254 253 251 248 246 239 237 233 228 219 217 219 219 219 216 215 214 213 212 208 210 208 205 202 197 198 200 193 186 185 193
232 235 236 236 237 238 240 241 242 244 245 246 248 248 249 250 250 251 252 253 254 255 256 256 256 255 256 256 257 257 258 258 259 259 259 259 258 257 255 254 252 250 246 243 238 222 218 218 219 220 221 218 214 214 211 209 210 207 206 201 203 202 197 201 200 196 183 183 198
233 235 236 238 238 240 241 243 244 245 246 248 249 250 251 252 253 254 254 255 256 257 258 258 257 257 258 259 259 260 260 261 261 261 261 261 260 259 258 256 253 251 246 228 234 225 218 221 222 223 221 218 214 214 211 208 202 208 205 203 204 197 199 193 196 188 192 192 198
234 236 238 238 241 243 242 244 246 247 248 249 251 252 253 254 255 255 257 257 258 259 259 260 259 259 260 261 262 262 263 263 263 263 263 263 262 261 259 258 255 252 248 240 225 222 221 222 223 221 220 219 216 212 210 205 198 203 201 203 198 200 192 196 181 185 195 201 202
235 237 239 240 240 242 244 246 248 249 250 251 253 254 255 256 257 258 258 259 260 260 260 261 260 261 262 263 264 264 265 265 266 266 265 265 264 263 262 258 257 249 249 240 227 226 225 224 221 221 221 217 216 212 210 205 201 196 199 202 194 196 200 194 187 193 200 198 196
