trunk/EcoCrop/data/climate/tmean_10.asc
NCOLS 660 
NROWS 360 
XLLCORNER -20 
YLLCORNER -30 
CELLSIZE 0.1666667 
NODATA_value -3.4e+38 
[rows 90 to 119 of 360, columns 69 to 137 of 660]
288 288 288 288 287 286 285 284 284 284 284 283 283 283 284 284 284 285 285 286 286 287 287 287 287 287 288 288 287 287 270 272 289 288 295 299 301 304 307 308 311 311 312 312 312 311 311 310 309 309 309 309 306 301 304 304 305 305 306 308 305 309 308 307 308 305 307 309 306
287 286 287 285 285 284 283 282 282 282 282 283 281 282 282 282 283 283 284 285 285 286 286 286 286 286 288 288 274 276 271 271 279 289 294 298 300 303 306 307 309 309 309 310 309 308 306 306 307 308 309 307 306 305 307 306 307 306 308 308 308 308 310 308 310 305 306 307 305
286 285 284 284 282 281 280 278 280 282 281 282 281 281 281 281 282 282 283 284 285 285 285 285 285 284 289 288 282 275 271 275 289 292 295 298 300 303 304 305 306 306 306 305 305 305 304 304 305 307 308 306 308 305 305 306 306 308 309 307 308 307 311 309 309 305 306 306 301
282 281 281 282 279 279 279 279 278 280 280 281 281 281 281 281 281 280 281 283 284 285 285 285 285 286 288 284 280 273 271 285 291 294 296 298 300 301 302 301 302 301 304 302 303 301 301 304 306 307 308 309 307 305 304 304 305 308 310 308 311 308 310 309 309 304 304 306 303
280 280 279 278 279 276 276 275 279 279 280 280 281 280 280 280 279 279 280 281 284 286 285 285 285 285 285 275 274 272 282 289 292 294 297 298 299 298 300 299 300 300 300 301 299 300 301 302 305 306 308 308 306 302 303 302 304 307 309 313 310 308 311 310 308 304 306 302 300
279 276 277 273 273 272 273 276 278 279 278 279 280 279 280 279 277 276 278 280 282 285 285 284 284 284 279 278 271 284 287 290 293 295 297 298 298 298 297 298 298 298 297 299 299 299 300 301 305 305 308 307 305 304 302 302 303 303 307 310 309 308 309 308 309 307 305 303 300
279 275 274 274 272 275 275 276 275 276 278 279 279 280 279 278 275 273 277 279 282 284 284 284 284 282 278 276 271 284 288 291 294 296 297 296 298 297 297 296 296 295 296 297 298 298 300 300 303 304 304 304 303 302 301 300 302 304 307 308 311 306 308 307 308 304 305 302 304
276 275 272 270 274 273 272 272 273 276 277 279 280 280 280 278 276 275 277 280 282 284 285 284 284 283 281 274 281 286 290 293 295 297 297 297 297 298 297 296 294 294 295 296 297 298 300 300 301 301 300 302 301 300 301 301 300 303 301 306 308 308 306 308 308 305 305 303 303
274 272 273 274 272 269 270 271 273 275 278 280 281 281 281 279 278 278 279 281 284 285 286 285 284 280 279 273 285 289 292 294 296 297 298 298 299 297 296 294 293 295 295 295 297 298 298 297 300 300 300 299 301 299 300 300 300 300 302 306 304 306 308 307 305 305 303 301 303
274 274 269 272 273 269 273 274 276 277 278 279 281 282 282 281 280 280 281 282 285 287 287 285 284 280 280 285 288 291 293 295 297 296 296 294 295 293 293 292 290 294 295 293 296 296 296 295 295 296 298 298 298 298 299 299 300 300 302 301 303 304 303 304 306 303 301 303 302
271 269 271 269 273 273 274 275 276 277 278 279 281 282 282 281 281 281 282 283 284 286 288 285 282 279 275 287 290 293 295 296 298 297 296 293 291 290 291 289 292 289 294 294 297 295 296 293 295 295 294 296 296 297 297 298 299 299 297 299 301 303 304 301 301 302 299 300 302
270 269 270 271 273 275 276 276 275 276 277 279 280 281 282 281 280 281 281 282 284 284 285 283 281 280 284 288 291 294 296 297 299 296 295 290 288 286 287 290 292 293 292 297 296 294 293 293 293 291 292 294 293 293 294 296 297 296 298 299 300 302 301 301 299 301 298 298 301
270 269 271 274 273 274 275 274 273 274 276 277 279 280 279 279 280 280 281 282 281 283 284 282 278 278 285 289 292 294 296 298 297 296 293 291 287 282 284 287 289 292 294 293 294 295 291 292 291 289 289 290 291 291 293 294 294 293 295 296 298 297 300 299 300 300 297 298 300
271 272 275 273 275 276 274 274 276 277 276 278 280 280 279 279 279 281 280 281 281 280 282 282 279 282 286 289 292 294 296 296 296 294 292 290 288 278 285 284 288 290 291 293 293 292 290 289 290 288 289 289 291 290 290 290 291 293 295 293 295 295 296 297 297 298 295 297 299
268 271 276 275 275 275 275 276 277 276 278 279 280 279 278 276 278 279 278 280 279 280 279 279 274 277 285 289 291 293 294 296 294 293 292 289 287 286 285 285 287 289 292 292 293 289 289 289 288 289 287 289 289 288 288 288 289 291 290 291 291 292 294 295 293 293 296 295 297
268 271 278 277 276 275 275 275 275 274 277 278 279 280 279 276 276 274 277 277 279 276 275 274 274 275 284 288 291 293 292 293 294 293 292 291 288 286 285 285 285 289 290 290 292 288 286 287 288 286 286 286 285 286 286 288 288 288 288 288 291 292 290 291 292 292 293 295 296
273 275 276 275 276 275 275 275 277 275 277 278 279 278 274 279 278 278 273 272 274 273 277 276 272 276 283 284 289 289 289 289 289 290 290 289 288 285 283 283 283 287 288 289 290 288 285 284 285 285 284 284 283 284 286 285 285 286 286 287 288 288 289 288 288 290 291 290 293
272 273 274 274 274 274 274 273 276 276 276 278 275 278 277 278 279 279 276 276 277 276 277 278 273 279 282 285 287 283 287 285 287 289 288 288 287 285 282 284 283 283 285 286 285 287 285 285 284 281 283 283 282 283 283 284 286 285 285 283 285 286 285 285 287 289 286 289 290
273 271 271 272 274 274 271 273 273 273 274 275 277 276 277 269 276 278 278 278 277 276 274 277 277 282 282 284 278 285 280 283 286 285 285 284 283 282 280 281 282 282 282 282 283 285 285 284 283 280 282 282 281 282 281 282 285 286 286 284 286 282 282 281 283 285 285 286 289
270 270 271 270 272 271 272 274 274 274 274 276 278 276 276 276 276 278 278 278 277 272 277 275 280 279 282 278 283 284 284 283 283 284 284 284 284 281 280 279 280 280 280 279 280 281 285 284 285 285 284 282 282 281 279 283 283 284 286 284 285 276 284 284 281 279 281 284 285
270 271 270 270 270 269 272 271 272 273 275 277 276 276 274 271 275 277 277 277 277 276 276 275 277 277 280 278 280 281 280 282 282 283 282 282 280 279 278 278 277 277 278 279 278 279 282 283 282 284 281 280 281 281 281 282 283 282 283 283 283 282 282 281 278 277 279 279 280
269 270 268 269 269 269 270 272 271 272 274 276 276 275 270 271 273 276 274 274 276 275 276 277 278 277 276 278 278 278 280 280 279 280 280 280 279 278 279 277 276 277 275 277 278 278 278 281 283 283 282 279 278 281 280 281 282 283 280 284 283 283 282 274 275 274 275 277 278
268 269 269 268 269 269 268 271 269 272 273 274 275 275 271 271 271 269 270 269 273 274 275 275 275 274 277 278 278 279 278 280 278 279 280 278 277 275 276 276 275 274 273 273 273 278 279 278 280 281 279 275 276 277 281 277 278 282 283 282 273 277 274 273 272 271 273 274 273
267 268 268 268 268 269 268 268 269 271 272 272 275 275 273 274 264 265 266 263 268 266 269 266 274 277 278 279 280 279 280 279 276 278 278 279 277 274 274 272 271 274 274 272 274 274 277 277 279 277 277 273 278 280 278 280 281 282 281 277 277 274 268 270 269 272 272 269 267
264 267 267 267 268 268 268 267 270 270 270 273 273 274 274 273 263 272 267 262 265 263 269 267 276 277 278 278 279 278 276 277 278 277 276 274 274 275 272 275 273 272 273 276 276 278 276 276 278 276 275 273 275 273 278 280 282 278 278 276 260 264 260 268 268 269 269 267 266
263 265 267 265 269 266 267 267 270 269 270 271 270 272 270 271 272 271 255 261 266 267 275 276 276 275 278 276 275 276 275 278 278 278 276 275 274 273 275 271 270 276 277 278 278 278 279 277 276 273 273 270 263 276 280 281 279 277 278 262 266 256 266 265 266 267 266 264 264
262 263 266 267 266 266 267 266 268 266 268 267 270 271 268 269 270 270 270 269 272 273 273 276 275 273 276 276 275 275 274 276 277 279 275 272 274 275 273 269 273 278 277 276 279 277 273 276 261 261 263 269 274 275 280 279 278 276 274 266 258 260 262 264 266 265 265 263 266
263 263 265 264 265 263 266 266 266 265 267 268 269 268 269 268 267 268 269 270 271 271 275 274 273 274 272 271 272 273 276 278 277 276 277 272 271 274 275 272 271 273 277 277 278 277 276 270 272 271 272 275 277 276 279 277 278 273 260 253 249 260 262 262 264 262 263 264 265
261 260 260 262 264 263 264 262 263 264 267 267 266 267 265 266 266 267 267 267 269 266 271 273 274 272 269 269 272 272 276 278 279 279 279 273 272 273 275 274 271 275 275 277 277 277 276 275 274 275 272 272 273 277 277 278 276 277 252 252 257 257 259 261 260 259 261 261 261
262 261 260 261 261 264 262 263 262 264 263 264 264 265 265 266 266 263 264 264 265 267 269 273 273 271 269 271 272 269 272 276 279 280 278 274 267 271 270 272 272 276 274 274 276 276 274 275 274 273 268 272 274 277 273 274 276 276 270 263 260 257 258 258 259 260 258 260 260
