trunk/EcoCrop/data/climate/tmean_7.asc
NCOLS 660 
NROWS 360 
XLLCORNER -20 
YLLCORNER -30 
CELLSIZE 0.1666667 
NODATA_value -3.4e+38 
[rows 300 to 329 of 360, columns 276 to 344 of 660]
154 153 153 152 150 148 147 145 144 144 144 140 140 136 136 141 134 130 135 136 130 130 137 141 150 149 149 146 139 140 142 135 140 148 130 157 161 166 163 154 144 151 175 182 186 187 192 190 191 197 201 204 206 -3.4e+38 -3.4e+38 -3.4e+38 -3.4e+38 -3.4e+38 -3.4e+38 -3.4e+38 -3.4e+38 -3.4e+38 -3.4e+38 -3.4e+38 -3.4e+38 -3.4e+38 -3.4e+38 -3.4e+38 -3.4e+38
153 153 151 149 148 146 143 141 139 139 137 136 131 130 127 120 125 139 137 138 133 136 137 141 150 153 150 151 150 140 143 137 152 158 159 160 166 169 162 144 150 155 173 180 186 188 189 183 190 197 200 204 -3.4e+38 -3.4e+38 -3.4e+38 -3.4e+38 -3.4e+38 -3.4e+38 -3.4e+38 -3.4e+38 -3.4e+38 -3.4e+38 -3.4e+38 -3.4e+38 -3.4e+38 -3.4e+38 -3.4e+38 -3.4e+38 -3.4e+38
152 152 150 148 145 144 139 137 135 134 138 136 125 124 122 118 130 136 138 136 135 132 135 142 135 150 147 149 152 146 152 157 157 157 147 165 170 175 158 152 148 162 176 184 185 186 185 187 193 195 199 202 -3.4e+38 -3.4e+38 -3.4e+38 -3.4e+38 -3.4e+38 -3.4e+38 -3.4e+38 -3.4e+38 -3.4e+38 -3.4e+38 -3.4e+38 -3.4e+38 -3.4e+38 -3.4e+38 -3.4e+38 -3.4e+38 -3.4e+38
151 149 147 145 144 141 138 137 135 136 139 135 128 127 129 126 125 135 138 139 137 135 134 120 139 143 153 154 155 156 152 159 156 160 161 165 167 173 157 159 164 179 182 181 182 180 184 190 193 195 197 200 202 -3.4e+38 -3.4e+38 -3.4e+38 -3.4e+38 -3.4e+38 -3.4e+38 -3.4e+38 -3.4e+38 -3.4e+38 -3.4e+38 -3.4e+38 -3.4e+38 -3.4e+38 -3.4e+38 -3.4e+38 -3.4e+38
149 148 145 142 141 140 138 139 139 137 138 136 133 137 137 137 137 137 137 140 137 135 139 136 142 144 152 153 154 160 154 168 164 165 164 168 166 168 168 163 178 174 179 176 179 182 187 191 193 194 196 197 199 201 -3.4e+38 -3.4e+38 -3.4e+38 -3.4e+38 -3.4e+38 -3.4e+38 -3.4e+38 -3.4e+38 -3.4e+38 -3.4e+38 -3.4e+38 -3.4e+38 -3.4e+38 -3.4e+38 -3.4e+38
148 148 144 142 140 140 139 140 140 141 141 140 140 141 142 141 141 139 136 140 140 137 140 142 148 151 154 156 161 163 165 165 164 168 168 169 171 171 172 172 176 176 175 175 179 184 187 190 191 192 193 193 196 199 199 -3.4e+38 -3.4e+38 -3.4e+38 -3.4e+38 -3.4e+38 -3.4e+38 -3.4e+38 -3.4e+38 -3.4e+38 -3.4e+38 -3.4e+38 -3.4e+38 -3.4e+38 -3.4e+38
147 146 144 141 138 137 138 141 142 143 145 145 143 144 144 141 144 141 138 142 144 143 147 148 150 154 158 158 159 162 165 166 172 173 173 174 173 175 178 180 181 176 180 179 182 185 187 189 188 190 192 193 195 195 -3.4e+38 -3.4e+38 -3.4e+38 -3.4e+38 -3.4e+38 -3.4e+38 -3.4e+38 -3.4e+38 -3.4e+38 -3.4e+38 -3.4e+38 -3.4e+38 -3.4e+38 -3.4e+38 -3.4e+38
140 142 140 138 137 136 137 140 143 145 146 148 146 144 144 143 141 145 140 147 149 150 148 152 153 155 157 159 158 161 164 169 170 176 177 179 175 179 185 184 184 181 180 182 183 185 187 188 188 189 190 188 191 192 -3.4e+38 -3.4e+38 -3.4e+38 -3.4e+38 -3.4e+38 -3.4e+38 -3.4e+38 -3.4e+38 -3.4e+38 -3.4e+38 -3.4e+38 -3.4e+38 -3.4e+38 -3.4e+38 -3.4e+38
137 136 135 135 134 137 138 139 142 144 147 147 147 146 146 148 147 147 145 149 153 153 154 154 158 159 158 158 158 161 164 168 173 175 177 180 186 181 183 186 187 185 185 186 186 187 188 188 185 187 187 186 189 191 194 -3.4e+38 -3.4e+38 -3.4e+38 -3.4e+38 -3.4e+38 -3.4e+38 -3.4e+38 -3.4e+38 -3.4e+38 -3.4e+38 -3.4e+38 -3.4e+38 -3.4e+38 -3.4e+38
135 133 132 133 134 137 138 139 140 142 144 146 149 149 149 151 151 153 153 152 155 157 155 159 160 163 163 160 161 164 170 173 174 171 175 180 184 181 182 184 185 185 187 186 185 185 184 183 181 184 184 185 187 190 193 195 -3.4e+38 -3.4e+38 -3.4e+38 -3.4e+38 -3.4e+38 -3.4e+38 -3.4e+38 -3.4e+38 -3.4e+38 -3.4e+38 -3.4e+38 -3.4e+38 -3.4e+38
133 131 131 133 134 134 135 136 139 142 144 145 147 147 147 149 152 157 159 158 157 160 162 163 163 164 165 167 167 167 163 174 179 178 179 184 183 184 185 185 186 187 187 187 186 184 182 180 179 180 181 184 186 190 193 193 -3.4e+38 -3.4e+38 -3.4e+38 -3.4e+38 -3.4e+38 -3.4e+38 -3.4e+38 -3.4e+38 -3.4e+38 -3.4e+38 -3.4e+38 -3.4e+38 -3.4e+38
131 129 129 130 130 130 132 135 137 138 144 145 147 151 152 152 152 154 155 159 158 158 162 164 164 163 164 168 172 172 168 179 187 184 182 187 188 187 187 188 189 189 189 188 187 184 182 182 180 179 182 183 186 189 193 194 -3.4e+38 -3.4e+38 -3.4e+38 -3.4e+38 -3.4e+38 -3.4e+38 -3.4e+38 -3.4e+38 -3.4e+38 -3.4e+38 -3.4e+38 -3.4e+38 -3.4e+38
129 127 125 123 121 124 129 129 134 137 139 142 145 148 149 151 153 151 152 153 155 158 160 163 166 168 169 172 175 181 179 188 194 188 184 188 189 190 190 190 191 191 191 190 188 186 183 184 180 181 181 183 186 190 193 193 -3.4e+38 -3.4e+38 -3.4e+38 -3.4e+38 -3.4e+38 -3.4e+38 -3.4e+38 -3.4e+38 -3.4e+38 -3.4e+38 -3.4e+38 -3.4e+38 -3.4e+38
127 125 123 121 119 126 129 127 129 134 137 140 142 144 148 150 151 152 150 151 152 155 156 159 173 177 178 179 180 182 183 186 197 195 186 189 190 191 191 192 192 193 193 191 190 188 184 186 183 183 183 186 188 190 193 194 197 -3.4e+38 -3.4e+38 -3.4e+38 -3.4e+38 -3.4e+38 -3.4e+38 -3.4e+38 -3.4e+38 -3.4e+38 -3.4e+38 -3.4e+38 -3.4e+38
127 124 123 125 124 127 128 130 131 134 138 139 143 145 145 146 148 150 148 149 150 152 155 165 179 180 179 182 182 183 187 190 191 193 188 188 191 192 192 193 193 194 194 194 192 191 189 189 187 186 184 186 188 190 194 195 198 -3.4e+38 -3.4e+38 -3.4e+38 -3.4e+38 -3.4e+38 -3.4e+38 -3.4e+38 -3.4e+38 -3.4e+38 -3.4e+38 -3.4e+38 -3.4e+38
126 124 125 128 129 129 128 128 132 136 138 141 143 146 148 149 147 150 145 148 149 154 160 164 171 177 180 178 177 183 181 179 181 185 188 186 189 191 192 194 194 195 196 196 195 193 191 191 189 189 189 188 189 191 194 196 196 -3.4e+38 -3.4e+38 -3.4e+38 -3.4e+38 -3.4e+38 -3.4e+38 -3.4e+38 -3.4e+38 -3.4e+38 -3.4e+38 -3.4e+38 -3.4e+38
126 122 123 124 118 127 127 129 130 133 133 141 144 145 143 144 146 146 146 147 151 153 154 161 167 139 142 171 168 182 181 178 175 176 181 189 187 189 191 193 194 196 197 198 198 197 195 193 191 191 191 190 192 192 194 196 197 -3.4e+38 -3.4e+38 -3.4e+38 -3.4e+38 -3.4e+38 -3.4e+38 -3.4e+38 -3.4e+38 -3.4e+38 -3.4e+38 -3.4e+38 -3.4e+38
126 127 124 124 129 128 127 128 129 133 137 142 145 143 140 143 144 143 142 144 144 135 134 134 150 158 169 176 178 179 178 176 173 170 175 181 185 187 189 191 193 195 197 198 199 199 198 196 194 193 192 192 192 193 194 196 197 -3.4e+38 -3.4e+38 -3.4e+38 -3.4e+38 -3.4e+38 -3.4e+38 -3.4e+38 -3.4e+38 -3.4e+38 -3.4e+38 -3.4e+38 -3.4e+38
128 129 129 132 131 130 128 130 131 132 135 142 143 141 139 142 142 124 139 138 131 139 139 140 152 160 170 172 174 173 173 171 169 170 170 177 181 186 187 190 193 195 197 199 200 200 200 198 197 194 194 194 193 194 195 196 197 -3.4e+38 -3.4e+38 -3.4e+38 -3.4e+38 -3.4e+38 -3.4e+38 -3.4e+38 -3.4e+38 -3.4e+38 -3.4e+38 -3.4e+38 -3.4e+38
130 131 132 132 132 132 131 132 133 133 131 139 141 139 138 139 139 122 135 132 133 133 129 137 147 161 168 168 171 171 170 169 168 170 171 173 179 185 186 189 191 194 196 199 200 200 200 199 198 196 197 195 194 194 194 197 198 -3.4e+38 -3.4e+38 -3.4e+38 -3.4e+38 -3.4e+38 -3.4e+38 -3.4e+38 -3.4e+38 -3.4e+38 -3.4e+38 -3.4e+38 -3.4e+38
131 131 133 133 133 133 134 135 137 135 136 138 142 137 136 141 137 134 128 128 130 129 127 125 143 157 162 167 168 171 170 167 167 167 172 174 177 181 185 188 190 194 196 198 200 201 201 201 199 198 196 196 195 194 193 194 198 -3.4e+38 -3.4e+38 -3.4e+38 -3.4e+38 -3.4e+38 -3.4e+38 -3.4e+38 -3.4e+38 -3.4e+38 -3.4e+38 -3.4e+38 -3.4e+38
128 131 131 131 133 135 137 136 136 138 141 138 139 136 135 139 136 134 127 126 125 124 123 122 147 147 152 164 168 171 172 170 169 168 169 175 176 179 184 187 190 193 196 198 200 201 201 201 200 199 197 197 194 191 189 190 197 -3.4e+38 -3.4e+38 -3.4e+38 -3.4e+38 -3.4e+38 -3.4e+38 -3.4e+38 -3.4e+38 -3.4e+38 -3.4e+38 -3.4e+38 -3.4e+38
124 129 128 131 132 136 137 134 135 139 141 133 132 135 125 137 134 132 126 123 121 121 110 109 140 152 162 163 168 171 172 172 170 168 166 171 177 177 183 186 189 193 196 198 200 201 202 202 200 200 200 198 195 190 187 189 -3.4e+38 -3.4e+38 -3.4e+38 -3.4e+38 -3.4e+38 -3.4e+38 -3.4e+38 -3.4e+38 -3.4e+38 -3.4e+38 -3.4e+38 -3.4e+38 -3.4e+38
125 128 130 133 135 137 137 136 133 129 134 118 113 124 120 125 137 131 117 114 120 115 108 101 122 159 152 160 166 171 174 171 168 167 167 170 173 178 181 186 189 193 196 198 200 201 202 203 201 200 202 199 196 191 186 188 202 -3.4e+38 -3.4e+38 -3.4e+38 -3.4e+38 -3.4e+38 -3.4e+38 -3.4e+38 -3.4e+38 -3.4e+38 -3.4e+38 -3.4e+38 -3.4e+38
126 128 131 133 133 137 135 138 138 131 128 113 110 113 115 117 127 137 126 113 113 109 121 101 132 129 158 162 166 168 173 172 169 166 167 165 169 175 180 185 188 192 196 199 200 201 202 203 202 201 201 202 199 195 190 189 196 -3.4e+38 -3.4e+38 -3.4e+38 -3.4e+38 -3.4e+38 -3.4e+38 -3.4e+38 -3.4e+38 -3.4e+38 -3.4e+38 -3.4e+38 -3.4e+38
125 127 129 130 136 138 137 137 136 132 112 111 114 113 106 108 126 121 117 108 119 117 133 138 128 130 154 160 165 167 169 168 166 164 164 165 167 173 178 182 187 191 197 199 200 202 202 200 201 201 201 202 201 196 191 192 196 -3.4e+38 -3.4e+38 -3.4e+38 -3.4e+38 -3.4e+38 -3.4e+38 -3.4e+38 -3.4e+38 -3.4e+38 -3.4e+38 -3.4e+38 -3.4e+38
122 125 127 133 135 137 140 140 134 121 105 105 115 116 114 118 129 131 133 133 133 136 139 123 140 117 153 142 156 165 166 165 163 162 162 165 170 172 177 181 185 188 193 197 200 201 199 199 200 201 200 202 199 197 194 193 -3.4e+38 -3.4e+38 -3.4e+38 -3.4e+38 -3.4e+38 -3.4e+38 -3.4e+38 -3.4e+38 -3.4e+38 -3.4e+38 -3.4e+38 -3.4e+38 -3.4e+38
125 125 129 131 133 135 138 142 141 136 120 109 114 113 108 110 128 129 131 131 134 131 118 120 128 119 133 132 126 151 162 164 163 161 161 164 169 171 177 180 183 184 187 193 199 201 197 195 195 199 199 201 200 200 195 -3.4e+38 -3.4e+38 -3.4e+38 -3.4e+38 -3.4e+38 -3.4e+38 -3.4e+38 -3.4e+38 -3.4e+38 -3.4e+38 -3.4e+38 -3.4e+38 -3.4e+38 -3.4e+38
122 123 129 129 130 131 131 137 140 124 125 119 113 107 116 121 126 126 131 130 132 125 113 113 106 134 135 114 113 135 162 164 162 160 160 163 168 172 177 181 183 183 184 189 195 197 193 191 193 196 197 197 201 -3.4e+38 -3.4e+38 -3.4e+38 -3.4e+38 -3.4e+38 -3.4e+38 -3.4e+38 -3.4e+38 -3.4e+38 -3.4e+38 -3.4e+38 -3.4e+38 -3.4e+38 -3.4e+38 -3.4e+38 -3.4e+38
120 126 129 129 128 128 133 135 134 134 125 125 124 122 121 123 125 126 130 134 129 113 102 114 112 101 121 107 116 140 157 164 162 158 160 164 170 176 179 183 185 184 183 184 188 189 187 188 191 195 -3.4e+38 -3.4e+38 -3.4e+38 -3.4e+38 -3.4e+38 -3.4e+38 -3.4e+38 -3.4e+38 -3.4e+38 -3.4e+38 -3.4e+38 -3.4e+38 -3.4e+38 -3.4e+38 -3.4e+38 -3.4e+38 -3.4e+38 -3.4e+38 -3.4e+38
