trunk/EcoCrop/data/climate/tmean_10.asc
NCOLS 660 
NROWS 360 
XLLCORNER -20 
YLLCORNER -30 
CELLSIZE 0.1666667 
NODATA_value -3.4e+38 
[rows 60 to 89 of 360, columns 69 to 137 of 660]
307 307 307 307 308 308 308 308 308 308 308 308 308 308 307 307 307 307 306 306 306 305 305 305 305 305 304 304 304 304 305 305 305 305 305 305 305 305 307 305 305 304 305 305 309 308 306 305 304 307 307 303 307 307 307 304 304 303 297 295 292 290 286 283 279 276 275 276 274
307 307 308 308 309 309 309 309 309 309 308 308 308 308 308 307 307 307 306 306 306 305 305 305 305 305 304 305 304 304 305 305 305 305 305 305 305 306 306 308 306 306 305 307 308 310 308 303 304 306 306 305 305 308 307 306 304 303 296 293 291 290 287 283 282 280 277 279 279
308 309 309 309 309 309 309 309 309 310 309 309 309 309 308 308 307 307 307 306 306 306 305 305 305 305 305 305 305 305 305 305 305 305 305 305 306 306 306 306 306 307 305 307 307 310 304 304 306 306 303 306 307 308 308 306 305 301 291 291 291 289 288 286 284 280 280 281 283
309 309 310 310 310 310 310 310 310 310 310 310 309 309 308 308 308 307 307 306 306 306 305 305 305 305 305 305 305 305 305 305 305 305 305 305 306 306 306 306 306 305 306 307 308 308 308 305 307 302 303 307 308 309 308 306 304 302 298 294 292 290 286 286 282 281 285 284 285
310 310 311 311 311 311 311 311 311 311 310 310 310 309 309 308 308 307 307 307 306 306 305 305 305 305 305 305 304 305 305 305 305 305 306 306 306 306 305 306 306 307 307 305 306 307 308 307 303 304 306 308 309 309 309 307 304 300 294 293 293 294 287 288 287 284 287 288 290
311 311 312 312 312 312 312 312 312 312 311 311 310 310 309 309 308 308 307 307 307 306 306 305 305 305 305 304 304 304 304 304 305 305 305 305 306 305 305 306 307 305 306 307 305 308 307 305 305 306 307 308 308 310 310 307 306 302 298 298 297 296 293 291 288 286 289 290 291
312 312 312 313 313 313 313 313 312 312 311 311 311 310 310 309 309 308 307 307 306 306 306 305 305 305 305 304 304 304 304 304 304 305 305 305 306 306 307 307 305 305 305 307 305 305 305 304 305 305 307 307 307 307 310 308 307 296 301 299 300 298 295 292 289 287 290 292 292
313 313 313 313 313 313 313 313 313 313 312 312 311 311 310 309 309 308 308 307 307 306 306 305 305 304 304 304 304 304 304 304 304 304 305 306 306 306 306 306 306 306 305 305 305 305 308 304 304 305 309 307 308 310 311 310 307 306 305 303 299 298 296 295 292 293 294 296 295
316 313 314 314 314 314 315 314 314 314 313 312 312 311 311 310 309 309 308 307 307 306 306 305 305 304 304 303 303 303 303 303 304 304 305 305 306 306 306 305 306 306 307 305 304 305 306 303 304 307 308 307 308 310 311 309 308 308 304 301 301 299 298 296 295 294 295 297 297
316 314 315 315 315 316 316 315 315 315 314 313 312 312 311 310 310 309 308 307 306 305 305 304 304 304 303 303 303 303 303 303 304 304 305 305 305 306 305 306 306 306 307 307 306 307 307 306 307 309 308 305 309 311 311 310 310 306 303 305 303 302 301 299 296 298 299 299 300
318 320 317 316 316 316 316 316 316 316 315 314 313 312 312 310 309 309 308 307 306 305 304 304 303 303 303 303 303 303 303 303 303 304 304 304 305 305 305 305 306 306 306 307 307 306 307 306 308 309 309 307 310 310 312 311 310 308 309 307 305 303 301 300 300 299 301 301 302
319 322 318 316 317 317 317 317 317 316 316 315 314 313 312 311 310 309 308 307 306 305 304 303 303 303 303 303 303 303 303 303 303 303 304 304 304 306 305 305 306 306 307 307 308 308 308 308 307 309 310 308 309 311 312 311 311 310 309 306 305 304 302 302 302 304 301 303 303
319 320 322 326 317 317 317 317 317 317 316 316 315 314 312 312 310 309 308 307 306 305 304 303 303 303 303 303 302 303 302 303 303 303 303 304 304 304 305 305 306 307 307 308 308 309 309 309 310 309 312 309 311 313 312 311 311 309 309 306 306 305 305 304 304 304 304 305 306
320 322 323 327 327 327 318 318 318 318 317 316 315 314 313 312 311 309 308 307 306 305 304 303 303 303 302 302 302 302 302 302 302 303 303 304 304 305 305 305 306 307 307 308 308 309 310 310 310 309 312 310 313 312 312 311 311 309 308 308 307 306 306 306 306 306 307 307 307
322 323 323 323 325 326 325 319 318 318 317 316 315 314 313 312 310 309 308 307 306 304 304 303 302 302 302 302 302 302 302 302 303 303 303 303 304 304 305 306 307 307 308 308 309 310 310 309 310 312 311 311 312 311 312 311 310 309 308 308 307 307 308 308 308 308 308 307 307
322 323 323 324 325 326 328 324 319 318 318 317 315 314 313 311 310 309 308 306 305 304 303 303 302 302 302 301 301 302 302 302 302 303 303 303 304 305 305 306 307 307 308 309 310 311 311 311 312 311 313 311 312 312 313 312 311 310 310 307 306 309 308 310 309 310 309 309 308
322 323 323 324 324 325 324 325 324 319 318 316 315 314 312 311 309 308 307 306 305 304 303 302 302 301 301 301 301 301 301 301 302 302 302 303 304 305 306 306 307 308 309 309 310 311 311 311 312 313 311 311 312 312 312 313 311 311 310 308 308 309 310 309 310 310 310 308 308
321 322 323 323 324 325 328 322 320 318 317 315 314 313 311 310 308 307 306 305 304 303 302 302 301 300 300 300 300 300 301 301 301 302 303 303 304 305 305 306 307 308 309 310 311 312 311 312 312 313 312 312 314 312 313 313 312 310 309 309 308 308 309 311 311 312 310 308 303
321 322 322 323 325 328 328 318 318 316 316 315 313 312 310 309 308 306 305 304 303 302 301 301 300 300 300 300 302 301 300 301 301 302 303 304 305 306 306 307 308 309 310 310 311 312 312 314 313 314 312 313 315 314 313 312 312 311 311 309 309 306 309 311 313 312 305 306 307
320 320 322 323 326 328 328 317 316 316 315 313 312 310 309 308 307 305 304 303 302 301 300 300 299 299 300 300 301 299 301 302 302 302 304 305 306 306 307 308 307 310 311 311 310 312 313 313 315 317 316 316 316 315 313 312 311 311 309 311 310 308 310 312 312 312 310 307 308
318 318 321 322 324 326 326 322 314 313 312 311 310 309 307 306 305 304 303 302 301 300 299 298 298 298 298 299 300 299 302 303 305 305 305 306 306 307 308 309 310 310 312 311 312 312 311 315 315 317 318 316 315 314 312 310 309 309 309 308 308 309 309 312 313 313 308 310 304
317 318 319 320 321 323 323 322 318 310 310 309 308 307 306 305 303 302 301 300 299 298 297 297 296 297 296 297 299 300 301 303 305 306 306 306 307 308 309 308 310 309 312 314 310 310 311 314 315 316 320 318 315 312 311 309 308 309 308 308 309 309 308 310 311 309 308 312 307
314 315 315 317 317 318 319 318 314 312 307 306 306 305 304 302 302 300 299 298 297 295 295 293 294 294 294 296 296 299 300 302 304 305 305 306 307 309 307 310 310 310 312 314 313 313 313 313 316 317 320 316 314 310 309 308 308 308 308 310 308 310 309 313 314 312 312 313 310
312 312 312 312 313 313 312 311 309 307 304 303 303 301 301 300 299 297 298 296 294 293 292 294 294 293 287 293 295 296 299 301 303 304 305 306 307 307 308 311 311 311 312 314 314 315 314 314 314 317 315 315 310 309 306 306 305 305 306 308 308 310 310 312 315 314 312 311 310
308 308 308 307 308 307 307 306 305 303 303 300 299 298 297 299 296 296 294 292 290 293 293 292 292 290 292 292 293 294 296 299 301 303 305 304 306 308 309 311 310 312 313 315 314 313 313 313 313 312 312 309 308 306 303 303 303 306 305 307 310 309 310 312 313 315 313 312 312
305 305 304 302 302 301 301 302 301 301 299 299 296 295 293 295 295 293 289 290 292 293 292 292 292 291 291 291 291 293 295 297 298 301 302 303 305 308 310 310 313 313 315 314 315 310 313 313 312 309 308 307 305 303 300 301 302 305 305 308 308 309 310 311 313 313 314 312 312
301 300 299 299 297 297 297 297 297 297 296 294 293 292 292 292 292 293 291 292 292 291 291 291 290 290 290 290 291 292 294 296 298 299 302 304 305 308 311 313 314 316 315 314 313 313 311 312 311 310 309 306 302 300 299 301 302 302 305 307 307 308 311 311 310 313 313 311 310
296 296 295 295 294 293 292 292 292 292 293 292 289 289 288 290 289 290 290 290 290 290 290 290 290 290 290 290 290 291 292 294 295 296 301 302 305 307 310 314 316 316 316 316 316 314 312 310 310 310 308 306 304 300 300 302 302 302 304 306 307 307 310 311 311 311 313 311 311
292 292 292 292 292 290 288 288 288 289 287 289 288 286 285 286 288 288 289 289 289 289 289 289 289 289 289 289 288 286 291 293 294 295 291 301 304 307 310 313 310 317 314 316 314 314 313 312 309 307 308 306 304 303 302 303 303 304 304 306 305 308 310 310 310 309 310 310 309
291 290 290 289 288 288 285 284 286 285 286 286 285 283 283 285 285 287 287 287 287 288 288 288 288 288 289 289 287 289 289 291 292 276 295 299 303 301 309 311 313 315 314 314 314 313 312 311 311 307 307 306 306 303 303 303 302 304 307 306 307 308 309 311 308 309 309 309 306
