trunk/EcoCrop/data/climate/tmean_7.asc
NCOLS 660 
NROWS 360 
XLLCORNER -20 
YLLCORNER -30 
CELLSIZE 0.1666667 
NODATA_value -3.4e+38 
[rows 30 to 59 of 360, columns 69 to 137 of 660]
363 363 364 366 369 371 371 375 376 378 380 381 382 383 381 382 385 385 388 389 388 391 393 391 394 392 391 392 391 391 392 389 388 389 389 388 388 388 388 388 388 387 387 387 386 386 385 384 384 383 382 382 381 381 380 379 380 377 373 371 366 366 367 372 371 369 365 362 357
364 364 365 365 368 370 372 375 376 376 379 381 383 381 382 382 386 389 391 391 390 392 392 391 391 392 391 388 390 389 389 387 388 388 387 388 388 388 388 388 388 388 387 387 386 386 385 384 383 383 382 382 381 381 380 379 378 378 373 369 369 356 364 369 367 366 350 358 356
365 366 367 367 368 370 372 373 375 377 377 381 381 381 383 386 388 390 392 391 391 390 391 390 390 389 390 391 390 389 387 387 388 387 388 387 388 388 387 388 387 387 386 386 386 385 384 384 383 382 382 381 381 380 380 379 378 378 376 373 362 369 366 360 362 356 359 354 355
366 366 367 369 370 371 373 373 374 376 379 379 380 383 384 386 388 389 391 389 387 388 387 387 389 390 389 387 387 387 388 388 387 387 387 388 388 388 387 387 387 387 386 385 385 384 384 383 383 382 381 381 380 380 379 379 378 377 375 363 367 367 367 365 363 360 356 348 353
366 367 367 369 371 372 374 374 376 376 378 380 381 382 385 383 384 387 387 385 386 388 386 387 387 388 388 387 386 385 387 387 387 386 387 386 387 388 387 387 386 386 385 385 384 384 383 383 382 382 381 380 380 379 379 378 377 375 374 372 370 368 366 364 362 358 357 348 353
368 369 369 370 372 373 375 376 376 378 381 382 383 380 383 383 385 385 386 384 385 386 385 383 387 386 386 386 386 386 387 386 386 388 388 387 388 388 387 384 385 385 385 384 383 383 383 382 382 381 380 380 379 378 378 377 376 374 373 371 369 368 365 363 362 360 358 355 353
368 369 369 370 371 373 375 375 378 379 380 380 383 380 382 382 384 382 383 383 384 384 384 383 384 385 384 384 384 384 386 387 387 386 387 387 390 390 387 384 385 384 384 383 383 382 382 381 381 380 380 379 378 378 377 376 375 373 372 371 368 366 364 362 360 358 355 355 348
369 369 370 371 372 374 375 378 377 379 380 380 380 383 382 382 381 382 383 383 383 384 384 386 384 385 384 385 385 385 385 384 385 387 385 386 386 386 387 383 384 383 383 382 382 381 381 381 380 379 379 378 377 377 376 375 374 372 371 369 368 366 364 362 360 358 356 354 353
370 370 370 372 374 375 375 376 377 377 379 378 379 381 381 381 382 384 385 385 385 385 385 384 383 386 385 385 385 384 384 385 384 386 387 384 387 390 387 384 383 382 382 382 381 381 380 380 379 378 378 377 376 376 375 374 373 372 370 368 367 365 363 361 360 358 355 352 351
370 371 372 372 374 375 377 375 376 377 378 379 379 380 381 381 381 382 383 382 383 383 383 384 384 384 385 384 385 385 385 384 385 385 385 383 383 388 388 381 381 381 381 381 380 380 379 379 378 377 377 376 375 374 374 373 372 371 369 368 366 365 363 361 359 357 354 353 351
370 372 371 373 375 377 375 375 376 376 377 377 379 380 382 381 381 381 381 383 382 382 382 382 382 383 384 386 385 384 384 384 383 383 383 382 383 385 385 380 380 380 380 380 379 379 378 378 377 376 376 375 374 373 373 371 371 369 368 367 366 364 363 361 359 357 355 352 350
370 372 372 374 376 376 374 375 375 376 377 378 380 380 381 380 381 382 383 381 382 382 382 382 382 382 382 382 381 382 380 386 383 382 384 381 381 382 381 379 379 379 379 379 378 378 377 377 376 375 375 374 373 372 371 370 369 368 367 366 365 363 361 359 358 352 354 352 349
369 371 372 373 372 373 374 374 376 376 377 377 379 379 380 379 379 382 381 383 382 383 383 385 386 384 382 382 383 383 382 384 381 384 383 380 380 379 377 378 378 379 378 378 377 377 376 375 375 374 374 373 372 371 370 369 368 367 366 365 363 362 361 359 355 351 352 350 348
370 370 371 371 373 373 373 374 375 376 376 377 377 378 378 379 380 381 381 382 381 381 382 384 384 388 387 384 381 381 381 381 383 385 381 379 379 379 377 377 377 377 377 376 376 375 375 374 376 373 372 372 371 370 369 368 367 366 365 363 362 361 359 357 353 353 351 349 347
369 369 370 371 372 373 373 374 374 374 375 376 377 377 377 378 379 379 380 381 382 383 381 383 385 385 387 388 387 383 381 380 381 383 383 380 379 378 376 376 376 376 375 376 376 374 374 373 372 372 371 370 369 369 368 367 366 365 364 362 361 360 358 356 354 352 351 349 347
369 369 370 370 371 372 372 373 374 375 374 375 376 376 377 377 377 378 380 381 380 380 382 383 383 383 383 384 385 385 386 382 378 382 382 378 377 375 375 375 375 375 374 374 373 374 372 372 371 371 370 369 368 368 367 366 365 364 362 361 360 358 357 355 353 352 350 349 347
368 369 369 370 370 371 372 372 373 373 374 374 375 375 376 376 376 376 377 378 379 379 380 381 381 381 381 382 382 383 383 383 380 380 379 378 374 374 374 374 374 373 373 373 372 372 372 373 371 369 369 369 368 367 366 365 364 362 361 360 359 357 356 355 353 352 350 348 346
368 368 368 369 370 370 371 372 372 373 373 373 374 374 374 375 375 376 378 377 377 376 378 379 379 379 380 380 380 379 381 382 381 377 376 376 373 373 373 373 373 373 372 371 371 370 369 370 369 367 368 367 367 367 364 364 363 361 360 359 358 355 355 353 352 350 349 347 346
367 367 368 368 369 369 370 371 371 372 372 373 373 373 374 375 377 378 379 377 375 375 375 375 375 375 376 377 377 376 378 379 379 377 374 373 372 372 372 372 372 371 372 370 370 369 370 369 369 366 365 367 364 364 362 361 361 360 359 358 357 355 354 353 351 350 349 346 344
365 366 366 368 367 368 369 369 370 371 372 373 372 374 375 374 375 377 378 376 375 375 375 374 374 374 374 374 374 373 374 375 376 374 373 371 371 371 371 371 372 372 371 370 368 368 370 370 366 367 365 365 365 364 363 363 360 359 358 357 356 354 352 351 350 349 347 345 339
364 365 365 366 366 368 367 368 369 370 371 372 372 373 373 375 375 376 377 375 375 375 374 374 374 374 374 374 373 372 372 372 372 371 371 371 371 370 370 370 370 371 371 369 368 369 371 369 365 366 363 362 363 362 362 361 360 358 358 356 354 352 352 351 349 347 346 344 343
364 364 365 364 365 366 366 367 368 369 370 370 371 371 372 373 374 376 376 373 373 373 373 374 374 373 373 373 372 372 371 371 370 370 370 370 370 370 370 370 369 369 370 366 366 366 367 367 365 364 363 361 361 361 360 359 358 358 356 355 353 353 350 349 347 345 343 341 341
361 362 364 364 365 366 366 366 367 368 369 369 370 370 371 372 372 374 374 372 372 372 373 373 373 372 372 372 371 371 371 370 370 369 369 369 369 369 369 368 368 368 368 365 366 365 365 362 362 360 361 360 359 359 357 355 357 356 355 354 353 351 348 346 345 343 342 339 337
362 362 363 363 364 364 365 365 366 367 368 368 369 370 370 370 371 370 371 371 371 371 372 372 372 371 371 371 370 369 369 369 368 368 367 367 367 367 367 367 367 368 366 366 364 363 364 364 361 359 361 358 358 356 356 357 357 355 353 352 351 349 346 342 343 341 339 336 337
360 361 362 362 362 363 363 364 365 366 366 367 367 368 369 369 369 370 370 370 369 370 370 370 370 370 370 370 369 368 368 368 367 367 366 366 366 366 365 366 366 367 365 365 364 362 363 361 362 361 359 359 356 352 356 356 356 353 352 350 348 346 344 342 341 337 337 333 334
360 360 360 361 361 362 363 363 364 365 365 366 367 367 368 368 368 369 369 368 369 369 369 369 369 369 368 369 368 368 367 367 366 366 366 365 364 364 364 363 364 365 363 363 361 361 360 361 360 358 357 355 354 354 354 355 354 352 350 348 345 344 342 339 338 333 335 332 333
358 358 359 360 360 361 361 362 363 364 364 365 365 365 366 366 366 367 367 367 368 367 368 368 368 368 367 367 367 367 366 365 365 364 363 363 363 363 362 362 362 362 361 361 359 359 359 359 358 356 355 355 353 353 353 352 352 350 347 345 343 341 338 337 334 331 333 331 327
357 357 358 359 359 360 360 361 362 362 363 363 364 364 364 365 365 365 366 366 366 366 366 366 366 366 366 366 366 365 365 364 364 363 363 362 362 362 361 361 360 359 359 358 357 358 357 356 356 356 354 351 352 351 351 351 349 347 344 343 340 338 337 333 329 329 331 329 327
356 356 357 358 358 359 359 360 360 361 361 361 362 362 363 363 363 363 363 363 364 364 364 364 364 364 364 364 364 363 363 363 362 362 361 361 361 360 360 359 357 357 357 356 356 354 355 356 354 353 351 349 349 351 351 350 347 341 340 340 338 336 333 330 327 325 327 324 325
355 356 356 357 358 358 358 359 359 359 360 360 360 361 361 361 361 361 361 362 362 362 362 362 362 362 362 362 362 362 362 362 361 360 360 360 359 358 359 358 355 355 354 355 357 353 354 353 353 351 351 350 349 351 350 348 346 344 342 340 337 334 333 331 326 321 323 323 325
