trunk/EcoCrop/data/climate/tmean_10.asc
NCOLS 660 
NROWS 360 
XLLCORNER -20 
YLLCORNER -30 
CELLSIZE 0.1666667 
NODATA_value -3.4e+38 
[rows 90 to 119 of 360, columns 138 to 206 of 660]
305 306 308 307 306 307 308 307 307 308 307 305 308 307 301 300 290 290 282 286 290 292 292 292 291 292 292 291 292 292 290 291 291 289 286 286 287 287 286 287 285 285 284 284 283 283 284 284 284 285 286 286 286 286 286 287 287 287 287 287 287 288 289 290 290 291 292 293 293
303 304 306 305 306 306 305 306 306 307 307 307 305 306 302 300 300 295 291 290 292 292 292 291 291 292 291 290 290 291 292 291 289 289 287 289 288 287 287 286 285 284 284 282 282 282 283 284 284 285 285 286 286 287 287 287 287 287 287 287 288 289 290 290 291 291 292 293 294
303 302 305 303 305 303 305 305 305 305 305 305 305 305 300 300 290 284 289 290 292 292 290 289 289 288 288 289 290 291 290 290 290 289 291 290 290 289 288 286 286 284 279 280 278 281 282 283 284 285 286 286 287 287 287 287 287 287 287 287 288 289 290 291 291 292 293 293 294
301 301 304 303 303 303 302 303 304 304 304 305 303 303 299 294 288 291 289 292 289 287 288 286 287 288 288 288 288 289 289 290 291 292 292 292 291 289 288 286 285 277 279 278 282 279 281 283 284 285 285 286 286 287 287 287 287 287 287 286 287 290 291 291 292 293 293 294 294
299 298 302 301 301 301 301 302 303 302 303 303 300 302 298 293 292 286 290 287 286 286 286 287 286 286 288 287 288 288 289 290 292 293 293 293 291 290 289 287 287 286 283 277 282 282 283 283 284 285 286 286 287 287 287 287 287 286 286 286 287 289 290 291 292 292 293 294 295
300 302 301 298 298 299 300 298 301 301 299 301 299 298 296 292 291 290 288 284 285 284 285 286 286 286 286 287 289 289 290 291 290 292 293 294 294 290 290 290 288 285 284 279 282 282 282 283 284 285 286 286 287 288 287 287 287 286 286 287 288 289 289 290 291 292 293 294 295
301 300 299 297 297 298 300 298 297 299 300 299 296 297 296 292 286 291 288 285 285 286 285 285 286 287 286 287 288 288 288 289 290 291 293 295 297 296 293 291 288 286 284 277 281 282 282 283 284 285 286 286 287 288 288 288 287 287 287 287 287 288 289 289 290 291 292 293 294
301 299 299 297 296 295 295 294 299 298 297 298 296 297 294 291 289 291 289 287 285 284 283 284 282 283 283 283 284 287 287 286 289 291 294 296 298 298 292 290 289 286 280 282 282 282 282 283 284 285 286 287 288 288 288 288 287 287 287 287 287 287 288 289 290 290 291 292 293
299 299 297 296 297 295 295 295 297 296 297 298 294 296 293 293 292 290 288 287 285 284 283 283 283 281 281 281 281 284 286 284 288 289 292 295 296 296 292 291 289 286 284 283 282 282 282 283 283 284 285 287 288 288 289 288 288 288 287 286 286 286 287 288 289 289 290 291 292
300 298 297 296 295 295 297 295 293 296 296 295 295 296 293 293 289 288 286 283 284 282 281 280 281 279 278 278 277 280 281 281 284 287 290 292 294 293 292 290 288 286 285 283 282 281 281 282 282 284 285 286 288 289 289 289 288 287 286 285 285 285 286 287 288 288 289 290 291
299 297 296 295 294 296 296 294 293 294 293 295 294 295 295 290 290 287 285 282 283 279 279 275 277 278 274 272 277 275 279 280 279 282 286 288 290 291 290 289 288 286 284 282 281 281 280 280 281 282 283 285 287 289 289 288 286 286 285 284 284 284 284 286 286 287 288 289 290
299 296 296 297 294 295 294 293 292 293 294 292 294 297 295 292 289 287 284 281 281 279 276 272 274 275 271 269 274 273 273 274 276 279 283 285 287 288 288 287 286 285 283 282 280 279 279 279 280 281 282 283 285 286 286 286 285 284 283 283 283 283 283 284 285 286 287 288 290
298 296 296 294 293 295 292 291 291 292 290 290 288 290 289 288 288 284 283 279 279 275 275 271 270 270 268 266 270 269 269 273 272 277 281 283 284 285 286 286 285 284 282 281 279 278 277 277 278 278 279 280 281 283 282 283 282 281 281 281 281 281 282 283 284 285 286 287 289
295 296 296 293 295 290 289 289 291 290 288 287 286 287 286 285 284 283 279 279 274 272 272 270 266 268 267 265 266 267 266 270 273 276 279 281 282 283 284 284 284 283 282 280 278 276 276 275 275 275 276 277 278 279 279 279 279 279 279 279 279 279 280 281 282 284 285 286 288
294 293 294 295 290 292 289 290 290 287 285 285 285 285 286 284 279 279 279 277 270 272 268 269 267 265 260 263 263 264 266 267 272 275 277 278 280 281 282 282 283 282 281 279 277 275 274 273 272 272 273 273 274 275 275 275 276 276 276 276 277 277 278 279 281 282 284 285 287
294 293 293 294 290 288 289 287 287 285 285 282 280 282 281 279 278 277 273 274 269 268 267 265 267 265 263 262 261 260 263 266 268 271 274 276 278 279 280 281 281 281 280 278 276 273 271 270 269 269 269 270 271 271 272 272 272 273 273 274 274 275 276 278 279 281 283 284 286
294 290 293 293 287 289 287 286 285 283 282 279 282 280 278 278 275 272 271 267 267 266 265 263 262 262 261 260 260 260 262 263 266 268 273 274 276 277 278 279 280 279 278 276 274 271 269 267 266 265 265 266 267 268 268 269 269 269 270 271 272 273 275 276 278 280 281 283 284
291 294 291 291 288 286 287 283 282 278 279 280 279 279 278 275 274 272 272 267 265 261 262 260 262 260 257 256 255 257 259 263 264 268 269 273 275 275 277 277 278 278 277 274 272 269 266 264 262 261 262 262 263 264 265 265 266 266 267 268 270 271 273 275 277 279 280 282 283
290 293 291 289 286 285 285 282 278 276 274 274 275 271 271 272 270 269 268 266 263 258 258 255 257 257 254 255 253 255 260 262 266 265 268 271 273 274 275 276 276 276 275 273 270 266 263 260 258 258 258 259 260 261 261 263 264 265 265 265 267 269 271 274 276 278 279 281 283
286 287 289 290 285 285 279 280 280 275 277 275 269 269 267 267 266 264 263 261 258 257 253 253 249 251 253 250 253 256 261 262 264 267 269 269 271 272 272 274 274 274 274 271 268 264 261 257 255 255 254 256 256 259 259 260 261 262 263 264 265 267 270 273 275 277 279 280 282
281 282 283 281 285 284 282 279 277 275 271 270 270 263 265 263 263 263 262 262 257 255 249 249 249 248 247 252 253 255 256 259 263 263 265 267 269 269 272 272 272 272 272 267 265 262 258 254 252 252 253 256 258 257 258 258 259 260 261 262 264 266 268 272 274 276 279 280 282
274 276 280 278 279 279 278 279 273 274 271 271 268 263 262 260 259 258 260 258 255 255 248 251 245 245 246 248 248 250 253 256 261 259 260 263 266 269 270 270 270 270 269 265 261 261 258 252 251 251 255 258 257 254 256 255 257 258 260 261 263 265 267 270 273 276 278 280 282
271 275 274 276 275 274 274 277 275 272 270 266 264 262 262 260 258 257 255 257 258 257 254 248 245 246 247 247 250 251 252 256 258 259 259 261 264 266 268 268 269 267 266 265 263 260 256 257 253 257 258 260 258 252 254 253 255 257 258 260 262 264 265 268 271 273 276 280 282
271 272 269 272 272 270 268 271 270 272 268 266 262 260 262 262 258 258 258 258 258 256 254 250 247 247 248 246 252 251 251 252 252 258 258 254 250 257 258 266 266 264 263 264 260 259 260 262 261 260 262 260 258 253 250 251 252 255 257 259 261 262 264 265 243 269 271 278 282
267 270 265 267 269 268 265 266 265 267 269 266 263 263 262 259 256 258 257 259 256 254 250 248 251 249 250 250 251 251 250 253 251 254 257 256 255 257 263 265 262 260 262 262 257 261 261 256 252 253 259 262 261 247 246 251 253 255 255 255 258 260 260 261 223 266 251 278 282
267 269 264 263 266 263 267 268 268 265 266 265 265 264 260 257 259 257 258 257 259 258 253 250 251 252 250 252 253 250 253 251 252 249 246 250 247 258 261 263 260 263 260 260 258 262 255 251 249 249 262 263 258 251 241 249 253 255 257 255 256 253 259 231 234 247 248 276 283
264 265 262 264 262 262 264 267 266 269 268 265 260 261 261 260 257 261 262 262 261 257 256 249 252 253 254 255 255 253 254 253 235 250 249 246 249 257 258 260 259 258 257 258 265 258 260 254 257 259 263 265 262 254 244 240 254 256 257 256 253 258 230 228 242 260 271 282 285
265 262 259 262 263 262 262 267 268 269 265 260 258 259 261 257 260 264 256 264 260 263 261 254 256 253 253 253 251 252 250 251 247 250 247 228 240 252 259 257 256 259 259 259 265 263 262 257 254 258 265 263 257 261 243 265 258 260 256 255 254 255 252 235 255 266 274 283 284
262 260 260 263 263 263 264 266 266 269 267 260 264 260 260 263 264 266 266 265 262 266 261 257 253 254 253 252 249 246 248 247 246 246 246 237 249 250 253 255 256 258 260 260 262 266 264 253 248 258 264 266 268 262 267 254 260 259 254 254 253 251 242 253 259 268 275 278 281
259 259 259 262 264 262 261 265 268 269 262 261 260 260 262 269 268 267 266 270 262 268 267 263 262 258 257 253 250 244 243 249 246 246 232 241 241 249 252 258 258 258 258 264 265 266 264 251 251 260 263 268 269 271 268 247 246 253 256 258 257 229 242 255 264 271 274 278 279
