trunk/EcoCrop/data/climate/tmean_12.asc
NCOLS 660 
NROWS 360 
XLLCORNER -20 
YLLCORNER -30 
CELLSIZE 0.1666667 
NODATA_value -3.4e+38 
[rows 60 to 89 of 360, columns 207 to 275 of 660]
172 171 171 170 170 169 169 168 166 164 167 164 163 166 167 166 157 150 156 121 147 159 144 94 62 126 158 168 172 163 170 172 175 177 177 178 179 180 179 181 177 182 181 180 180 177 176 176 179 171 170 169 172 171 166 168 171 166 168 165 166 165 171 171 169 170 173 172 173
173 173 173 173 172 170 171 169 165 168 170 165 166 169 171 167 166 160 146 162 166 163 158 112 84 139 150 166 176 175 178 175 177 180 179 180 181 183 181 181 184 181 178 178 176 178 178 180 170 170 170 170 172 174 169 174 171 171 167 168 170 170 172 173 174 174 173 175 175
175 175 174 173 172 174 174 172 170 173 171 170 170 173 173 171 171 170 163 157 170 167 168 159 153 163 170 175 180 179 185 181 179 181 181 185 184 184 183 186 185 184 178 176 178 179 182 172 176 172 171 176 177 173 174 173 174 169 170 171 173 173 173 176 176 176 177 177 177
176 175 174 175 176 174 175 173 174 174 173 174 176 176 173 175 175 172 173 172 175 174 173 175 176 173 176 179 181 186 182 186 182 184 186 185 186 188 187 188 187 182 180 178 179 177 177 177 179 172 174 176 177 172 172 172 172 172 173 177 175 177 177 177 179 179 179 179 179
176 176 176 177 178 177 178 176 179 176 179 176 180 178 177 175 180 177 178 178 166 176 176 182 183 185 174 179 176 189 189 186 188 189 186 187 187 187 191 190 184 182 181 188 188 179 185 182 175 175 174 183 177 173 173 173 174 174 175 177 178 180 180 181 181 181 181 181 183
178 179 179 179 178 179 180 181 183 182 182 182 183 182 181 180 181 180 181 181 181 182 181 186 189 189 179 184 179 182 191 184 192 191 192 194 193 192 192 192 192 192 192 189 186 178 179 187 185 180 186 175 174 173 175 175 176 176 177 180 181 182 183 183 183 183 183 183 183
178 180 181 181 182 183 184 185 186 184 184 184 186 187 186 183 185 185 185 185 186 187 188 190 191 193 191 187 190 191 193 193 195 194 193 196 196 197 201 197 192 195 196 195 194 189 192 192 187 188 177 183 172 172 174 175 178 178 180 182 184 184 185 186 186 185 185 185 185
182 182 182 183 184 185 187 188 187 187 187 188 188 188 189 187 188 188 188 188 190 191 190 192 194 197 198 195 194 196 195 196 197 197 198 195 195 195 198 197 198 197 200 199 197 196 194 194 191 189 184 179 174 174 175 174 176 178 181 183 185 186 187 187 188 188 187 187 186
182 183 184 185 186 187 191 191 190 190 192 190 191 191 192 191 192 192 192 191 192 193 193 197 197 199 199 197 198 197 199 199 200 199 199 202 202 198 198 199 193 196 200 199 197 197 195 193 187 189 187 186 173 172 175 176 187 179 188 186 186 188 188 190 190 190 189 189 188
184 185 186 187 188 190 192 194 193 194 195 194 195 196 197 196 197 195 195 196 195 196 196 198 198 201 200 200 199 198 200 200 202 203 202 206 203 207 202 202 195 201 200 200 200 198 196 197 196 195 193 192 183 190 192 188 188 189 187 185 188 190 190 191 191 191 191 190 189
186 187 188 190 192 193 194 196 197 197 197 198 198 198 199 199 199 199 199 199 199 200 201 201 204 200 204 201 201 202 203 204 203 204 205 207 205 206 207 206 206 207 207 206 205 203 203 202 201 198 198 196 196 194 192 191 189 186 185 187 190 191 192 192 192 192 192 191 191
188 189 190 191 194 196 197 198 200 200 200 201 200 201 202 203 203 203 203 202 202 203 206 210 210 208 206 204 204 205 205 206 208 208 208 209 209 209 208 210 210 210 209 208 209 207 207 206 204 202 201 201 199 197 194 187 187 186 187 191 192 192 193 193 193 193 193 192 192
189 191 192 194 195 198 199 200 201 202 203 203 203 204 205 206 206 206 206 205 205 206 209 209 214 214 214 214 207 208 209 210 211 211 212 213 214 210 211 208 209 211 211 211 211 211 210 209 207 204 203 202 198 196 188 185 188 190 192 192 194 194 194 194 194 194 193 193 194
192 193 195 196 198 200 202 203 204 205 206 207 208 207 208 212 213 208 208 209 210 210 211 212 213 217 217 217 212 212 213 213 214 214 215 214 217 216 214 211 206 208 210 208 207 208 207 206 203 198 191 188 184 183 184 184 185 189 193 195 195 195 195 195 195 195 194 194 195
194 196 198 199 201 203 205 207 208 209 209 210 212 214 214 215 216 217 217 212 214 215 216 217 217 217 217 217 219 217 216 217 218 218 218 219 219 218 220 219 206 198 202 210 192 199 191 193 194 185 184 182 185 184 185 187 191 194 195 197 197 196 196 196 196 196 195 195 194
197 199 200 203 205 207 209 210 211 212 213 214 215 217 218 219 219 220 220 220 220 221 221 221 222 221 222 222 223 222 220 220 221 220 221 222 222 223 223 221 220 210 205 200 192 191 189 182 186 188 181 182 183 182 183 188 191 195 198 198 198 197 197 197 197 197 196 196 197
201 202 204 207 208 210 212 214 214 215 216 217 218 219 221 222 222 223 224 225 225 226 226 226 226 226 226 226 226 225 223 223 223 224 224 225 226 226 224 225 226 220 224 211 196 188 186 187 186 183 185 179 184 186 188 190 195 198 199 199 199 199 198 198 198 197 197 197 198
204 206 207 209 212 213 215 216 218 219 220 221 221 222 224 225 226 226 228 228 228 229 229 229 230 230 229 227 227 225 225 225 226 226 227 228 228 229 229 229 229 229 227 221 215 199 195 188 188 187 185 188 183 190 190 192 199 200 200 200 200 200 199 199 199 199 199 199 199
207 208 210 212 214 216 218 219 221 222 222 223 224 225 226 228 228 229 230 230 231 231 232 232 231 230 229 229 229 227 228 229 228 229 229 230 230 231 231 233 232 232 224 221 209 212 198 194 194 189 192 188 189 194 195 198 201 202 202 202 201 201 200 200 200 200 200 199 198
209 211 212 214 216 218 220 222 223 224 225 226 227 228 229 229 231 231 232 232 233 233 234 233 232 231 231 232 230 230 230 231 231 231 232 232 232 233 233 233 235 235 234 232 228 213 221 206 194 195 189 189 194 198 203 204 204 203 203 202 202 202 201 201 200 200 199 197 198
212 213 214 216 218 219 222 223 225 226 227 228 229 230 231 232 233 233 234 234 234 234 234 233 233 234 234 232 232 233 233 233 234 234 233 234 234 235 235 235 236 236 234 232 229 227 222 215 198 194 197 197 202 206 206 205 204 204 204 203 203 202 201 201 201 199 197 195 199
213 215 217 218 220 222 223 224 226 227 229 230 231 232 232 233 234 235 235 236 236 236 236 235 235 235 234 234 234 235 236 236 235 236 236 236 237 237 237 237 235 236 235 233 231 217 221 212 209 194 195 201 202 203 205 206 206 204 203 203 202 202 202 202 199 196 194 197 197
215 217 218 220 222 225 226 227 228 230 230 231 232 233 233 234 235 236 237 237 238 237 238 238 237 236 237 236 236 237 237 238 238 238 238 238 238 238 237 237 237 235 235 232 230 223 216 217 211 194 200 203 201 203 205 206 204 203 203 202 203 201 203 198 197 194 196 198 197
217 219 221 223 224 226 229 230 231 231 232 233 233 233 233 235 235 236 237 238 237 238 238 239 240 239 237 238 238 239 239 240 239 240 239 240 240 240 239 238 238 236 234 232 227 225 224 217 207 208 202 202 204 204 203 200 199 198 200 204 202 202 203 200 195 193 195 196 191
218 221 222 224 226 228 230 231 232 234 235 235 236 236 236 236 237 237 238 238 239 240 240 242 241 241 239 240 240 241 241 241 242 242 242 242 242 242 240 240 239 237 232 232 230 227 224 220 214 211 210 209 206 207 204 201 201 200 203 204 199 196 198 194 192 187 196 195 184
221 223 224 226 227 230 231 233 234 235 236 238 238 238 238 239 239 239 240 240 241 241 242 243 243 241 242 242 243 243 243 243 244 244 244 244 244 243 242 242 240 238 236 230 228 224 220 211 210 212 213 212 210 209 209 208 207 203 205 204 200 197 193 194 195 189 182 181 188
222 225 227 228 230 231 233 234 236 237 238 239 240 240 240 241 241 241 242 242 243 244 244 245 244 243 244 244 244 245 245 246 246 246 246 246 246 245 244 242 241 239 236 233 229 213 209 210 211 213 214 211 207 208 205 205 205 202 202 197 199 198 193 197 195 191 179 179 193
223 226 228 230 231 233 234 236 238 239 240 241 241 242 242 243 243 244 244 244 245 246 246 246 245 245 245 246 246 247 247 248 248 248 248 248 247 246 245 244 241 239 235 217 224 216 209 212 213 215 214 212 208 208 206 203 198 204 201 199 200 193 195 189 192 183 187 187 193
224 228 230 231 235 237 237 239 240 241 242 242 243 244 244 244 245 245 246 246 247 247 247 247 247 247 247 248 249 249 249 250 250 250 250 249 248 247 246 245 242 239 236 229 215 212 211 213 215 213 212 211 210 206 205 200 194 199 197 199 195 196 188 191 177 181 190 195 196
226 228 232 234 234 237 239 241 243 243 244 245 245 246 246 247 247 247 247 248 248 248 248 248 247 248 249 250 250 251 251 252 252 252 251 251 250 248 248 244 244 236 237 228 216 215 215 214 212 213 213 210 209 206 204 200 197 192 195 199 191 192 196 190 183 188 194 192 190
