trunk/EcoCrop/data/climate/tmean_2.asc
NCOLS 660 
NROWS 360 
XLLCORNER -20 
YLLCORNER -30 
CELLSIZE 0.1666667 
NODATA_value -3.4e+38 
[rows 90 to 119 of 360, columns 276 to 344 of 660]
201 196 200 204 212 211 212 212 209 213 216 217 219 225 228 230 230 230 230 230 229 231 233 233 235 235 235 235 236 237 237 239 241 243 243 244 246 246 248 247 245 244 243 243 245 245 246 248 249 250 251 251 251 252 253 256 259 262 265 268 267 264 262 259 255 243 237 251 248
196 207 204 207 212 214 214 214 216 212 218 221 224 227 230 232 230 227 230 233 230 231 233 235 236 237 236 236 237 239 240 241 243 244 245 246 248 249 249 248 247 246 246 246 247 247 246 249 251 251 253 253 254 256 257 259 262 265 267 269 267 264 260 256 252 249 242 249 252
203 210 209 213 212 218 218 212 220 217 216 223 226 229 231 232 229 226 232 234 233 233 235 236 235 237 236 238 240 241 242 243 244 245 247 248 249 250 250 250 249 249 249 249 249 249 249 251 252 254 255 257 258 259 260 262 265 268 269 270 267 264 259 252 250 249 247 251 251
208 209 208 212 218 216 220 219 220 219 218 221 227 230 231 232 232 233 235 233 234 235 237 238 238 237 237 238 240 242 243 244 244 245 247 249 250 251 251 251 251 251 251 252 252 250 251 253 255 256 258 259 261 262 264 265 268 270 270 272 270 266 261 252 250 252 255 259 258
208 210 214 218 218 218 221 223 222 220 218 224 229 232 232 232 232 234 235 235 232 237 238 238 237 236 237 239 241 242 243 245 246 247 248 249 251 252 252 253 253 253 252 253 254 253 254 256 257 259 260 262 263 264 267 268 269 271 274 275 274 273 271 266 259 259 262 258 261
213 215 217 217 219 222 219 225 224 224 222 226 230 232 232 232 233 235 234 234 235 237 238 238 237 237 238 240 242 242 244 245 246 248 249 249 252 253 254 254 254 254 252 254 255 256 257 258 260 261 262 263 266 268 270 272 272 273 276 277 278 278 279 278 271 265 261 263 257
219 220 220 216 221 218 217 224 226 226 224 230 231 232 231 230 234 234 234 234 235 237 237 237 238 237 239 241 241 242 244 245 246 247 248 250 252 254 255 255 255 255 254 254 256 258 259 260 262 263 265 267 268 270 272 274 272 275 277 279 282 282 283 279 270 266 238 252 260
220 222 223 224 223 219 222 226 228 228 226 230 232 231 231 231 234 234 234 234 234 236 237 238 239 239 240 241 241 242 244 245 246 247 248 250 252 254 255 256 256 256 256 256 257 260 261 262 264 265 267 268 270 271 274 274 275 274 277 280 283 286 286 284 281 276 270 213 232
220 223 224 228 229 230 224 228 229 229 230 231 232 234 234 233 234 234 233 233 234 236 237 237 239 239 240 241 241 243 244 245 246 247 248 250 252 254 256 257 257 257 257 255 259 262 262 264 265 266 268 270 271 272 272 276 278 277 277 281 283 287 288 287 283 280 274 264 236
223 226 228 226 230 229 233 233 233 231 233 230 234 235 235 234 235 234 233 232 234 236 237 237 238 239 240 240 241 242 244 245 246 247 248 250 252 254 256 257 258 257 257 258 259 261 264 265 266 268 269 271 272 274 274 279 281 282 283 283 289 289 289 288 274 281 265 194 141
229 230 229 231 232 233 235 235 235 235 234 233 235 237 235 236 235 234 232 231 234 234 236 237 238 238 238 240 241 242 244 245 246 247 248 249 252 253 256 258 258 258 258 260 261 262 265 267 267 268 269 271 274 276 278 282 284 287 289 289 292 281 289 288 287 282 277 264 222
231 232 232 234 232 235 236 236 237 237 237 237 238 237 236 236 235 233 233 234 235 232 233 236 238 238 237 239 241 243 245 246 247 248 248 249 251 253 255 257 259 259 260 261 262 263 265 267 267 268 269 271 274 278 281 284 287 290 293 294 297 293 281 282 283 281 268 267 263
234 234 235 235 236 238 237 238 239 239 238 239 240 236 237 236 235 236 236 236 234 233 233 237 239 240 239 239 240 243 245 247 248 249 250 250 252 253 255 256 258 259 258 259 260 262 264 265 266 267 269 272 275 278 281 285 288 292 295 297 295 298 292 283 262 267 256 254 252
237 237 237 236 238 239 239 239 240 240 240 240 241 239 237 236 237 238 237 238 238 237 236 238 239 240 240 240 241 245 247 249 250 251 251 252 252 253 254 255 256 257 257 258 260 260 263 264 264 266 269 272 276 279 282 285 289 292 295 298 297 293 289 277 260 263 231 236 200
239 233 239 239 240 240 241 241 242 242 242 242 242 241 240 240 238 238 239 241 238 237 237 241 242 242 243 243 244 246 248 250 251 252 253 254 254 254 254 255 256 256 257 257 258 260 262 264 266 268 270 273 276 279 283 286 289 291 294 295 297 296 290 278 272 257 186 202 200
241 242 241 239 242 242 242 243 243 243 243 243 244 243 243 243 241 241 241 242 241 240 240 242 243 244 243 246 245 248 249 252 253 254 254 255 255 254 254 254 255 256 256 256 259 260 263 266 267 269 271 274 277 280 283 286 287 290 291 291 277 275 286 278 266 241 206 210 216
244 243 243 243 244 244 244 244 244 245 245 245 246 245 246 244 245 245 246 244 241 239 241 243 243 244 246 249 250 250 246 253 255 255 255 256 256 255 254 254 254 256 256 258 260 261 264 266 268 270 272 275 277 280 283 285 286 288 286 278 265 236 272 274 252 220 215 213 219
245 245 244 244 245 245 246 246 246 247 247 248 248 248 246 246 248 249 247 245 240 239 241 243 244 235 247 250 252 254 245 254 252 256 257 257 257 256 255 254 254 255 256 258 260 261 263 266 269 271 273 276 277 279 282 284 284 282 283 280 278 260 267 256 204 195 209 212 212
247 246 246 246 246 247 247 247 248 249 249 250 250 249 249 250 251 251 248 247 237 241 243 242 245 244 247 251 255 250 252 250 252 256 258 258 258 257 256 254 253 254 256 259 261 263 263 267 270 272 274 276 278 278 281 283 282 281 280 277 275 260 266 253 219 181 200 200 202
249 248 247 247 247 248 249 249 250 251 251 252 252 251 252 253 253 253 251 249 241 242 246 246 247 245 244 250 256 258 259 260 260 261 261 261 260 259 257 255 253 255 258 260 263 264 264 267 271 274 276 277 279 279 279 281 281 280 275 271 266 256 261 239 217 210 193 189 194
250 249 247 248 248 250 250 251 252 253 253 254 254 254 255 255 255 257 257 249 253 253 252 254 251 249 242 248 255 257 262 262 263 262 263 263 263 262 260 258 258 259 261 263 266 268 268 268 271 276 279 279 280 279 277 271 279 274 266 266 260 238 248 239 173 179 187 185 188
252 250 249 249 250 251 252 253 254 255 256 256 256 257 252 257 257 261 260 258 259 259 256 260 258 254 249 250 255 259 262 264 265 265 264 266 266 265 264 263 263 264 265 266 269 271 271 268 272 276 282 283 283 282 259 273 275 271 268 253 241 226 244 234 206 180 180 175 173
253 252 251 251 252 253 254 255 256 257 258 258 259 257 257 259 262 263 260 263 267 266 266 267 263 259 252 250 255 259 263 263 267 268 269 269 269 269 268 267 268 269 270 272 273 275 275 274 276 282 282 284 283 288 268 232 273 270 263 257 247 239 240 209 161 175 173 168 163
255 254 254 254 254 255 256 257 258 259 260 260 261 262 262 263 266 266 268 269 272 272 267 273 267 262 252 251 260 261 263 266 269 270 271 272 272 272 272 272 272 274 275 276 278 279 280 279 281 284 285 283 286 272 280 280 280 276 270 265 250 247 227 193 174 157 165 159 138
257 256 256 256 256 257 258 258 259 260 261 262 263 264 264 263 267 267 269 273 276 270 277 276 272 262 262 263 264 262 266 268 271 273 274 275 276 276 276 276 277 278 279 281 282 283 284 286 285 286 284 282 287 277 282 283 274 266 259 260 253 236 204 198 163 153 150 161 170
258 258 257 258 258 259 259 260 261 262 263 264 265 266 267 267 269 268 269 271 277 278 279 278 274 272 270 268 266 267 270 271 272 275 277 278 279 279 280 280 281 282 283 284 286 286 289 290 290 289 284 282 279 274 282 278 269 212 222 250 231 219 210 187 186 173 168 180 190
259 259 259 259 260 260 261 262 263 264 264 265 266 267 269 270 271 272 273 276 275 279 279 278 277 275 273 270 270 272 272 274 276 277 280 281 282 283 283 283 284 285 286 287 289 290 290 293 295 282 285 259 281 277 285 275 245 249 165 229 206 229 216 187 209 179 182 198 188
261 261 261 261 261 262 263 263 264 265 266 267 268 269 270 271 273 274 276 277 278 277 278 278 278 276 275 275 272 274 275 277 278 280 282 283 285 286 286 286 287 288 289 290 291 292 294 296 296 297 272 255 264 270 279 278 265 255 229 235 205 226 252 234 236 215 215 178 180
262 262 262 262 263 263 264 265 266 266 267 268 269 270 271 272 273 275 276 277 278 278 278 278 277 278 277 277 272 272 277 279 280 282 283 285 286 287 288 288 289 289 290 292 293 294 295 296 297 292 251 239 247 254 253 270 266 260 246 225 185 210 224 214 211 204 230 218 175
262 263 263 264 264 265 265 266 267 268 269 270 270 271 272 273 274 275 276 277 277 277 278 278 278 278 278 278 278 279 280 281 282 283 284 286 287 288 289 289 290 291 292 293 294 294 295 295 295 293 287 240 255 263 246 263 274 257 252 266 245 204 197 208 197 194 196 242 234
