trunk/EcoCrop/data/climate/tmean_3.asc
NCOLS 660 
NROWS 360 
XLLCORNER -20 
YLLCORNER -30 
CELLSIZE 0.1666667 
NODATA_value -3.4e+38 
[rows 0 to 29 of 360, columns 69 to 137 of 660]
102 138 150 125 134 166 175 183 185 186 188 190 194 194 189 189 191 189 187 187 184 185 187 188 187 188 186 183 181 182 181 181 178 179 178 184 185 183 182 183 180 179 178 178 178 177 177 176 177 177 176 177 176 176 176 176 176 177 176 176 176 175 174 173 165 166 169 170 172
138 133 154 167 165 160 184 188 191 193 192 194 195 195 195 194 193 192 191 188 187 188 189 188 189 189 187 185 185 185 185 183 181 180 174 172 177 188 187 174 184 180 181 180 179 180 179 179 180 179 179 180 179 180 180 180 179 179 178 178 177 176 175 173 168 165 170 171 170
150 166 157 179 186 189 190 193 192 195 196 196 194 193 196 192 192 194 193 191 190 187 189 192 193 192 190 188 188 187 187 184 185 185 186 185 180 190 184 179 174 185 183 182 182 182 182 181 182 182 182 182 183 183 183 182 181 181 180 179 178 169 175 168 168 170 172 171 169
155 174 182 185 190 193 194 195 194 195 194 192 191 183 185 185 188 189 190 191 191 190 191 191 193 190 189 191 191 190 188 189 188 186 184 184 180 186 182 186 185 182 185 185 184 184 184 183 184 184 185 184 190 185 184 183 182 182 181 180 179 171 170 171 171 173 170 169 170
177 181 185 191 191 192 192 189 181 179 180 182 184 186 188 189 190 191 193 194 193 194 193 190 196 192 192 191 193 193 192 190 186 188 187 189 187 188 187 188 189 188 189 192 187 187 186 186 186 188 187 192 188 186 186 185 184 183 182 181 180 174 174 175 174 168 167 170 170
183 189 192 193 185 194 194 193 192 187 185 185 187 191 191 192 192 193 195 195 196 196 196 196 195 195 195 182 181 195 195 194 192 196 191 191 190 189 189 188 190 190 188 190 192 188 188 188 190 189 193 196 189 188 187 186 186 184 182 181 176 176 176 177 175 169 169 170 171
187 191 189 190 193 184 185 186 193 192 192 190 193 195 193 193 194 197 197 198 198 198 199 198 198 198 197 196 195 194 194 195 197 195 198 194 190 186 190 191 191 191 190 189 190 191 189 188 190 191 196 195 189 188 187 183 185 180 179 177 177 179 177 176 174 169 169 171 172
186 184 177 181 185 187 188 189 189 191 192 194 195 194 198 199 199 200 200 201 200 201 202 201 200 199 198 199 198 196 196 197 194 198 199 199 193 196 191 192 191 192 191 191 191 192 187 191 191 193 193 191 190 189 185 184 182 181 181 179 180 179 177 176 170 169 170 171 172
188 177 182 184 187 189 191 193 194 196 197 198 199 200 200 202 202 202 202 202 202 202 204 204 202 201 200 201 200 199 199 198 200 200 199 199 200 197 197 196 190 190 193 192 192 194 193 191 191 192 191 191 190 186 185 184 183 184 183 183 182 180 178 172 171 170 170 171 171
179 182 185 187 190 192 196 198 198 198 199 200 202 202 203 204 203 203 204 203 204 205 204 203 204 202 203 202 202 202 202 202 201 201 200 200 199 198 199 199 199 197 194 193 194 194 194 192 192 193 191 190 190 187 186 185 184 186 186 185 183 181 174 174 172 171 170 171 171
183 186 189 191 193 195 198 201 202 202 202 203 204 204 205 205 205 205 205 205 207 207 205 205 204 205 205 204 204 203 203 202 202 202 202 201 201 201 200 198 195 197 198 196 196 195 195 194 192 192 191 190 191 189 187 187 186 186 185 181 180 177 175 174 172 171 169 170 170
186 189 193 196 197 198 200 203 205 203 204 204 205 205 205 206 206 206 206 206 207 206 206 206 206 206 206 206 205 204 205 204 203 203 201 203 202 201 200 200 199 198 198 197 198 197 196 195 193 192 191 191 192 189 188 188 187 186 184 183 181 179 176 175 173 181 170 169 169
189 192 195 199 200 202 203 205 207 207 207 206 206 206 207 207 206 206 207 207 207 208 207 207 208 208 207 207 204 206 207 206 203 205 204 200 203 203 200 199 197 199 199 198 198 199 197 196 194 191 192 192 192 191 190 190 192 190 186 184 182 180 177 187 187 176 182 184 185
192 195 198 203 205 206 207 205 205 205 205 206 207 208 208 209 208 209 209 209 209 210 211 209 209 209 209 207 208 208 207 206 206 207 206 206 205 202 204 203 201 201 200 200 199 199 201 199 198 195 193 194 194 193 192 194 194 192 191 190 184 181 179 190 190 187 187 187 188
194 198 202 204 203 203 204 205 205 206 208 208 211 210 211 210 210 210 210 210 212 212 212 212 211 210 207 209 207 206 207 207 207 207 201 208 205 206 206 204 201 202 201 201 201 201 202 202 200 198 196 196 197 197 197 196 195 195 193 191 189 183 191 194 191 192 189 190 192
195 200 202 202 203 204 205 206 207 207 210 211 211 211 211 213 211 213 213 214 212 212 212 212 211 210 208 208 207 207 206 207 204 207 208 208 204 204 207 203 204 203 203 203 203 202 204 205 205 202 199 199 199 200 200 200 199 199 195 194 190 195 195 196 191 195 189 190 196
197 199 200 202 203 204 206 211 213 214 214 215 214 213 213 214 214 215 211 213 213 213 212 211 210 209 206 206 205 205 206 206 210 208 209 209 207 208 206 206 205 206 203 205 204 204 204 208 208 209 203 202 203 203 203 203 203 202 202 201 199 198 201 201 198 200 200 199 198
198 201 203 205 207 206 208 211 213 215 216 216 216 214 213 213 212 214 213 212 212 212 212 209 209 207 206 204 204 205 205 206 208 208 210 210 210 210 208 208 208 207 207 207 206 207 205 209 212 212 207 206 206 206 207 208 206 206 205 202 203 205 206 204 203 202 201 201 198
201 201 206 208 209 210 208 208 212 213 214 214 213 213 213 213 213 212 212 210 212 211 208 209 208 207 205 205 205 207 206 206 208 208 211 211 207 207 211 209 210 209 209 209 209 206 210 209 211 215 215 209 209 210 210 210 211 210 209 209 209 209 212 205 205 204 203 201 200
200 202 204 209 210 209 208 208 212 212 212 214 214 214 215 215 215 214 213 210 211 211 208 209 204 209 208 206 207 208 209 210 209 210 211 208 213 210 211 209 210 211 211 211 211 211 212 212 213 216 218 217 212 213 215 212 213 214 214 212 209 211 213 212 209 208 207 206 206
203 204 206 206 207 209 211 211 212 214 214 214 215 214 215 213 216 214 212 206 211 210 211 208 211 212 210 209 209 208 210 211 210 210 212 214 211 215 214 213 212 210 212 213 212 213 214 215 215 216 218 219 220 219 220 215 220 219 218 220 219 217 215 214 213 212 210 209 208
203 205 206 207 208 209 212 214 215 214 215 215 216 215 215 215 216 215 213 213 212 211 213 213 214 212 212 208 211 211 212 213 213 213 213 215 216 216 215 215 213 215 215 212 215 216 216 217 217 218 218 219 219 221 221 220 223 224 223 223 222 220 218 215 214 212 212 212 211
205 206 206 207 208 212 213 213 213 214 216 216 215 216 217 215 216 214 214 212 214 212 213 215 216 215 214 213 214 215 214 214 215 215 215 216 217 217 217 218 217 217 216 215 217 218 218 218 219 219 219 219 219 219 219 225 223 224 225 224 223 222 221 218 214 215 213 209 209
207 208 207 208 209 210 212 212 213 215 215 216 215 216 217 217 215 217 214 214 216 215 215 216 217 217 216 216 216 216 215 216 216 217 217 218 216 219 218 219 217 219 218 218 216 219 220 220 221 221 221 221 220 220 222 221 224 225 225 225 225 223 218 215 216 213 214 213 211
208 209 210 209 210 210 212 212 213 212 214 214 217 218 219 219 217 218 218 217 217 217 215 217 217 218 218 220 219 218 218 218 218 218 219 221 220 221 221 221 220 221 219 219 220 221 222 221 222 222 222 222 222 221 221 222 225 225 227 226 223 223 219 217 217 215 215 214 213
210 212 212 212 212 212 213 213 213 213 213 214 216 218 219 220 219 220 219 219 219 220 219 219 219 219 222 223 223 220 221 220 220 219 222 221 221 223 222 222 222 223 222 222 223 223 223 224 224 224 224 223 223 223 223 223 226 225 228 226 224 223 220 219 218 216 214 215 213
211 212 213 214 214 215 215 215 215 215 215 216 216 218 219 221 220 219 220 222 220 222 221 221 221 221 222 224 226 226 225 223 222 222 221 220 223 224 223 224 224 224 224 224 224 225 225 225 225 225 225 224 224 224 225 226 228 229 229 226 228 224 223 221 219 218 217 216 214
210 213 215 215 217 217 217 217 217 217 217 218 217 220 222 222 222 219 221 223 224 222 225 223 222 223 223 225 227 227 228 226 228 225 223 224 224 225 225 225 226 225 225 226 226 226 226 226 226 226 226 226 225 226 225 228 227 224 229 228 228 227 225 223 220 221 217 216 215
212 213 215 216 217 218 219 221 219 219 220 221 219 220 223 220 220 221 226 227 226 226 227 225 225 226 227 227 229 229 230 229 227 228 227 225 223 226 226 226 226 226 227 227 228 228 228 227 228 227 228 227 227 227 227 227 227 226 230 228 228 225 228 225 221 224 210 218 215
215 214 215 217 218 218 220 221 223 222 223 223 221 222 222 221 222 225 225 229 230 229 230 229 228 228 230 228 229 228 228 229 228 228 228 227 227 225 226 227 228 228 229 228 228 228 228 228 228 228 228 228 228 229 229 229 228 228 230 227 222 228 227 228 227 225 218 219 210
