trunk/EcoCrop/data/climate/tmean_2.asc
NCOLS 660 
NROWS 360 
XLLCORNER -20 
YLLCORNER -30 
CELLSIZE 0.1666667 
NODATA_value -3.4e+38 
[rows 60 to 89 of 360, columns 276 to 344 of 660]
179 178 178 177 176 174 172 176 176 179 181 184 185 185 184 188 187 186 186 188 188 187 189 190 190 192 194 193 192 193 191 193 194 194 194 195 195 195 199 201 203 205 207 208 209 210 210 210 209 208 208 206 206 205 201 198 186 196 196 178 190 189 158 175 150 208 223 -3.4e+38 -3.4e+38
180 180 179 178 176 174 173 178 182 183 184 185 185 187 188 188 188 188 189 189 190 190 191 192 192 193 194 193 193 194 194 192 195 196 197 196 199 200 202 205 207 209 211 189 213 213 213 213 212 211 210 210 209 208 203 205 198 197 195 194 191 187 182 182 177 212 223 230 -3.4e+38
182 182 181 180 178 176 175 178 181 184 186 187 186 189 190 190 191 191 191 191 190 191 191 195 193 195 196 196 196 197 196 196 195 196 198 199 202 203 205 208 210 211 214 216 217 216 216 215 215 213 213 213 212 212 208 208 205 204 202 198 193 190 183 194 187 165 221 -3.4e+38 -3.4e+38
184 185 183 182 180 176 176 177 182 186 186 189 189 189 189 191 189 193 194 193 195 194 196 197 196 197 197 198 199 199 199 199 200 199 201 202 205 206 209 211 213 215 215 217 219 218 218 219 218 216 216 216 214 215 213 212 210 209 205 202 196 192 184 187 190 205 222 232 -3.4e+38
187 185 187 184 182 176 179 176 182 186 188 190 191 190 190 191 192 191 196 196 196 197 198 198 199 199 198 199 200 202 203 204 202 203 205 208 208 210 212 214 216 217 216 219 221 221 221 220 219 219 219 219 218 217 216 216 215 212 208 206 198 195 184 192 151 205 223 235 -3.4e+38
188 187 188 185 183 178 180 177 183 187 189 190 191 192 192 192 193 196 197 198 199 200 201 200 201 198 200 202 202 205 206 205 206 208 209 208 213 213 215 217 217 217 217 218 221 223 222 221 222 222 221 221 221 221 220 219 217 216 212 206 206 194 185 189 193 201 221 234 -3.4e+38
189 187 188 186 183 182 184 182 185 188 190 191 193 192 193 194 194 196 198 200 200 201 202 203 203 203 203 205 206 207 208 208 210 212 213 213 217 219 219 218 216 217 216 220 222 225 224 224 224 224 224 223 222 222 222 213 219 217 202 209 202 203 201 186 173 179 210 232 243
190 189 189 188 188 186 181 185 188 190 192 191 193 195 195 195 196 197 197 202 202 203 204 205 205 205 205 207 208 208 210 211 215 215 216 215 220 218 218 219 219 219 218 221 223 225 225 224 226 225 225 225 224 223 223 223 221 219 217 215 210 213 206 176 186 177 155 228 241
192 191 190 190 189 189 186 186 189 190 192 193 193 195 197 197 198 198 200 203 204 204 205 207 207 207 208 210 211 210 211 213 217 219 219 221 221 220 220 219 219 219 211 220 223 225 227 227 227 227 228 227 227 226 227 225 224 221 222 222 221 221 218 207 198 183 166 199 240
194 192 191 191 192 190 187 185 190 191 191 192 193 197 199 199 202 203 204 203 204 206 206 206 208 209 210 213 215 214 216 215 219 221 224 224 223 221 221 212 219 219 219 222 224 226 229 228 228 228 229 230 230 230 230 229 227 227 226 225 228 230 227 218 207 191 172 222 238
195 194 194 196 192 190 186 186 186 191 193 192 196 198 201 202 203 205 204 205 205 206 208 209 210 211 212 215 217 216 219 218 222 224 226 226 223 224 223 222 219 218 219 222 225 226 229 231 231 231 232 232 232 232 231 231 230 231 230 230 231 232 232 222 209 190 185 226 233
196 196 196 197 196 192 189 187 191 196 198 197 199 199 200 201 203 203 203 205 204 208 209 210 211 212 216 216 218 221 221 222 225 226 225 227 224 225 224 224 223 217 219 223 225 227 230 232 233 233 233 233 234 234 234 234 234 235 236 233 234 234 231 220 216 169 200 227 234
197 197 196 196 194 197 194 193 198 199 201 202 201 202 203 203 202 202 204 206 207 207 209 212 214 216 216 217 218 222 223 225 226 227 228 228 227 225 224 222 222 221 224 223 226 228 230 233 234 234 234 235 236 236 237 237 239 240 240 240 239 235 232 230 222 211 227 237 245
199 196 195 195 198 197 201 201 200 203 202 204 204 206 207 207 207 208 209 210 211 212 214 215 216 216 216 217 222 221 222 225 226 226 228 229 227 227 228 228 227 221 225 226 227 230 232 234 235 235 237 237 238 238 239 241 242 242 242 244 241 237 236 234 230 224 244 224 249
200 198 196 199 202 202 203 204 204 205 206 206 207 206 209 210 210 210 211 213 214 214 213 214 213 214 219 222 222 221 222 222 225 227 229 228 229 230 228 230 231 230 228 229 231 233 234 236 236 237 237 239 239 240 242 243 244 239 247 248 248 244 241 242 235 251 245 253 250
201 200 201 201 202 204 205 204 203 207 206 208 208 210 210 212 213 213 214 215 214 215 215 213 212 216 222 220 217 220 221 222 227 228 229 227 225 229 229 230 230 232 232 232 235 236 236 236 237 238 239 240 242 243 244 245 246 247 248 249 248 244 244 250 242 235 249 248 251
203 204 203 205 205 204 205 204 207 208 208 208 209 212 212 212 213 214 216 215 213 214 212 211 212 218 224 222 216 219 219 224 227 230 229 225 224 228 228 228 229 232 230 233 236 237 238 236 237 240 241 242 243 244 245 246 248 249 249 250 250 248 247 253 246 242 243 245 250
204 204 203 203 206 205 202 203 206 208 209 207 211 212 214 215 213 215 217 215 215 212 212 212 214 223 224 223 214 216 220 224 229 231 230 228 227 228 228 227 229 232 232 234 236 239 237 237 239 240 242 243 244 245 246 247 249 250 250 251 251 249 251 254 247 240 216 244 251
204 203 200 203 204 205 198 203 206 208 209 210 212 213 215 215 215 216 217 214 215 212 222 223 225 225 223 224 218 214 219 225 229 232 232 230 229 229 229 228 230 232 236 239 240 241 241 238 239 242 243 244 244 245 245 247 249 249 251 252 251 249 252 253 247 240 238 248 252
203 202 200 201 204 206 196 203 205 208 210 212 213 215 215 217 217 218 218 211 211 222 223 224 222 223 226 225 225 220 219 226 223 232 234 233 231 230 231 232 235 235 236 239 243 243 241 241 242 242 243 244 245 246 247 248 248 250 250 251 252 251 251 251 246 241 245 252 253
203 198 199 201 201 206 198 203 206 209 211 213 214 215 216 218 219 220 220 209 223 224 224 224 214 218 227 223 224 215 220 226 227 232 234 235 233 231 232 231 235 238 239 241 241 243 241 242 242 243 244 245 245 246 247 247 248 249 250 251 251 251 252 250 246 246 251 254 254
200 200 199 200 203 207 198 204 206 209 211 214 214 217 218 220 221 222 223 224 225 225 225 225 221 222 226 225 223 222 222 226 227 232 235 235 233 231 232 235 238 238 239 241 237 240 241 242 242 244 245 245 246 246 247 247 248 249 249 250 251 251 251 250 247 241 251 255 254
197 194 197 201 204 207 201 202 205 209 212 214 216 218 220 221 223 224 224 223 224 227 226 225 223 224 223 222 222 220 222 227 227 233 235 236 233 231 233 236 236 236 236 239 236 237 240 242 243 244 245 246 246 247 247 247 248 248 249 249 250 251 252 251 249 246 252 257 258
195 193 199 203 203 207 197 200 205 208 213 215 216 219 221 223 224 222 223 223 224 227 228 228 226 226 223 220 218 218 223 227 230 234 237 237 234 231 233 237 235 233 234 237 235 235 237 241 242 242 244 246 247 247 247 248 248 248 249 249 249 251 252 251 250 252 255 257 259
189 198 203 202 201 206 207 206 206 209 213 214 217 221 223 224 226 224 223 222 224 227 228 228 228 227 226 224 221 220 226 228 229 235 238 237 235 232 234 237 237 235 235 235 234 233 237 241 242 241 244 245 247 247 248 248 248 249 249 249 249 250 253 250 249 251 254 258 261
197 202 204 199 201 201 206 207 206 209 211 216 219 222 224 226 227 225 222 222 225 226 229 228 227 229 227 225 222 224 229 232 234 236 238 238 236 235 236 238 239 239 238 238 237 236 237 241 242 242 244 246 246 247 248 248 249 249 249 250 251 253 255 252 248 249 251 257 261
199 204 204 200 197 200 203 208 206 205 212 217 222 223 225 227 228 226 224 221 223 226 230 230 231 229 227 225 227 222 229 234 237 239 240 237 239 241 243 248 244 241 239 239 238 239 238 241 243 242 245 245 246 247 248 248 249 250 251 253 254 257 259 256 247 250 248 255 261
202 198 183 176 191 200 204 207 205 208 211 216 221 224 227 227 228 227 223 220 222 227 231 233 228 231 230 228 225 226 229 231 235 240 241 239 239 242 247 248 245 242 240 240 239 241 242 242 243 244 245 246 246 247 249 249 250 251 254 256 258 260 262 260 243 244 244 237 258
201 196 184 161 182 203 205 207 206 212 212 219 221 224 227 229 228 228 224 222 222 228 231 233 230 231 228 226 228 230 231 234 237 241 242 242 242 242 246 246 244 242 240 240 240 243 243 245 245 246 247 247 247 248 250 251 252 254 257 260 262 262 263 262 247 255 252 247 254
201 200 196 205 203 210 209 207 209 210 213 217 219 225 228 229 229 230 226 225 226 230 232 233 235 233 227 232 232 233 235 236 238 239 241 242 242 244 247 246 244 242 239 241 243 243 245 246 247 248 249 249 249 249 251 253 256 258 262 265 265 264 263 262 260 254 252 250 247
