trunk/EcoCrop/data/climate/tmean_6.asc
NCOLS 660 
NROWS 360 
XLLCORNER -20 
YLLCORNER -30 
CELLSIZE 0.1666667 
NODATA_value -3.4e+38 
[rows 240 to 269 of 360, columns 207 to 275 of 660]
214 212 196 191 187 196 189 191 185 178 186 187 189 189 189 189 187 187 184 184 183 184 190 194 199 196 195 186 189 186 189 191 193 201 202 197 198 201 199 198 199 203 203 203 204 206 210 206 207 209 208 210 207 204 206 203 200 198 197 198 201 206 198 198 199 207 175 162 163
212 200 197 192 189 193 172 185 182 179 185 188 188 188 189 189 189 187 188 184 185 179 184 191 192 187 191 196 187 184 186 187 190 193 195 195 195 195 195 195 196 197 199 201 203 204 209 207 205 204 209 206 203 202 201 195 196 196 193 194 194 203 193 194 191 194 174 156 155
208 198 190 191 184 182 173 165 180 171 183 186 184 186 186 187 187 186 187 187 186 183 187 189 180 184 187 189 188 180 184 185 186 187 194 190 191 196 194 192 194 193 196 199 201 202 205 206 203 203 204 202 200 196 193 191 189 192 192 190 191 195 189 191 190 185 177 157 160
206 194 191 191 188 183 182 168 168 162 170 182 186 185 185 185 186 187 185 187 181 185 176 181 187 183 183 185 188 179 180 182 183 185 186 187 189 188 189 189 189 191 193 196 199 204 203 202 199 199 200 194 195 195 193 192 190 185 185 186 191 193 190 188 184 179 179 174 164
204 202 196 186 186 175 179 169 164 161 163 182 179 185 185 184 185 182 185 185 183 178 179 176 180 185 180 182 179 176 178 179 181 184 184 185 186 186 186 187 191 189 191 195 196 198 200 201 196 195 195 194 190 190 186 187 188 184 184 180 181 184 185 186 175 174 176 175 166
186 202 197 191 184 180 169 162 163 161 166 178 179 182 183 178 185 183 184 184 183 178 173 176 183 181 180 181 175 174 175 179 180 180 181 182 184 185 184 185 186 188 191 191 193 195 194 194 191 190 188 185 184 182 180 182 179 178 177 179 177 177 180 177 174 172 171 172 163
209 205 197 189 176 175 175 160 162 164 161 165 167 181 180 179 175 178 181 183 181 178 179 173 176 180 177 174 174 172 174 176 177 178 179 181 181 184 182 184 185 186 187 188 189 190 189 188 187 185 183 182 181 180 178 179 176 178 175 174 171 176 178 174 173 170 171 166 163
215 211 197 184 177 173 169 157 159 158 158 162 171 169 180 164 172 179 179 182 181 178 171 172 174 177 171 172 172 174 178 176 180 181 180 180 180 182 182 182 183 184 184 185 185 186 185 185 183 182 181 179 178 179 179 178 176 173 170 167 167 168 167 167 166 168 167 163 159
212 222 198 179 175 172 173 165 158 155 166 169 166 168 170 167 173 177 179 181 180 174 170 171 174 169 170 169 173 174 178 173 177 177 177 178 180 180 181 181 181 181 182 182 182 181 182 180 180 179 177 175 175 179 177 175 171 160 162 163 162 163 164 164 162 159 162 162 158
216 212 200 187 179 175 173 170 162 159 163 160 166 159 162 161 173 179 179 180 178 177 174 175 166 169 169 169 168 171 171 174 173 175 177 178 178 180 179 179 179 179 179 179 179 179 178 176 176 176 176 175 175 175 175 175 170 165 159 158 165 161 162 158 158 159 160 158 157
210 206 184 188 181 178 169 171 157 160 165 163 163 159 160 161 173 180 179 175 175 169 169 164 167 170 166 168 173 174 172 173 172 176 180 175 178 178 178 178 177 177 176 176 176 176 175 175 174 174 174 174 172 172 170 170 165 158 160 160 159 158 155 158 155 159 156 155 154
210 191 183 172 179 174 169 160 160 163 161 160 163 158 157 162 171 178 178 175 168 162 161 160 167 165 168 167 168 167 172 171 172 172 173 178 175 178 178 176 175 174 174 173 172 172 172 171 171 171 169 171 169 168 167 164 161 155 160 161 158 160 155 155 159 155 159 156 153
204 199 178 178 178 176 170 169 166 157 159 155 158 155 156 166 171 180 180 174 166 159 158 161 164 163 165 171 171 169 170 169 170 171 172 174 177 177 177 175 174 172 171 170 169 168 168 168 168 170 168 168 160 164 151 156 156 158 159 161 158 161 159 161 160 159 158 158 149
199 159 166 174 176 165 169 169 167 162 154 156 155 152 155 165 172 180 176 172 164 162 160 159 157 160 166 171 168 173 174 170 174 171 175 175 173 176 175 174 172 170 169 167 166 165 164 165 165 167 168 168 165 156 162 162 155 159 161 160 154 159 158 165 163 158 158 155 151
189 189 186 169 169 143 169 169 163 158 156 154 152 154 155 165 173 175 173 170 164 162 161 159 164 168 164 163 166 170 172 176 178 177 171 173 173 175 174 172 169 167 166 164 163 161 161 162 163 164 165 164 166 160 162 162 163 161 157 166 157 162 166 163 159 160 157 157 153
185 169 169 174 163 164 164 165 157 152 152 156 155 156 159 162 171 173 171 167 164 163 161 161 166 170 172 170 175 174 177 176 173 175 178 178 171 173 172 170 167 165 163 161 160 158 157 157 159 160 164 165 163 163 162 169 162 162 160 164 166 166 163 162 162 162 161 157 156
187 173 176 176 161 150 160 161 157 153 155 154 156 156 159 165 169 169 168 167 164 165 159 159 164 166 170 168 178 170 171 172 181 173 172 175 175 174 171 169 166 164 161 159 157 155 154 152 155 160 160 159 165 169 169 167 168 168 169 167 165 163 167 163 164 161 159 158 154
163 183 155 153 168 165 158 163 160 158 157 157 157 157 162 167 170 165 170 168 163 164 160 166 162 164 169 171 172 170 177 174 175 176 179 173 171 170 168 167 165 162 160 158 156 153 151 150 154 162 165 167 172 171 176 171 171 168 168 164 165 166 165 162 162 159 156 156 155
186 182 175 160 160 159 160 164 160 160 159 161 160 157 161 167 167 168 167 168 162 162 163 164 168 165 171 171 175 176 179 180 186 179 177 172 171 168 167 166 164 162 159 157 155 154 153 153 158 166 171 176 177 176 175 176 171 171 169 168 167 168 163 161 158 157 154 153 150
188 181 169 152 158 157 162 161 162 160 159 163 161 159 162 167 167 166 165 163 162 159 162 167 167 165 170 175 176 184 179 183 183 182 181 177 171 172 167 163 161 160 159 157 156 155 155 157 162 168 175 180 183 181 178 176 174 172 170 169 166 162 162 160 159 158 155 152 152
171 146 159 158 155 158 162 159 161 158 161 164 160 161 163 165 167 164 166 161 164 159 163 161 166 165 169 174 183 185 183 189 185 189 177 175 173 171 167 163 160 159 158 157 156 157 158 161 165 171 177 185 187 184 180 177 175 171 168 168 164 161 164 160 159 156 155 152 152
139 151 156 152 152 159 161 161 160 155 158 164 161 160 163 161 160 164 161 161 160 163 165 165 170 168 169 180 183 180 189 188 186 184 178 180 174 166 164 161 158 157 157 157 158 158 161 164 168 173 177 185 190 185 181 178 175 171 170 166 164 161 160 162 159 157 156 155 152
145 150 156 155 156 161 159 158 156 158 157 163 159 161 162 160 159 161 158 157 158 161 167 169 171 173 171 177 183 186 190 190 193 188 182 177 170 165 162 159 156 155 155 157 158 161 163 166 169 174 178 181 184 183 181 178 174 175 167 164 162 161 161 160 159 158 158 154 155
153 154 154 151 159 159 159 159 157 156 157 159 158 159 160 155 159 154 154 157 154 161 160 165 165 171 169 171 175 187 182 184 188 181 182 179 168 165 160 158 154 153 154 156 159 161 164 167 171 174 178 181 183 182 180 178 174 171 171 166 164 165 162 161 159 157 160 160 159
152 154 159 156 157 160 163 162 160 155 156 159 158 157 160 155 155 155 155 156 158 159 156 162 168 167 168 172 174 183 179 184 181 179 177 171 168 169 166 157 155 152 153 156 160 163 165 169 172 175 178 180 182 181 181 177 174 171 168 165 163 164 159 159 157 158 158 160 159
154 156 156 160 156 160 162 161 160 157 158 157 155 159 156 154 154 152 151 152 151 154 157 162 161 167 167 171 174 180 179 179 180 176 172 169 170 163 164 158 154 154 155 159 161 164 167 170 173 176 178 180 181 180 179 177 174 171 167 163 161 160 158 159 158 158 158 160 160
152 157 154 160 161 163 159 159 159 155 160 155 156 159 156 153 151 150 148 149 151 152 155 158 163 163 169 170 176 174 174 175 176 177 171 169 164 163 159 158 156 155 156 161 163 166 168 171 174 176 178 180 180 180 179 178 176 174 167 163 160 158 155 158 154 156 153 155 158
151 153 157 160 158 157 158 158 157 157 158 159 158 156 157 154 150 148 145 145 148 151 154 158 159 162 164 167 169 171 172 177 172 170 168 166 164 161 159 161 157 157 158 160 164 167 170 172 175 177 180 181 181 180 180 178 174 170 168 163 162 157 157 155 156 154 152 157 157
148 152 154 160 160 161 159 160 158 159 159 159 160 156 160 154 151 149 145 146 148 153 154 156 158 163 163 166 167 169 170 169 174 169 166 164 167 162 159 157 159 158 160 162 166 168 171 173 176 178 181 182 182 181 180 176 174 169 169 163 160 157 157 155 154 153 155 156 157
146 151 155 162 164 163 165 163 161 163 159 162 161 158 162 153 151 152 150 151 151 154 154 157 161 164 164 164 168 168 167 168 167 165 164 163 165 163 163 158 160 159 161 163 166 169 172 174 177 179 182 183 183 182 180 176 174 169 166 163 160 157 156 157 154 152 155 156 157
