trunk/EcoCrop/data/climate/tmean_7.asc
NCOLS 660 
NROWS 360 
XLLCORNER -20 
YLLCORNER -30 
CELLSIZE 0.1666667 
NODATA_value -3.4e+38 
[rows 120 to 149 of 360, columns 276 to 344 of 660]
267 268 268 268 268 269 269 269 269 269 269 269 269 269 269 269 269 269 269 268 268 268 267 266 266 266 265 264 265 265 264 264 264 264 264 265 265 265 264 264 263 263 262 261 260 259 257 254 253 249 242 203 204 206 199 213 225 221 228 221 215 158 161 160 166 170 150 196 206
266 266 266 268 268 268 268 268 268 268 268 268 268 268 268 268 268 268 268 268 267 267 267 266 266 266 265 265 264 264 264 264 263 263 264 264 264 264 264 263 263 262 261 260 259 259 256 249 242 245 215 193 200 198 189 186 205 186 231 222 201 161 170 175 194 173 143 157 193
264 264 266 267 267 267 267 267 267 267 267 267 268 268 268 268 268 268 267 267 267 266 266 266 266 265 265 265 264 264 264 263 263 263 263 263 263 263 263 263 262 261 261 260 259 259 256 246 217 222 215 200 201 200 196 187 178 171 208 212 223 223 206 195 199 176 141 157 175
263 263 264 265 265 265 265 266 266 266 266 267 267 267 267 267 267 267 267 267 266 266 266 266 265 265 264 264 264 263 263 263 263 263 262 263 263 263 262 262 261 261 260 259 259 258 256 252 229 193 188 191 178 199 191 185 181 173 200 211 211 200 202 202 199 158 136 155 158
260 261 262 262 263 264 264 265 265 265 266 266 266 267 267 267 267 267 267 266 266 265 265 265 265 264 264 263 263 263 263 262 262 262 262 262 263 263 262 261 261 260 259 259 258 257 256 254 251 240 223 183 200 200 196 191 191 189 177 184 215 199 186 190 184 175 163 159 177
261 260 261 263 262 263 263 264 264 264 265 265 266 266 266 266 266 266 266 266 266 265 265 264 264 264 263 263 263 262 262 262 262 262 262 262 262 262 261 261 260 259 259 258 258 257 256 254 236 206 227 193 198 193 190 190 189 184 187 181 206 203 180 159 161 177 188 166 140
260 262 261 260 261 262 260 263 263 264 264 265 265 265 266 266 266 266 266 266 265 265 264 264 263 263 262 262 262 262 262 261 261 261 262 261 262 262 261 260 260 259 258 258 257 257 256 255 250 246 234 203 182 190 193 194 190 189 183 193 188 175 187 173 193 175 185 192 183
259 258 259 258 261 261 260 261 263 263 264 264 265 265 265 265 265 265 266 265 265 264 264 263 263 262 262 262 261 261 261 261 261 261 261 261 261 261 260 260 259 258 257 257 257 257 256 255 254 245 249 202 168 202 202 209 197 191 188 171 191 172 206 166 195 194 187 186 163
259 257 257 258 261 259 258 261 261 262 263 264 264 264 265 265 265 265 265 265 265 264 263 262 262 261 261 261 261 261 261 261 261 261 261 261 261 261 260 259 259 258 257 257 256 256 256 255 254 255 250 201 180 197 210 201 193 188 184 172 169 185 204 207 206 199 186 192 183
257 253 255 258 257 258 258 260 260 261 262 264 264 264 264 264 264 265 265 265 264 263 262 262 261 261 260 260 260 260 260 260 260 260 261 260 260 260 260 260 259 258 258 257 257 256 256 255 255 256 257 225 213 205 215 216 191 191 190 194 181 182 179 191 207 198 198 168 196
252 254 256 257 253 258 257 258 260 261 260 263 264 264 264 264 264 264 264 263 263 262 262 261 260 260 260 260 260 260 260 260 260 260 260 260 260 260 260 260 259 259 258 258 257 256 256 255 255 257 262 269 260 228 223 183 186 186 184 174 181 160 167 177 206 196 196 140 198
252 254 256 254 252 253 255 260 260 260 261 262 263 263 263 263 263 262 262 262 262 261 261 260 260 259 259 259 259 259 259 259 260 260 260 260 260 260 260 260 260 260 259 259 258 257 256 256 255 257 259 259 259 240 174 201 175 174 175 160 164 165 186 196 204 195 191 181 202
249 252 254 254 251 251 255 258 259 258 262 261 261 262 263 262 262 261 261 261 261 261 260 260 259 259 259 259 259 259 259 259 259 259 259 259 260 260 260 260 260 261 260 259 258 258 257 257 256 258 259 260 257 238 165 197 185 182 169 158 163 174 168 196 195 193 181 189 188
250 250 251 252 250 254 254 259 258 259 258 261 261 260 261 261 260 260 260 260 260 260 260 259 259 259 259 259 258 258 258 258 259 259 259 259 260 260 260 260 261 261 261 260 259 258 257 257 257 258 256 256 252 201 167 181 154 180 170 155 137 170 174 166 175 178 187 192 183
249 248 251 251 252 254 254 254 258 255 258 259 260 257 259 259 259 258 258 259 259 259 259 259 259 258 258 258 258 258 258 258 258 259 259 259 259 260 260 260 261 261 261 260 260 259 258 258 258 257 254 253 248 251 221 159 172 157 161 184 186 192 183 152 184 182 185 165 190
247 246 250 250 249 254 253 254 255 256 258 256 258 258 257 256 257 257 257 258 258 258 258 258 258 258 258 258 257 257 258 258 258 258 259 259 259 259 260 260 261 261 261 260 260 259 259 258 258 257 256 257 249 242 235 207 144 146 155 173 183 183 204 194 152 182 167 133 229
242 246 248 247 250 252 251 252 254 255 255 256 258 253 255 254 254 255 256 257 257 258 258 258 258 257 257 257 257 257 257 257 258 258 258 258 259 259 260 260 260 260 261 260 260 259 259 259 258 256 254 251 253 249 237 207 205 205 182 174 158 189 143 165 209 213 213 185 236
239 244 247 247 248 249 252 253 254 256 253 253 253 254 252 255 253 254 255 256 257 257 257 257 257 257 257 257 257 257 257 257 257 258 258 258 259 259 259 260 260 260 260 260 260 260 259 258 258 258 256 252 246 236 239 210 197 191 184 201 178 199 178 177 175 196 176 189 213
239 244 242 246 247 249 250 254 252 251 251 254 252 251 252 252 250 252 254 255 256 257 257 257 257 257 256 256 256 257 257 257 257 257 258 258 258 259 259 260 260 260 260 260 260 260 259 259 257 256 256 253 247 218 208 230 223 167 167 221 223 209 210 214 228 177 173 169 225
238 239 242 244 246 247 250 249 251 249 251 252 251 250 252 251 252 250 251 253 254 256 256 256 256 256 255 256 256 256 256 256 257 257 257 258 258 258 259 259 260 260 260 260 260 260 260 258 257 256 256 255 251 242 165 215 222 203 177 180 235 219 243 229 212 202 200 248 175
239 241 242 245 248 247 248 250 247 245 250 250 249 248 251 250 250 251 252 253 253 252 254 255 255 255 256 253 254 254 256 256 256 257 257 257 258 258 259 259 259 260 260 260 260 260 260 259 258 256 254 249 251 252 241 234 196 192 207 220 247 209 184 242 123 229 223 188 168
240 241 243 245 245 248 246 246 245 246 246 251 247 247 250 247 248 248 249 251 250 253 253 253 254 255 255 255 253 253 255 256 256 256 257 257 258 258 258 259 259 259 260 260 260 260 260 259 258 256 252 246 248 243 242 234 236 216 219 221 255 248 243 140 202 169 231 230 188
240 241 239 239 244 246 245 245 244 245 247 246 246 246 249 247 244 248 249 249 250 251 251 252 252 252 254 255 255 254 256 256 256 256 256 257 258 258 258 259 259 259 259 259 260 260 260 258 257 250 245 221 235 243 216 186 219 181 219 258 254 208 241 205 144 212 197 222 130
240 239 237 240 241 243 243 245 243 244 246 246 241 244 247 247 245 247 246 248 249 248 251 252 251 252 251 253 255 255 256 256 256 256 257 257 258 258 258 258 259 259 259 259 259 259 260 259 258 257 242 220 232 219 213 202 213 165 235 260 258 244 250 195 121 223 221 144 166
240 239 238 237 238 240 241 242 241 242 245 246 241 243 244 244 243 243 245 245 248 248 248 248 249 253 251 252 252 252 255 256 257 257 257 257 258 258 258 258 258 258 258 259 259 259 259 259 257 258 255 248 233 226 224 213 237 235 239 245 258 249 246 188 223 189 223 189 199
239 237 239 240 240 240 238 240 243 242 243 246 243 240 243 244 243 240 242 243 244 246 244 247 247 250 250 252 252 253 254 255 257 257 258 258 258 258 258 258 258 258 258 258 258 259 259 259 259 259 257 255 215 235 229 212 244 252 252 263 251 233 255 201 141 210 245 225 212
236 239 239 237 239 237 236 236 240 241 242 243 242 238 241 239 241 241 240 241 243 244 244 245 245 249 247 249 253 252 254 255 255 258 258 258 258 258 258 258 257 257 257 257 258 258 259 260 260 259 259 258 209 221 239 217 244 258 244 264 229 267 248 217 193 253 241 148 209
241 240 240 237 238 235 236 233 237 240 239 241 242 238 238 238 239 241 240 241 241 241 243 242 243 245 248 249 252 251 252 255 256 257 258 258 258 258 257 257 257 257 256 256 257 257 258 259 260 260 259 256 245 247 251 242 252 262 265 268 267 267 241 207 243 248 245 201 214
241 240 238 237 236 236 237 235 235 238 238 238 238 237 233 236 237 239 236 237 238 239 240 240 240 245 246 247 249 249 251 254 255 257 258 258 258 257 257 257 256 256 255 255 255 255 256 257 259 261 261 253 255 253 260 258 256 265 268 269 268 268 235 216 205 258 254 210 210
236 240 239 239 237 238 237 235 234 236 237 235 237 238 238 236 235 236 237 235 236 233 237 237 236 241 244 244 247 250 250 253 256 257 258 257 257 256 256 256 256 255 254 253 253 252 252 255 255 259 261 262 262 262 264 264 267 269 272 270 272 262 236 226 200 259 239 208 209
