trunk/EcoCrop/data/climate/tmean_3.asc
NCOLS 660 
NROWS 360 
XLLCORNER -20 
YLLCORNER -30 
CELLSIZE 0.1666667 
NODATA_value -3.4e+38 
[rows 90 to 119 of 360, columns 345 to 413 of 660]
263 265 266 266 261 238 214 201 211 213 202 179 222 235 271 272 276 277 277 -3.4e+38 -3.4e+38 -3.4e+38 -3.4e+38 -3.4e+38 -3.4e+38 -3.4e+38 -3.4e+38 -3.4e+38 -3.4e+38 -3.4e+38 -3.4e+38 -3.4e+38 -3.4e+38 271 270 261 255 239 226 206 142 165 178 192 167 168 174 205 182 208 208 208 208 211 211 209 205 198 175 192 187 183 178 175 177 175 171 178 214
268 268 271 271 257 254 230 206 218 226 220 171 183 215 274 281 280 275 278 -3.4e+38 -3.4e+38 -3.4e+38 -3.4e+38 -3.4e+38 -3.4e+38 -3.4e+38 -3.4e+38 -3.4e+38 -3.4e+38 -3.4e+38 -3.4e+38 -3.4e+38 -3.4e+38 272 272 271 236 201 214 162 173 163 149 168 169 190 181 158 164 182 181 181 199 200 206 204 194 182 171 183 192 198 192 197 155 165 161 156 173
273 275 276 268 270 262 224 237 237 231 222 190 186 196 266 288 287 283 280 274 277 279 -3.4e+38 -3.4e+38 -3.4e+38 -3.4e+38 -3.4e+38 -3.4e+38 -3.4e+38 -3.4e+38 -3.4e+38 -3.4e+38 -3.4e+38 275 275 276 243 186 217 176 178 160 146 156 164 180 164 161 168 167 198 202 202 198 202 197 185 199 176 202 185 204 201 221 224 211 198 191 208
278 281 282 270 240 226 235 248 218 208 214 172 196 186 280 239 292 288 282 268 268 273 276 -3.4e+38 -3.4e+38 -3.4e+38 -3.4e+38 -3.4e+38 -3.4e+38 -3.4e+38 -3.4e+38 -3.4e+38 -3.4e+38 279 279 277 266 226 202 225 179 162 149 159 163 168 166 162 187 162 186 188 185 188 193 188 183 205 210 219 228 221 196 202 217 237 200 226 248
283 283 286 268 233 226 228 226 195 187 173 136 152 203 248 246 295 293 289 277 265 263 270 281 -3.4e+38 -3.4e+38 -3.4e+38 -3.4e+38 -3.4e+38 -3.4e+38 -3.4e+38 -3.4e+38 -3.4e+38 284 284 283 255 253 219 233 185 136 159 134 167 171 163 158 168 159 169 170 158 173 163 170 167 202 215 213 235 239 225 229 212 226 249 248 -3.4e+38
291 289 283 271 220 198 206 203 212 185 215 190 156 141 248 266 293 296 294 284 265 257 257 277 283 -3.4e+38 -3.4e+38 -3.4e+38 -3.4e+38 -3.4e+38 -3.4e+38 -3.4e+38 -3.4e+38 -3.4e+38 286 285 255 265 236 183 158 143 177 167 175 178 172 157 155 148 153 145 149 194 187 203 220 198 222 212 202 248 253 256 249 248 255 256 -3.4e+38
290 288 286 266 249 248 251 221 226 244 234 200 173 147 231 266 293 297 296 293 281 247 246 275 281 285 -3.4e+38 -3.4e+38 -3.4e+38 -3.4e+38 -3.4e+38 286 -3.4e+38 -3.4e+38 288 286 279 257 234 209 203 199 211 171 173 175 161 150 143 138 209 215 215 227 236 236 223 226 237 246 250 -3.4e+38 -3.4e+38 -3.4e+38 -3.4e+38 -3.4e+38 -3.4e+38 -3.4e+38 -3.4e+38
288 286 282 287 289 278 251 258 213 240 181 194 204 171 257 271 292 298 286 292 290 273 253 268 266 273 280 -3.4e+38 -3.4e+38 -3.4e+38 -3.4e+38 284 -3.4e+38 -3.4e+38 -3.4e+38 287 265 243 238 230 225 205 227 201 198 196 165 191 198 210 206 212 223 235 242 241 238 239 245 251 -3.4e+38 -3.4e+38 -3.4e+38 -3.4e+38 -3.4e+38 -3.4e+38 -3.4e+38 -3.4e+38 -3.4e+38
279 286 264 274 274 241 237 247 253 166 196 216 181 226 255 272 289 298 288 281 295 289 280 260 245 252 273 278 286 -3.4e+38 -3.4e+38 -3.4e+38 -3.4e+38 -3.4e+38 -3.4e+38 287 275 261 246 206 238 210 229 222 231 219 219 193 229 213 202 199 210 240 248 252 252 254 -3.4e+38 -3.4e+38 -3.4e+38 -3.4e+38 -3.4e+38 -3.4e+38 -3.4e+38 -3.4e+38 -3.4e+38 -3.4e+38 -3.4e+38
259 266 264 232 159 213 252 273 258 245 222 211 173 228 197 266 273 296 296 291 296 288 287 276 249 227 266 278 286 -3.4e+38 -3.4e+38 -3.4e+38 -3.4e+38 -3.4e+38 -3.4e+38 284 276 255 245 198 238 243 248 249 248 234 251 250 241 255 256 257 -3.4e+38 -3.4e+38 -3.4e+38 -3.4e+38 -3.4e+38 -3.4e+38 -3.4e+38 -3.4e+38 -3.4e+38 -3.4e+38 -3.4e+38 -3.4e+38 -3.4e+38 -3.4e+38 -3.4e+38 -3.4e+38 -3.4e+38
258 254 237 108 96 71 205 269 241 244 172 197 193 226 235 264 269 289 294 296 298 274 290 282 238 248 269 278 283 -3.4e+38 -3.4e+38 -3.4e+38 -3.4e+38 -3.4e+38 -3.4e+38 283 275 264 243 225 234 217 255 259 251 259 260 257 -3.4e+38 -3.4e+38 -3.4e+38 -3.4e+38 -3.4e+38 -3.4e+38 -3.4e+38 -3.4e+38 -3.4e+38 -3.4e+38 -3.4e+38 -3.4e+38 -3.4e+38 -3.4e+38 -3.4e+38 -3.4e+38 -3.4e+38 -3.4e+38 -3.4e+38 -3.4e+38 -3.4e+38
238 232 164 142 107 144 256 269 258 246 237 192 164 169 236 265 263 286 283 289 276 287 289 289 246 272 271 255 269 269 283 -3.4e+38 -3.4e+38 -3.4e+38 -3.4e+38 284 276 261 253 254 244 259 253 266 267 267 262 -3.4e+38 -3.4e+38 -3.4e+38 -3.4e+38 -3.4e+38 -3.4e+38 -3.4e+38 -3.4e+38 -3.4e+38 -3.4e+38 -3.4e+38 -3.4e+38 -3.4e+38 -3.4e+38 -3.4e+38 -3.4e+38 -3.4e+38 -3.4e+38 -3.4e+38 -3.4e+38 -3.4e+38 -3.4e+38
242 148 218 238 148 229 260 241 233 236 205 157 152 228 246 263 281 280 232 282 289 291 286 289 288 284 271 259 264 264 281 288 287 -3.4e+38 -3.4e+38 -3.4e+38 277 269 266 265 268 266 266 271 270 268 -3.4e+38 -3.4e+38 -3.4e+38 -3.4e+38 -3.4e+38 -3.4e+38 -3.4e+38 -3.4e+38 -3.4e+38 -3.4e+38 -3.4e+38 -3.4e+38 -3.4e+38 -3.4e+38 -3.4e+38 -3.4e+38 -3.4e+38 -3.4e+38 -3.4e+38 -3.4e+38 -3.4e+38 -3.4e+38 -3.4e+38
138 147 227 242 256 260 228 228 230 232 210 145 203 227 231 254 281 276 266 276 282 288 284 275 278 284 263 258 260 265 272 280 284 284 -3.4e+38 -3.4e+38 281 278 274 272 273 274 -3.4e+38 -3.4e+38 -3.4e+38 -3.4e+38 -3.4e+38 -3.4e+38 -3.4e+38 -3.4e+38 -3.4e+38 -3.4e+38 -3.4e+38 -3.4e+38 -3.4e+38 -3.4e+38 -3.4e+38 -3.4e+38 -3.4e+38 -3.4e+38 -3.4e+38 -3.4e+38 -3.4e+38 -3.4e+38 -3.4e+38 -3.4e+38 -3.4e+38 -3.4e+38 -3.4e+38
189 220 228 231 230 240 245 207 202 192 205 183 213 221 234 250 280 269 273 272 266 273 283 271 273 280 266 255 256 252 256 267 272 279 -3.4e+38 -3.4e+38 -3.4e+38 -3.4e+38 -3.4e+38 -3.4e+38 -3.4e+38 -3.4e+38 -3.4e+38 -3.4e+38 -3.4e+38 -3.4e+38 -3.4e+38 -3.4e+38 -3.4e+38 -3.4e+38 -3.4e+38 -3.4e+38 -3.4e+38 -3.4e+38 -3.4e+38 -3.4e+38 -3.4e+38 -3.4e+38 -3.4e+38 -3.4e+38 -3.4e+38 -3.4e+38 -3.4e+38 -3.4e+38 -3.4e+38 -3.4e+38 -3.4e+38 -3.4e+38 -3.4e+38
221 208 230 216 235 234 215 187 168 114 214 160 224 223 251 250 251 260 272 265 249 232 260 268 260 246 247 263 249 241 249 257 257 253 275 -3.4e+38 -3.4e+38 -3.4e+38 -3.4e+38 -3.4e+38 -3.4e+38 -3.4e+38 -3.4e+38 -3.4e+38 -3.4e+38 -3.4e+38 -3.4e+38 -3.4e+38 -3.4e+38 -3.4e+38 -3.4e+38 -3.4e+38 -3.4e+38 -3.4e+38 -3.4e+38 -3.4e+38 -3.4e+38 -3.4e+38 -3.4e+38 -3.4e+38 -3.4e+38 -3.4e+38 -3.4e+38 -3.4e+38 -3.4e+38 -3.4e+38 -3.4e+38 -3.4e+38 -3.4e+38
223 163 190 205 220 231 224 189 202 184 135 182 218 200 246 256 259 260 262 265 253 253 256 241 283 259 266 262 262 258 243 237 229 239 252 -3.4e+38 -3.4e+38 -3.4e+38 -3.4e+38 -3.4e+38 -3.4e+38 -3.4e+38 -3.4e+38 -3.4e+38 -3.4e+38 -3.4e+38 -3.4e+38 -3.4e+38 -3.4e+38 -3.4e+38 -3.4e+38 -3.4e+38 -3.4e+38 -3.4e+38 -3.4e+38 -3.4e+38 -3.4e+38 -3.4e+38 -3.4e+38 -3.4e+38 -3.4e+38 -3.4e+38 -3.4e+38 -3.4e+38 -3.4e+38 -3.4e+38 -3.4e+38 -3.4e+38 -3.4e+38
225 221 216 197 201 210 227 176 197 138 96 115 196 201 247 252 247 249 258 273 269 268 260 267 251 258 263 254 266 268 229 225 239 260 274 277 -3.4e+38 -3.4e+38 -3.4e+38 -3.4e+38 -3.4e+38 -3.4e+38 -3.4e+38 -3.4e+38 -3.4e+38 -3.4e+38 -3.4e+38 -3.4e+38 -3.4e+38 -3.4e+38 -3.4e+38 -3.4e+38 -3.4e+38 -3.4e+38 -3.4e+38 -3.4e+38 -3.4e+38 -3.4e+38 -3.4e+38 -3.4e+38 -3.4e+38 -3.4e+38 -3.4e+38 -3.4e+38 -3.4e+38 -3.4e+38 -3.4e+38 -3.4e+38 -3.4e+38
221 213 203 181 184 152 221 190 190 180 98 122 177 218 240 247 251 248 255 259 267 268 269 269 261 268 255 251 222 249 216 208 222 262 -3.4e+38 -3.4e+38 -3.4e+38 -3.4e+38 -3.4e+38 -3.4e+38 -3.4e+38 -3.4e+38 -3.4e+38 -3.4e+38 -3.4e+38 -3.4e+38 -3.4e+38 -3.4e+38 -3.4e+38 -3.4e+38 -3.4e+38 -3.4e+38 -3.4e+38 -3.4e+38 -3.4e+38 -3.4e+38 -3.4e+38 -3.4e+38 -3.4e+38 -3.4e+38 -3.4e+38 -3.4e+38 -3.4e+38 -3.4e+38 -3.4e+38 -3.4e+38 -3.4e+38 -3.4e+38 -3.4e+38
212 208 205 157 90 128 170 141 160 114 117 91 167 184 224 246 249 244 250 252 265 270 270 270 258 234 268 248 274 267 198 267 -3.4e+38 -3.4e+38 -3.4e+38 -3.4e+38 -3.4e+38 -3.4e+38 -3.4e+38 -3.4e+38 -3.4e+38 -3.4e+38 -3.4e+38 -3.4e+38 -3.4e+38 -3.4e+38 -3.4e+38 -3.4e+38 -3.4e+38 -3.4e+38 -3.4e+38 -3.4e+38 -3.4e+38 -3.4e+38 -3.4e+38 -3.4e+38 -3.4e+38 -3.4e+38 -3.4e+38 -3.4e+38 -3.4e+38 -3.4e+38 -3.4e+38 -3.4e+38 -3.4e+38 -3.4e+38 -3.4e+38 -3.4e+38 -3.4e+38
197 187 161 174 160 202 174 192 170 151 155 160 125 215 234 245 248 250 249 255 267 269 271 271 272 221 279 262 280 282 279 -3.4e+38 257 273 -3.4e+38 -3.4e+38 -3.4e+38 -3.4e+38 -3.4e+38 -3.4e+38 -3.4e+38 -3.4e+38 -3.4e+38 -3.4e+38 -3.4e+38 -3.4e+38 -3.4e+38 -3.4e+38 -3.4e+38 -3.4e+38 -3.4e+38 -3.4e+38 -3.4e+38 -3.4e+38 -3.4e+38 -3.4e+38 -3.4e+38 -3.4e+38 -3.4e+38 -3.4e+38 -3.4e+38 -3.4e+38 -3.4e+38 -3.4e+38 -3.4e+38 -3.4e+38 -3.4e+38 -3.4e+38 -3.4e+38
218 190 167 176 172 168 226 224 173 186 158 170 133 205 197 236 244 252 258 262 267 254 241 272 273 260 247 283 272 271 235 231 235 259 273 -3.4e+38 -3.4e+38 -3.4e+38 -3.4e+38 -3.4e+38 -3.4e+38 -3.4e+38 -3.4e+38 -3.4e+38 -3.4e+38 -3.4e+38 -3.4e+38 -3.4e+38 -3.4e+38 -3.4e+38 -3.4e+38 -3.4e+38 -3.4e+38 -3.4e+38 -3.4e+38 -3.4e+38 -3.4e+38 -3.4e+38 -3.4e+38 -3.4e+38 -3.4e+38 -3.4e+38 -3.4e+38 -3.4e+38 -3.4e+38 -3.4e+38 -3.4e+38 -3.4e+38 -3.4e+38
176 209 220 206 176 170 223 194 152 141 129 143 137 164 204 226 240 255 258 262 266 259 271 273 271 280 271 269 276 262 253 238 245 258 270 275 -3.4e+38 -3.4e+38 -3.4e+38 -3.4e+38 -3.4e+38 -3.4e+38 -3.4e+38 -3.4e+38 -3.4e+38 -3.4e+38 -3.4e+38 -3.4e+38 -3.4e+38 -3.4e+38 -3.4e+38 -3.4e+38 -3.4e+38 -3.4e+38 -3.4e+38 -3.4e+38 -3.4e+38 -3.4e+38 -3.4e+38 -3.4e+38 -3.4e+38 -3.4e+38 -3.4e+38 -3.4e+38 -3.4e+38 261 261 261 -3.4e+38
171 213 174 215 212 241 178 203 140 100 118 117 144 198 206 208 241 257 258 259 264 252 242 264 271 281 279 277 277 265 238 224 249 261 269 273 276 -3.4e+38 -3.4e+38 -3.4e+38 -3.4e+38 -3.4e+38 -3.4e+38 -3.4e+38 -3.4e+38 -3.4e+38 -3.4e+38 -3.4e+38 -3.4e+38 -3.4e+38 -3.4e+38 -3.4e+38 -3.4e+38 -3.4e+38 -3.4e+38 -3.4e+38 -3.4e+38 -3.4e+38 261 249 258 260 255 242 244 206 253 251 254
164 169 164 161 142 216 222 132 104 91 101 101 135 222 218 230 247 255 252 248 260 245 268 251 263 262 266 271 269 264 249 248 253 264 268 272 276 -3.4e+38 -3.4e+38 -3.4e+38 -3.4e+38 -3.4e+38 -3.4e+38 -3.4e+38 -3.4e+38 -3.4e+38 -3.4e+38 -3.4e+38 -3.4e+38 -3.4e+38 -3.4e+38 -3.4e+38 -3.4e+38 -3.4e+38 -3.4e+38 -3.4e+38 -3.4e+38 253 241 237 200 186 173 171 179 181 176 185 207
177 144 108 166 211 181 236 164 157 176 123 141 137 172 208 227 240 257 246 243 239 266 265 264 250 262 248 250 256 256 252 254 251 265 267 271 274 277 -3.4e+38 -3.4e+38 -3.4e+38 -3.4e+38 -3.4e+38 -3.4e+38 -3.4e+38 -3.4e+38 -3.4e+38 -3.4e+38 -3.4e+38 246 259 264 264 -3.4e+38 -3.4e+38 260 217 220 158 156 177 185 185 191 199 213 219 219 228
195 149 126 169 197 227 193 176 197 160 197 148 162 133 222 222 240 254 250 239 250 244 249 251 262 264 258 256 256 253 248 249 253 258 261 268 271 274 276 277 -3.4e+38 -3.4e+38 -3.4e+38 -3.4e+38 -3.4e+38 -3.4e+38 -3.4e+38 263 256 258 253 227 257 219 250 254 213 183 171 171 181 193 192 193 201 214 218 226 231
188 175 177 181 176 181 222 242 225 212 156 185 128 107 202 227 250 252 247 244 255 249 254 251 258 261 263 262 256 244 242 240 227 231 239 251 263 270 271 273 277 -3.4e+38 -3.4e+38 272 -3.4e+38 264 258 258 255 245 246 187 231 227 232 248 227 180 181 182 188 198 201 199 200 211 217 223 230
197 213 188 187 194 238 224 179 217 177 177 145 133 108 220 229 243 252 249 244 257 245 250 252 261 263 263 263 259 252 236 224 211 209 213 234 244 260 264 267 269 268 266 262 252 248 252 252 249 248 239 231 234 239 236 242 193 176 179 192 197 203 206 209 210 210 214 216 230
247 188 210 243 241 247 252 231 221 186 219 178 141 137 236 237 245 253 248 234 241 253 252 256 261 263 263 262 258 250 240 224 207 204 228 233 206 230 227 246 253 247 245 233 235 227 239 234 233 243 239 218 229 233 230 222 231 201 196 198 202 208 211 214 216 215 216 219 220
