trunk/EcoCrop/data/climate/tmean_6.asc
NCOLS 660 
NROWS 360 
XLLCORNER -20 
YLLCORNER -30 
CELLSIZE 0.1666667 
NODATA_value -3.4e+38 
[rows 150 to 179 of 360, columns 345 to 413 of 660]
226 224 196 171 189 183 191 191 191 217 224 216 211 190 199 216 236 219 219 214 231 233 239 256 273 276 283 288 284 282 283 280 277 276 277 275 273 269 266 268 270 271 276 279 280 283 276 274 269 272 278 282 284 285 286 284 283 281 278 275 271 264 254 261 -3.4e+38 -3.4e+38 -3.4e+38 -3.4e+38 -3.4e+38
223 218 205 178 176 184 183 187 196 209 221 231 226 236 225 233 206 231 229 233 228 244 250 260 275 281 284 289 287 285 284 279 276 276 277 275 270 263 257 259 262 267 272 276 277 283 283 277 272 274 278 283 284 286 288 286 283 280 276 272 266 259 259 268 -3.4e+38 -3.4e+38 -3.4e+38 -3.4e+38 -3.4e+38
222 209 201 192 175 181 183 191 198 208 204 214 215 204 204 203 211 219 231 235 238 240 238 258 278 287 286 289 288 288 285 279 280 279 277 274 266 255 252 254 259 264 269 272 274 281 283 278 270 270 277 282 284 285 286 286 283 279 274 266 259 263 268 -3.4e+38 -3.4e+38 -3.4e+38 -3.4e+38 -3.4e+38 -3.4e+38
220 211 188 178 172 173 178 188 191 198 204 209 211 207 201 205 215 220 230 245 245 250 246 259 275 282 289 290 290 290 286 282 282 281 278 274 265 256 252 254 257 259 265 270 272 278 279 280 276 270 277 282 283 284 284 284 282 278 270 261 264 272 274 -3.4e+38 -3.4e+38 -3.4e+38 -3.4e+38 -3.4e+38 -3.4e+38
229 216 174 168 165 169 176 183 180 193 198 206 214 220 218 212 217 222 230 242 259 264 257 263 275 279 289 291 292 293 291 284 285 281 277 272 265 262 259 262 263 259 261 269 274 277 280 281 279 272 273 279 282 283 283 283 281 275 265 266 273 275 -3.4e+38 -3.4e+38 -3.4e+38 -3.4e+38 -3.4e+38 -3.4e+38 -3.4e+38
228 221 217 151 160 167 174 172 175 187 189 203 192 225 229 224 221 226 233 240 253 272 268 273 279 282 288 292 294 294 294 286 284 280 275 269 267 264 263 263 264 265 264 266 271 275 278 277 278 272 272 277 280 281 281 281 276 266 271 275 277 -3.4e+38 -3.4e+38 -3.4e+38 -3.4e+38 -3.4e+38 -3.4e+38 -3.4e+38 -3.4e+38
236 229 223 218 196 169 178 184 193 195 203 212 220 225 233 236 229 233 234 242 250 267 277 279 283 286 288 291 292 295 294 291 284 277 275 269 265 259 258 259 262 264 266 267 269 272 275 278 278 271 272 277 278 279 279 278 272 273 278 277 -3.4e+38 -3.4e+38 -3.4e+38 -3.4e+38 -3.4e+38 -3.4e+38 -3.4e+38 -3.4e+38 -3.4e+38
241 225 216 221 222 183 179 190 188 201 208 213 218 225 235 240 236 236 236 245 254 262 266 254 277 280 283 289 291 293 289 284 281 278 272 268 262 256 252 251 256 261 264 267 269 270 272 276 278 276 272 275 276 277 275 270 276 279 278 -3.4e+38 -3.4e+38 -3.4e+38 -3.4e+38 -3.4e+38 -3.4e+38 -3.4e+38 -3.4e+38 -3.4e+38 -3.4e+38
234 206 214 220 226 232 233 233 204 212 205 210 219 227 232 243 244 242 241 246 254 255 264 269 272 274 276 287 293 292 293 288 281 275 270 265 260 254 249 249 254 259 263 266 269 272 274 276 278 275 272 273 274 272 266 274 279 278 -3.4e+38 -3.4e+38 -3.4e+38 -3.4e+38 -3.4e+38 -3.4e+38 -3.4e+38 -3.4e+38 -3.4e+38 -3.4e+38 -3.4e+38
229 188 227 232 233 238 238 239 239 229 233 232 218 228 236 242 247 249 247 244 250 253 264 267 262 262 276 283 286 291 291 284 278 273 267 263 257 252 249 251 254 260 264 266 269 272 275 276 277 273 271 272 269 264 270 278 277 -3.4e+38 -3.4e+38 -3.4e+38 -3.4e+38 -3.4e+38 -3.4e+38 -3.4e+38 -3.4e+38 -3.4e+38 -3.4e+38 -3.4e+38 -3.4e+38
235 225 238 239 240 241 242 243 242 238 235 241 233 236 239 245 245 250 245 255 243 254 263 261 262 263 264 278 282 287 287 280 272 269 264 259 255 253 255 263 261 264 265 267 269 272 273 274 276 273 270 266 265 266 276 276 -3.4e+38 -3.4e+38 -3.4e+38 -3.4e+38 -3.4e+38 -3.4e+38 -3.4e+38 -3.4e+38 -3.4e+38 -3.4e+38 -3.4e+38 -3.4e+38 -3.4e+38
253 251 248 245 243 244 245 244 245 243 242 243 242 242 244 248 250 252 251 257 259 261 264 265 262 263 265 272 278 285 283 276 274 266 261 257 255 265 268 270 270 268 268 269 271 271 270 268 268 270 269 262 264 274 275 -3.4e+38 -3.4e+38 -3.4e+38 -3.4e+38 -3.4e+38 -3.4e+38 -3.4e+38 -3.4e+38 -3.4e+38 -3.4e+38 -3.4e+38 -3.4e+38 -3.4e+38 -3.4e+38
264 258 254 250 248 247 246 248 248 247 247 246 246 240 243 249 245 254 251 259 261 262 266 267 255 260 261 271 276 274 276 269 268 262 258 256 263 269 273 276 274 272 270 270 269 269 267 265 263 266 263 261 272 273 -3.4e+38 -3.4e+38 -3.4e+38 -3.4e+38 -3.4e+38 -3.4e+38 -3.4e+38 -3.4e+38 -3.4e+38 -3.4e+38 -3.4e+38 -3.4e+38 -3.4e+38 -3.4e+38 -3.4e+38
263 258 251 248 247 248 248 248 251 249 251 250 250 244 246 252 251 255 257 256 260 259 267 260 258 255 253 267 269 275 267 267 263 262 259 264 266 271 275 278 275 273 271 269 267 267 267 266 265 262 261 268 272 -3.4e+38 -3.4e+38 -3.4e+38 -3.4e+38 -3.4e+38 -3.4e+38 -3.4e+38 -3.4e+38 -3.4e+38 -3.4e+38 -3.4e+38 -3.4e+38 -3.4e+38 -3.4e+38 -3.4e+38 -3.4e+38
261 255 241 236 241 250 253 252 253 253 252 253 254 251 254 255 248 250 259 259 252 261 264 261 261 259 268 268 275 272 271 265 261 263 264 267 268 270 274 275 274 272 270 267 265 266 267 267 266 258 267 271 -3.4e+38 -3.4e+38 -3.4e+38 -3.4e+38 -3.4e+38 -3.4e+38 -3.4e+38 -3.4e+38 -3.4e+38 -3.4e+38 -3.4e+38 -3.4e+38 -3.4e+38 -3.4e+38 -3.4e+38 -3.4e+38 -3.4e+38
257 242 228 214 244 254 255 256 256 257 256 256 257 257 257 256 249 254 261 262 261 263 264 268 261 267 270 271 276 277 267 265 263 264 266 267 268 270 272 272 271 269 268 266 266 267 268 268 262 267 270 -3.4e+38 -3.4e+38 -3.4e+38 -3.4e+38 -3.4e+38 -3.4e+38 -3.4e+38 -3.4e+38 -3.4e+38 -3.4e+38 -3.4e+38 -3.4e+38 -3.4e+38 -3.4e+38 -3.4e+38 -3.4e+38 -3.4e+38 -3.4e+38
251 232 200 233 251 255 258 258 258 259 259 259 260 261 261 258 254 257 262 264 265 266 266 267 269 268 268 273 276 271 267 264 264 266 267 266 268 268 270 270 269 267 266 265 266 268 268 264 269 -3.4e+38 -3.4e+38 -3.4e+38 -3.4e+38 -3.4e+38 -3.4e+38 -3.4e+38 -3.4e+38 -3.4e+38 -3.4e+38 -3.4e+38 -3.4e+38 -3.4e+38 -3.4e+38 -3.4e+38 -3.4e+38 -3.4e+38 -3.4e+38 -3.4e+38 -3.4e+38
251 239 237 249 257 260 260 260 260 261 261 262 263 263 263 261 259 261 263 265 266 264 271 271 270 269 265 268 275 270 266 266 265 266 265 267 267 267 268 267 266 264 263 262 263 266 262 268 -3.4e+38 -3.4e+38 -3.4e+38 -3.4e+38 -3.4e+38 -3.4e+38 -3.4e+38 -3.4e+38 -3.4e+38 -3.4e+38 -3.4e+38 -3.4e+38 -3.4e+38 -3.4e+38 -3.4e+38 -3.4e+38 -3.4e+38 -3.4e+38 -3.4e+38 -3.4e+38 -3.4e+38
252 252 254 256 258 260 261 261 262 262 263 264 265 266 266 265 265 264 267 267 268 269 270 272 272 270 266 269 272 268 268 265 264 264 266 267 267 266 266 265 263 261 259 258 259 263 -3.4e+38 -3.4e+38 -3.4e+38 -3.4e+38 -3.4e+38 -3.4e+38 -3.4e+38 -3.4e+38 -3.4e+38 -3.4e+38 -3.4e+38 -3.4e+38 -3.4e+38 -3.4e+38 -3.4e+38 -3.4e+38 -3.4e+38 -3.4e+38 -3.4e+38 -3.4e+38 -3.4e+38 -3.4e+38 -3.4e+38
248 250 251 256 258 260 262 262 261 264 265 266 267 268 268 269 269 269 270 270 270 270 271 272 271 267 268 269 272 272 269 267 267 266 265 266 266 265 264 263 261 258 256 254 -3.4e+38 -3.4e+38 -3.4e+38 -3.4e+38 -3.4e+38 -3.4e+38 -3.4e+38 -3.4e+38 -3.4e+38 -3.4e+38 -3.4e+38 -3.4e+38 -3.4e+38 -3.4e+38 -3.4e+38 -3.4e+38 -3.4e+38 -3.4e+38 -3.4e+38 -3.4e+38 -3.4e+38 -3.4e+38 -3.4e+38 -3.4e+38 -3.4e+38
238 246 246 252 257 260 262 263 265 264 265 268 269 270 271 271 271 272 272 271 271 271 271 272 271 269 268 269 269 271 268 266 267 265 265 264 264 263 262 260 259 257 258 -3.4e+38 -3.4e+38 -3.4e+38 -3.4e+38 -3.4e+38 -3.4e+38 -3.4e+38 -3.4e+38 -3.4e+38 -3.4e+38 -3.4e+38 -3.4e+38 -3.4e+38 -3.4e+38 -3.4e+38 -3.4e+38 -3.4e+38 -3.4e+38 -3.4e+38 -3.4e+38 -3.4e+38 -3.4e+38 -3.4e+38 -3.4e+38 -3.4e+38 -3.4e+38
233 245 243 251 258 260 262 264 265 267 268 267 271 272 272 273 273 273 273 272 272 272 272 272 271 270 270 269 268 269 267 267 266 265 264 264 263 262 260 259 257 -3.4e+38 -3.4e+38 -3.4e+38 -3.4e+38 -3.4e+38 -3.4e+38 -3.4e+38 -3.4e+38 -3.4e+38 -3.4e+38 -3.4e+38 -3.4e+38 -3.4e+38 -3.4e+38 -3.4e+38 -3.4e+38 -3.4e+38 -3.4e+38 -3.4e+38 -3.4e+38 -3.4e+38 -3.4e+38 -3.4e+38 -3.4e+38 -3.4e+38 -3.4e+38 -3.4e+38 -3.4e+38
236 237 235 246 254 257 258 262 265 267 269 270 268 273 273 273 273 273 273 273 273 272 272 272 271 271 270 270 268 268 268 267 266 265 263 262 261 260 259 257 -3.4e+38 -3.4e+38 -3.4e+38 -3.4e+38 -3.4e+38 -3.4e+38 -3.4e+38 -3.4e+38 -3.4e+38 -3.4e+38 -3.4e+38 -3.4e+38 -3.4e+38 -3.4e+38 -3.4e+38 -3.4e+38 -3.4e+38 -3.4e+38 -3.4e+38 -3.4e+38 -3.4e+38 -3.4e+38 -3.4e+38 -3.4e+38 -3.4e+38 -3.4e+38 -3.4e+38 -3.4e+38 -3.4e+38
235 235 239 244 249 251 257 262 264 266 268 271 272 272 274 274 273 274 273 273 273 273 272 272 271 270 270 269 268 268 267 266 265 263 262 260 259 258 256 -3.4e+38 -3.4e+38 -3.4e+38 -3.4e+38 -3.4e+38 -3.4e+38 -3.4e+38 -3.4e+38 -3.4e+38 -3.4e+38 -3.4e+38 -3.4e+38 -3.4e+38 -3.4e+38 -3.4e+38 -3.4e+38 -3.4e+38 -3.4e+38 -3.4e+38 -3.4e+38 -3.4e+38 -3.4e+38 -3.4e+38 -3.4e+38 -3.4e+38 -3.4e+38 -3.4e+38 -3.4e+38 -3.4e+38 -3.4e+38
229 230 236 241 245 254 258 259 260 263 266 270 272 273 275 274 273 274 274 273 273 272 272 271 271 269 269 268 268 267 266 265 263 261 260 259 258 251 -3.4e+38 -3.4e+38 -3.4e+38 -3.4e+38 -3.4e+38 -3.4e+38 -3.4e+38 -3.4e+38 -3.4e+38 -3.4e+38 -3.4e+38 -3.4e+38 -3.4e+38 -3.4e+38 -3.4e+38 -3.4e+38 -3.4e+38 -3.4e+38 -3.4e+38 -3.4e+38 -3.4e+38 -3.4e+38 -3.4e+38 -3.4e+38 -3.4e+38 -3.4e+38 -3.4e+38 -3.4e+38 -3.4e+38 -3.4e+38 -3.4e+38
231 226 232 238 242 246 249 254 257 261 264 269 273 271 274 275 274 274 274 273 273 272 271 271 270 269 268 267 267 267 266 265 262 259 258 258 258 -3.4e+38 -3.4e+38 -3.4e+38 -3.4e+38 -3.4e+38 -3.4e+38 -3.4e+38 -3.4e+38 -3.4e+38 -3.4e+38 -3.4e+38 -3.4e+38 -3.4e+38 -3.4e+38 -3.4e+38 -3.4e+38 -3.4e+38 -3.4e+38 -3.4e+38 -3.4e+38 -3.4e+38 -3.4e+38 -3.4e+38 -3.4e+38 -3.4e+38 -3.4e+38 -3.4e+38 -3.4e+38 -3.4e+38 -3.4e+38 -3.4e+38 -3.4e+38
235 231 229 226 236 239 244 251 255 257 263 269 272 274 272 273 273 275 274 274 272 271 271 270 269 268 266 265 266 266 267 265 258 257 256 257 -3.4e+38 -3.4e+38 -3.4e+38 -3.4e+38 -3.4e+38 -3.4e+38 -3.4e+38 -3.4e+38 -3.4e+38 -3.4e+38 -3.4e+38 -3.4e+38 -3.4e+38 -3.4e+38 -3.4e+38 -3.4e+38 -3.4e+38 -3.4e+38 -3.4e+38 -3.4e+38 -3.4e+38 -3.4e+38 -3.4e+38 -3.4e+38 -3.4e+38 -3.4e+38 -3.4e+38 -3.4e+38 -3.4e+38 -3.4e+38 -3.4e+38 -3.4e+38 -3.4e+38
231 225 204 215 233 236 242 247 252 257 262 267 271 274 275 274 271 271 274 273 272 271 270 269 268 267 266 265 265 266 265 259 254 255 254 -3.4e+38 -3.4e+38 -3.4e+38 -3.4e+38 -3.4e+38 -3.4e+38 -3.4e+38 -3.4e+38 -3.4e+38 -3.4e+38 -3.4e+38 -3.4e+38 -3.4e+38 -3.4e+38 -3.4e+38 -3.4e+38 -3.4e+38 -3.4e+38 -3.4e+38 -3.4e+38 -3.4e+38 -3.4e+38 -3.4e+38 -3.4e+38 -3.4e+38 -3.4e+38 -3.4e+38 -3.4e+38 -3.4e+38 -3.4e+38 -3.4e+38 -3.4e+38 -3.4e+38 -3.4e+38
196 203 170 226 234 241 242 244 250 257 260 266 270 273 274 275 274 273 273 272 270 270 269 268 267 266 265 265 265 265 265 262 256 255 -3.4e+38 -3.4e+38 -3.4e+38 -3.4e+38 -3.4e+38 -3.4e+38 -3.4e+38 -3.4e+38 -3.4e+38 -3.4e+38 -3.4e+38 -3.4e+38 -3.4e+38 -3.4e+38 -3.4e+38 -3.4e+38 -3.4e+38 -3.4e+38 -3.4e+38 -3.4e+38 -3.4e+38 -3.4e+38 -3.4e+38 -3.4e+38 -3.4e+38 -3.4e+38 -3.4e+38 -3.4e+38 -3.4e+38 -3.4e+38 -3.4e+38 -3.4e+38 -3.4e+38 -3.4e+38 -3.4e+38
155 197 205 229 236 241 246 248 257 258 259 264 268 272 273 273 273 273 271 270 269 268 268 267 266 265 265 264 264 264 266 268 260 -3.4e+38 -3.4e+38 -3.4e+38 -3.4e+38 -3.4e+38 -3.4e+38 -3.4e+38 -3.4e+38 -3.4e+38 -3.4e+38 -3.4e+38 -3.4e+38 -3.4e+38 -3.4e+38 -3.4e+38 -3.4e+38 -3.4e+38 -3.4e+38 -3.4e+38 -3.4e+38 -3.4e+38 -3.4e+38 -3.4e+38 -3.4e+38 -3.4e+38 -3.4e+38 -3.4e+38 -3.4e+38 -3.4e+38 -3.4e+38 -3.4e+38 -3.4e+38 -3.4e+38 -3.4e+38 -3.4e+38 -3.4e+38
