trunk/EcoCrop/data/climate/tmean_2.asc
NCOLS 660 
NROWS 360 
XLLCORNER -20 
YLLCORNER -30 
CELLSIZE 0.1666667 
NODATA_value -3.4e+38 
[rows 30 to 59 of 360, columns 345 to 413 of 660]
186 141 157 169 174 177 172 154 186 194 192 184 172 164 165 169 169 172 172 160 163 160 160 161 162 163 164 164 165 163 160 157 156 157 151 148 151 152 155 156 153 152 153 155 154 154 155 157 155 159 157 145 155 156 161 164 161 159 161 161 163 164 164 166 167 168 170 169 170
192 151 175 162 172 191 185 146 164 170 195 153 176 166 173 174 177 176 176 173 169 167 161 160 162 163 164 166 165 164 160 155 151 154 154 150 148 153 156 157 154 152 154 155 156 157 157 158 158 163 162 156 153 160 163 165 161 164 164 164 162 164 165 166 168 170 171 171 172
196 198 194 184 123 193 193 178 160 183 196 197 197 190 180 173 181 179 180 178 174 169 166 161 163 164 167 167 167 164 159 156 154 152 152 153 154 154 158 156 152 151 153 153 158 159 160 160 162 162 163 162 167 156 160 169 170 168 170 170 163 165 167 167 169 171 173 174 174
207 203 206 206 203 201 205 188 170 174 186 185 198 190 186 187 185 184 182 180 178 173 170 165 164 165 167 168 167 165 165 163 157 156 155 155 158 158 160 156 151 150 153 156 158 160 162 164 163 164 164 162 164 165 169 172 173 175 173 172 174 171 168 170 171 173 175 175 176
209 -3.4e+38 211 212 210 210 207 192 144 170 184 179 196 181 179 186 187 185 182 179 179 177 174 172 171 170 167 169 168 166 165 164 162 157 156 159 160 159 160 157 154 150 152 152 157 158 163 165 166 164 166 164 159 162 169 171 172 173 177 177 178 178 178 176 173 176 177 177 177
-3.4e+38 -3.4e+38 -3.4e+38 208 210 209 209 198 204 202 168 181 193 186 171 186 187 186 185 181 181 178 178 177 175 174 172 171 170 163 167 163 162 160 158 156 161 159 158 159 155 149 151 153 155 158 159 165 168 168 168 166 158 162 152 162 173 178 176 177 174 174 173 175 176 177 178 179 180
-3.4e+38 -3.4e+38 -3.4e+38 -3.4e+38 -3.4e+38 214 211 212 205 197 174 169 180 186 173 181 186 188 186 184 178 178 179 177 176 175 172 171 171 169 167 166 162 160 164 160 159 162 160 158 158 152 154 155 156 157 158 163 169 171 170 166 146 144 152 169 174 178 175 175 172 173 175 175 177 178 179 181 181
-3.4e+38 -3.4e+38 -3.4e+38 -3.4e+38 -3.4e+38 -3.4e+38 216 216 197 203 198 158 170 185 174 165 181 184 181 180 183 178 179 176 175 176 176 173 172 171 167 167 165 165 166 166 163 163 166 163 162 157 155 157 161 158 160 162 168 172 172 168 154 159 151 171 175 176 177 173 173 175 177 178 179 180 182 183 183
-3.4e+38 -3.4e+38 -3.4e+38 -3.4e+38 -3.4e+38 -3.4e+38 218 219 217 180 212 159 156 185 178 161 179 180 175 180 172 180 178 176 175 176 176 175 170 172 170 169 168 167 168 168 167 166 170 168 167 163 157 160 164 164 164 168 170 173 175 170 160 169 170 174 177 178 176 173 175 177 178 180 181 183 184 184 185
-3.4e+38 -3.4e+38 -3.4e+38 -3.4e+38 -3.4e+38 -3.4e+38 -3.4e+38 220 219 198 218 212 188 185 183 171 183 187 185 182 179 179 177 176 179 179 179 177 174 175 174 172 170 168 168 170 171 172 172 172 170 168 165 164 168 167 167 167 164 175 176 175 169 166 155 169 174 174 173 173 177 178 180 182 183 185 185 185 189
-3.4e+38 -3.4e+38 -3.4e+38 -3.4e+38 -3.4e+38 -3.4e+38 -3.4e+38 222 221 217 215 215 205 194 181 176 182 185 186 186 184 180 172 170 178 182 182 181 179 178 175 176 173 170 166 168 173 170 173 175 175 172 163 168 171 171 162 168 171 175 178 179 178 174 175 175 177 174 174 176 178 180 182 184 185 186 186 186 192
-3.4e+38 -3.4e+38 -3.4e+38 -3.4e+38 -3.4e+38 -3.4e+38 -3.4e+38 -3.4e+38 223 221 218 214 210 205 169 161 176 185 187 187 187 183 176 172 182 184 185 183 182 180 179 178 174 172 168 167 173 172 167 174 174 176 176 175 176 174 174 172 174 177 179 178 177 158 166 174 175 174 174 177 180 182 184 186 187 187 187 188 192
-3.4e+38 -3.4e+38 -3.4e+38 -3.4e+38 -3.4e+38 -3.4e+38 -3.4e+38 -3.4e+38 -3.4e+38 225 225 218 204 192 172 155 171 185 189 191 190 187 181 174 185 187 187 185 184 182 181 178 178 174 171 172 171 169 168 170 173 174 175 174 174 176 178 175 177 179 177 180 152 164 167 174 176 174 176 179 182 184 186 188 189 189 188 189 190
-3.4e+38 -3.4e+38 -3.4e+38 -3.4e+38 -3.4e+38 -3.4e+38 -3.4e+38 -3.4e+38 -3.4e+38 227 227 221 215 200 179 168 176 185 191 192 191 186 184 185 189 188 187 186 185 183 183 183 180 178 173 172 170 170 171 171 171 169 168 168 164 173 177 177 179 180 180 177 157 163 171 176 177 177 179 182 184 186 188 190 190 190 190 190 192
-3.4e+38 -3.4e+38 -3.4e+38 -3.4e+38 -3.4e+38 -3.4e+38 -3.4e+38 -3.4e+38 -3.4e+38 227 228 221 219 203 177 176 178 189 194 195 194 188 191 193 192 190 188 187 186 185 186 186 183 181 178 176 174 173 173 174 172 175 172 161 170 174 178 179 179 179 182 178 163 169 176 180 180 179 182 184 185 188 190 191 192 191 191 192 193
-3.4e+38 -3.4e+38 -3.4e+38 -3.4e+38 -3.4e+38 -3.4e+38 -3.4e+38 -3.4e+38 -3.4e+38 227 229 225 221 198 200 172 176 187 194 195 194 194 192 193 192 190 189 188 187 186 188 188 187 183 182 180 175 171 172 171 172 174 175 177 178 178 179 179 179 180 181 174 176 175 181 183 182 183 184 186 188 190 192 192 193 192 192 193 194
-3.4e+38 -3.4e+38 -3.4e+38 -3.4e+38 -3.4e+38 -3.4e+38 -3.4e+38 -3.4e+38 -3.4e+38 228 229 229 224 220 212 182 166 186 192 195 195 194 194 194 192 190 190 189 188 188 189 189 189 185 184 182 178 171 167 169 171 172 169 174 174 176 176 179 181 183 168 167 172 178 183 185 185 186 187 188 190 192 193 194 195 194 194 195 196
-3.4e+38 -3.4e+38 -3.4e+38 -3.4e+38 -3.4e+38 -3.4e+38 -3.4e+38 -3.4e+38 -3.4e+38 228 225 231 228 224 209 195 184 189 192 193 194 194 193 195 193 190 190 189 188 190 190 190 190 188 187 185 181 176 168 170 172 172 175 173 172 175 180 181 182 182 177 168 178 183 185 186 187 188 187 188 190 191 192 194 196 196 196 196 196
-3.4e+38 -3.4e+38 -3.4e+38 -3.4e+38 -3.4e+38 -3.4e+38 -3.4e+38 -3.4e+38 -3.4e+38 227 227 231 225 224 218 205 194 193 187 190 192 193 193 193 193 189 190 190 188 188 191 193 191 191 190 186 182 177 169 168 169 171 174 177 175 178 181 181 183 179 173 178 182 185 185 185 185 188 189 190 191 192 194 194 196 196 196 197 197
-3.4e+38 -3.4e+38 -3.4e+38 -3.4e+38 -3.4e+38 -3.4e+38 -3.4e+38 -3.4e+38 -3.4e+38 227 229 231 236 227 229 214 209 190 180 186 189 191 189 179 190 190 190 188 188 189 193 194 194 193 192 189 181 175 173 173 174 172 173 176 179 181 179 183 182 169 172 178 184 183 182 183 186 190 191 192 192 193 195 196 196 197 197 197 197
-3.4e+38 -3.4e+38 -3.4e+38 -3.4e+38 -3.4e+38 -3.4e+38 -3.4e+38 -3.4e+38 -3.4e+38 -3.4e+38 234 234 239 240 233 217 174 172 176 181 186 189 189 169 187 190 191 188 178 187 193 194 195 195 194 192 188 178 177 178 177 178 174 177 180 182 183 184 182 172 177 181 181 181 182 185 187 190 191 191 194 195 196 197 197 197 197 198 198
-3.4e+38 -3.4e+38 -3.4e+38 -3.4e+38 -3.4e+38 -3.4e+38 -3.4e+38 -3.4e+38 -3.4e+38 -3.4e+38 241 240 237 243 237 215 198 161 171 177 182 186 188 177 189 191 189 186 177 186 193 191 194 195 195 195 182 178 184 177 180 182 181 182 183 185 185 186 171 178 178 184 184 184 184 185 188 190 191 192 194 196 196 197 197 198 198 198 199
-3.4e+38 -3.4e+38 -3.4e+38 -3.4e+38 -3.4e+38 -3.4e+38 -3.4e+38 -3.4e+38 -3.4e+38 -3.4e+38 243 243 245 246 241 233 183 157 163 174 176 180 184 187 191 192 187 176 176 187 194 193 196 196 196 195 195 194 191 188 181 181 184 185 186 187 188 186 174 175 183 185 182 184 187 187 188 190 192 193 195 196 197 197 198 198 198 199 199
-3.4e+38 -3.4e+38 -3.4e+38 -3.4e+38 -3.4e+38 -3.4e+38 -3.4e+38 -3.4e+38 -3.4e+38 -3.4e+38 245 247 248 245 243 226 174 138 148 146 163 175 182 188 190 186 182 173 184 194 196 195 194 196 195 195 194 193 195 187 184 184 187 188 188 189 189 187 178 179 182 182 182 185 188 189 190 191 193 195 196 196 197 198 198 198 199 199 199
-3.4e+38 -3.4e+38 -3.4e+38 -3.4e+38 -3.4e+38 -3.4e+38 -3.4e+38 -3.4e+38 -3.4e+38 -3.4e+38 -3.4e+38 249 250 250 245 222 232 217 166 138 146 174 178 188 187 181 179 178 190 196 196 196 189 196 196 195 196 197 197 192 190 187 188 189 190 190 191 177 183 184 185 183 185 187 189 191 192 193 194 196 196 197 197 198 198 199 199 200 200
-3.4e+38 -3.4e+38 -3.4e+38 -3.4e+38 -3.4e+38 -3.4e+38 -3.4e+38 -3.4e+38 -3.4e+38 -3.4e+38 -3.4e+38 -3.4e+38 252 252 250 214 212 198 220 189 140 173 183 182 185 185 186 185 189 194 195 196 194 195 195 195 198 197 196 198 196 193 193 193 193 193 192 182 183 188 187 187 187 190 191 193 194 194 196 196 197 198 198 199 199 199 200 201 201
-3.4e+38 -3.4e+38 -3.4e+38 -3.4e+38 -3.4e+38 -3.4e+38 -3.4e+38 -3.4e+38 -3.4e+38 -3.4e+38 -3.4e+38 -3.4e+38 -3.4e+38 253 252 248 237 243 181 224 149 140 162 179 178 182 185 187 183 193 191 193 195 195 195 195 197 197 198 198 198 197 197 195 194 194 194 186 190 190 190 190 190 192 193 195 195 195 196 197 197 198 199 199 200 200 199 200 200
-3.4e+38 -3.4e+38 -3.4e+38 -3.4e+38 -3.4e+38 -3.4e+38 -3.4e+38 -3.4e+38 -3.4e+38 -3.4e+38 -3.4e+38 -3.4e+38 -3.4e+38 254 256 251 252 246 252 228 232 155 157 169 177 176 186 185 188 184 193 195 195 193 194 195 198 198 198 198 196 197 196 196 196 195 194 193 192 192 193 193 193 194 195 193 194 196 197 198 198 199 199 200 201 201 199 200 200
-3.4e+38 -3.4e+38 -3.4e+38 -3.4e+38 -3.4e+38 -3.4e+38 -3.4e+38 -3.4e+38 -3.4e+38 -3.4e+38 -3.4e+38 -3.4e+38 -3.4e+38 -3.4e+38 -3.4e+38 -3.4e+38 259 258 256 239 243 246 157 158 170 177 184 186 186 190 193 194 192 191 192 196 197 198 197 195 193 194 195 196 196 196 183 187 192 193 193 194 195 192 192 194 195 196 197 198 198 199 200 200 200 200 200 200 201
-3.4e+38 -3.4e+38 -3.4e+38 -3.4e+38 -3.4e+38 -3.4e+38 -3.4e+38 -3.4e+38 -3.4e+38 -3.4e+38 -3.4e+38 -3.4e+38 -3.4e+38 -3.4e+38 -3.4e+38 -3.4e+38 -3.4e+38 261 260 257 253 222 212 131 152 173 181 174 188 192 193 191 189 189 190 194 197 197 196 194 189 192 194 195 195 195 186 191 194 193 191 191 191 191 193 194 195 196 197 197 198 199 199 200 200 200 200 202 201
