trunk/EcoCrop/data/climate/tmean_12.asc
NCOLS 660 
NROWS 360 
XLLCORNER -20 
YLLCORNER -30 
CELLSIZE 0.1666667 
NODATA_value -3.4e+38 
[rows 0 to 29 of 360, columns 414 to 482 of 660]
-3.4e+38 -3.4e+38 -3.4e+38 -3.4e+38 -3.4e+38 -3.4e+38 -3.4e+38 170 173 172 169 163 168 131 143 125 25 66 71 36 66 77 73 65 68 43 62 44 24 39 42 56 62 66 65 61 60 53 55 43 16 -6 17 18 36 41 40 36 23 -16 28 -34 45 110 137 150 151 150 150 151 147 140 134 127 117 93 86 78 85
-3.4e+38 -3.4e+38 -3.4e+38 -3.4e+38 -3.4e+38 -3.4e+38 -3.4e+38 -3.4e+38 166 176 173 177 178 188 164 191 151 53 48 33 66 62 69 72 72 72 68 74 73 70 50 59 60 59 46 55 62 65 62 55 47 31 23 8 -34 29 40 34 28 33 -16 23 41 90 135 150 151 152 152 152 151 140 135 131 116 71 80 70 59
-3.4e+38 -3.4e+38 -3.4e+38 -3.4e+38 -3.4e+38 -3.4e+38 -3.4e+38 -3.4e+38 -3.4e+38 176 180 184 188 188 196 102 159 37 18 61 39 78 59 72 73 74 75 58 73 68 62 16 57 37 49 53 58 67 68 65 57 46 27 7 -27 -9 1 2 4 1 33 47 42 82 113 128 143 148 148 149 151 148 139 139 127 96 61 62 71
-3.4e+38 -3.4e+38 -3.4e+38 -3.4e+38 -3.4e+38 -3.4e+38 -3.4e+38 -3.4e+38 -3.4e+38 -3.4e+38 177 183 188 195 197 200 193 180 28 53 71 82 59 68 47 62 65 17 77 77 77 53 46 43 52 50 27 51 69 69 67 62 45 21 18 3 -62 -2 -7 -53 19 48 61 22 62 95 125 137 143 144 148 151 148 144 140 114 73 65 73
-3.4e+38 -3.4e+38 -3.4e+38 -3.4e+38 -3.4e+38 -3.4e+38 -3.4e+38 -3.4e+38 -3.4e+38 -3.4e+38 173 178 185 190 133 130 180 181 157 32 70 66 82 64 84 78 60 19 66 78 79 78 37 57 77 63 54 47 71 49 71 67 58 36 37 33 29 29 43 11 24 6 34 74 92 86 111 124 138 143 147 150 148 144 140 128 82 73 84
-3.4e+38 -3.4e+38 -3.4e+38 -3.4e+38 -3.4e+38 -3.4e+38 -3.4e+38 -3.4e+38 -3.4e+38 -3.4e+38 -3.4e+38 173 181 187 167 168 149 173 163 108 69 83 20 87 63 79 40 58 49 28 29 17 33 43 80 79 75 67 70 62 70 71 64 55 40 48 45 58 59 2 2 -18 60 50 89 105 121 125 136 136 147 150 149 141 145 128 69 89 87
-3.4e+38 -3.4e+38 -3.4e+38 -3.4e+38 -3.4e+38 -3.4e+38 -3.4e+38 -3.4e+38 -3.4e+38 -3.4e+38 -3.4e+38 170 176 185 182 164 174 166 143 116 48 70 80 28 51 105 73 93 100 98 95 32 82 33 40 76 82 79 77 42 49 70 39 60 36 54 40 65 85 74 94 73 107 34 56 92 128 134 137 141 146 150 145 140 143 139 105 88 92
-3.4e+38 -3.4e+38 -3.4e+38 -3.4e+38 -3.4e+38 -3.4e+38 -3.4e+38 -3.4e+38 -3.4e+38 -3.4e+38 -3.4e+38 -3.4e+38 177 183 117 167 168 166 158 126 115 86 46 103 117 55 108 114 110 107 97 116 116 104 45 32 68 60 78 78 66 77 80 73 41 60 62 37 68 70 67 130 137 56 13 7 102 125 135 144 148 151 150 144 142 136 111 84 91
-3.4e+38 -3.4e+38 -3.4e+38 -3.4e+38 -3.4e+38 -3.4e+38 -3.4e+38 -3.4e+38 -3.4e+38 -3.4e+38 -3.4e+38 -3.4e+38 -3.4e+38 181 183 184 145 164 158 154 169 133 84 100 131 99 123 124 119 115 107 104 116 89 110 91 48 78 46 76 92 99 105 76 88 80 76 30 60 66 88 132 150 138 82 -25 46 99 128 143 149 150 147 145 140 136 123 70 96
-3.4e+38 -3.4e+38 -3.4e+38 -3.4e+38 -3.4e+38 -3.4e+38 -3.4e+38 -3.4e+38 -3.4e+38 -3.4e+38 -3.4e+38 -3.4e+38 -3.4e+38 166 186 185 191 157 178 170 165 148 103 153 144 138 130 89 78 97 113 117 121 124 98 74 105 92 72 81 111 68 116 123 122 115 93 90 66 90 123 136 156 152 138 105 53 100 118 137 145 143 141 141 136 127 128 105 102
-3.4e+38 -3.4e+38 -3.4e+38 -3.4e+38 -3.4e+38 -3.4e+38 -3.4e+38 -3.4e+38 -3.4e+38 -3.4e+38 -3.4e+38 -3.4e+38 -3.4e+38 -3.4e+38 181 189 135 181 163 129 166 168 158 146 156 140 142 141 110 132 130 122 121 106 91 119 122 134 113 105 137 129 136 121 122 123 101 72 120 137 146 154 157 150 150 141 127 133 108 127 133 129 127 138 128 114 118 122 102
-3.4e+38 -3.4e+38 -3.4e+38 -3.4e+38 -3.4e+38 -3.4e+38 -3.4e+38 -3.4e+38 -3.4e+38 -3.4e+38 -3.4e+38 -3.4e+38 -3.4e+38 -3.4e+38 185 177 189 141 172 178 178 166 158 157 158 158 150 129 123 138 129 126 96 136 130 143 129 119 148 149 149 140 73 110 122 112 101 89 136 153 151 141 152 163 161 157 156 153 142 108 111 122 101 128 126 91 80 122 88
-3.4e+38 -3.4e+38 -3.4e+38 -3.4e+38 -3.4e+38 -3.4e+38 -3.4e+38 -3.4e+38 -3.4e+38 -3.4e+38 -3.4e+38 -3.4e+38 -3.4e+38 -3.4e+38 -3.4e+38 186 185 191 165 152 172 160 146 160 160 144 151 147 119 126 119 119 125 119 117 150 146 150 146 148 149 92 125 62 104 110 139 138 155 162 158 163 158 167 168 169 166 165 162 151 145 145 141 135 129 116 111 128 89
-3.4e+38 -3.4e+38 -3.4e+38 -3.4e+38 -3.4e+38 -3.4e+38 -3.4e+38 -3.4e+38 -3.4e+38 -3.4e+38 -3.4e+38 -3.4e+38 -3.4e+38 -3.4e+38 -3.4e+38 -3.4e+38 -3.4e+38 -3.4e+38 -3.4e+38 147 118 165 135 163 153 157 160 155 151 115 134 137 125 77 144 155 155 133 115 149 141 142 153 146 155 151 138 151 163 169 163 135 148 165 171 172 173 173 173 171 170 164 160 146 129 137 141 143 130
-3.4e+38 -3.4e+38 -3.4e+38 -3.4e+38 -3.4e+38 -3.4e+38 -3.4e+38 -3.4e+38 -3.4e+38 -3.4e+38 -3.4e+38 -3.4e+38 -3.4e+38 -3.4e+38 -3.4e+38 -3.4e+38 -3.4e+38 -3.4e+38 -3.4e+38 -3.4e+38 -3.4e+38 143 160 137 168 167 165 162 134 133 132 86 141 144 144 143 152 163 147 161 172 179 174 175 121 181 90 183 158 141 164 160 142 172 174 174 175 175 175 175 174 173 170 164 162 158 154 153 132
159 -3.4e+38 -3.4e+38 -3.4e+38 -3.4e+38 -3.4e+38 -3.4e+38 -3.4e+38 -3.4e+38 -3.4e+38 -3.4e+38 -3.4e+38 -3.4e+38 -3.4e+38 -3.4e+38 -3.4e+38 -3.4e+38 -3.4e+38 -3.4e+38 -3.4e+38 -3.4e+38 -3.4e+38 194 153 170 171 156 163 102 147 140 163 149 157 131 147 119 105 171 179 169 180 121 137 192 194 195 196 175 188 157 179 167 174 176 177 177 177 177 176 176 175 174 172 170 167 163 160 154
160 162 -3.4e+38 -3.4e+38 -3.4e+38 -3.4e+38 -3.4e+38 -3.4e+38 -3.4e+38 -3.4e+38 -3.4e+38 -3.4e+38 -3.4e+38 -3.4e+38 -3.4e+38 -3.4e+38 -3.4e+38 -3.4e+38 -3.4e+38 -3.4e+38 -3.4e+38 -3.4e+38 -3.4e+38 194 170 130 171 171 173 166 110 118 161 166 172 142 164 182 178 192 190 193 193 197 198 199 200 200 188 190 186 163 157 159 168 175 178 178 178 178 178 177 175 174 172 170 168 166 164
162 164 166 167 -3.4e+38 -3.4e+38 -3.4e+38 -3.4e+38 -3.4e+38 -3.4e+38 -3.4e+38 -3.4e+38 -3.4e+38 -3.4e+38 -3.4e+38 -3.4e+38 -3.4e+38 -3.4e+38 -3.4e+38 -3.4e+38 -3.4e+38 -3.4e+38 -3.4e+38 -3.4e+38 -3.4e+38 173 185 177 120 165 164 168 179 177 148 179 141 160 143 183 191 193 -3.4e+38 -3.4e+38 -3.4e+38 -3.4e+38 -3.4e+38 203 201 178 186 165 138 143 155 161 171 173 175 177 177 178 177 173 172 169 167 164 163
163 164 166 168 170 -3.4e+38 -3.4e+38 -3.4e+38 -3.4e+38 -3.4e+38 -3.4e+38 -3.4e+38 -3.4e+38 -3.4e+38 -3.4e+38 -3.4e+38 -3.4e+38 -3.4e+38 -3.4e+38 -3.4e+38 -3.4e+38 -3.4e+38 -3.4e+38 -3.4e+38 -3.4e+38 -3.4e+38 -3.4e+38 196 176 191 177 139 165 184 159 173 186 192 194 197 198 -3.4e+38 198 -3.4e+38 -3.4e+38 -3.4e+38 -3.4e+38 -3.4e+38 205 203 191 164 125 110 137 130 155 159 163 169 172 173 165 165 165 161 157 157 150
165 165 167 170 171 173 -3.4e+38 -3.4e+38 -3.4e+38 -3.4e+38 -3.4e+38 -3.4e+38 -3.4e+38 -3.4e+38 -3.4e+38 -3.4e+38 -3.4e+38 -3.4e+38 -3.4e+38 -3.4e+38 -3.4e+38 -3.4e+38 -3.4e+38 -3.4e+38 -3.4e+38 -3.4e+38 -3.4e+38 -3.4e+38 188 191 181 190 198 195 196 195 178 -3.4e+38 -3.4e+38 -3.4e+38 198 200 -3.4e+38 -3.4e+38 -3.4e+38 -3.4e+38 -3.4e+38 -3.4e+38 206 195 180 158 108 131 132 119 126 134 135 154 160 155 145 145 151 148 144 141 135
164 166 167 171 173 174 177 -3.4e+38 -3.4e+38 -3.4e+38 -3.4e+38 -3.4e+38 -3.4e+38 -3.4e+38 -3.4e+38 -3.4e+38 -3.4e+38 -3.4e+38 -3.4e+38 -3.4e+38 -3.4e+38 -3.4e+38 -3.4e+38 -3.4e+38 -3.4e+38 -3.4e+38 -3.4e+38 -3.4e+38 -3.4e+38 -3.4e+38 -3.4e+38 -3.4e+38 -3.4e+38 199 193 196 -3.4e+38 -3.4e+38 -3.4e+38 -3.4e+38 -3.4e+38 -3.4e+38 -3.4e+38 -3.4e+38 -3.4e+38 -3.4e+38 -3.4e+38 -3.4e+38 -3.4e+38 195 191 164 114 151 139 152 160 142 156 131 133 134 111 159 138 132 122 117 115
166 166 168 172 175 176 178 -3.4e+38 -3.4e+38 -3.4e+38 -3.4e+38 -3.4e+38 -3.4e+38 -3.4e+38 -3.4e+38 -3.4e+38 -3.4e+38 -3.4e+38 -3.4e+38 -3.4e+38 -3.4e+38 -3.4e+38 -3.4e+38 -3.4e+38 -3.4e+38 -3.4e+38 -3.4e+38 -3.4e+38 -3.4e+38 -3.4e+38 -3.4e+38 -3.4e+38 -3.4e+38 -3.4e+38 -3.4e+38 -3.4e+38 -3.4e+38 -3.4e+38 -3.4e+38 -3.4e+38 -3.4e+38 -3.4e+38 -3.4e+38 -3.4e+38 -3.4e+38 -3.4e+38 -3.4e+38 -3.4e+38 211 208 193 165 156 172 163 137 169 171 174 175 178 172 172 174 152 159 160 155 151
166 164 166 174 176 179 182 -3.4e+38 -3.4e+38 -3.4e+38 -3.4e+38 -3.4e+38 -3.4e+38 -3.4e+38 -3.4e+38 -3.4e+38 -3.4e+38 -3.4e+38 -3.4e+38 -3.4e+38 -3.4e+38 -3.4e+38 -3.4e+38 -3.4e+38 -3.4e+38 -3.4e+38 -3.4e+38 -3.4e+38 -3.4e+38 -3.4e+38 -3.4e+38 -3.4e+38 -3.4e+38 -3.4e+38 -3.4e+38 -3.4e+38 -3.4e+38 -3.4e+38 -3.4e+38 -3.4e+38 -3.4e+38 -3.4e+38 -3.4e+38 -3.4e+38 215 -3.4e+38 -3.4e+38 -3.4e+38 -3.4e+38 210 202 169 188 185 181 170 185 183 183 183 188 189 184 182 185 159 172 176 171
166 166 171 176 177 181 -3.4e+38 -3.4e+38 -3.4e+38 188 -3.4e+38 -3.4e+38 -3.4e+38 193 -3.4e+38 -3.4e+38 -3.4e+38 -3.4e+38 -3.4e+38 -3.4e+38 -3.4e+38 -3.4e+38 -3.4e+38 -3.4e+38 -3.4e+38 -3.4e+38 -3.4e+38 -3.4e+38 -3.4e+38 -3.4e+38 -3.4e+38 -3.4e+38 -3.4e+38 -3.4e+38 -3.4e+38 -3.4e+38 -3.4e+38 -3.4e+38 -3.4e+38 -3.4e+38 -3.4e+38 -3.4e+38 -3.4e+38 193 207 -3.4e+38 -3.4e+38 -3.4e+38 -3.4e+38 211 206 203 201 201 147 174 133 185 188 189 196 194 178 191 195 189 188 186 179
166 166 170 176 179 182 185 -3.4e+38 -3.4e+38 188 -3.4e+38 -3.4e+38 192 192 193 194 -3.4e+38 -3.4e+38 -3.4e+38 -3.4e+38 -3.4e+38 -3.4e+38 -3.4e+38 -3.4e+38 -3.4e+38 -3.4e+38 -3.4e+38 -3.4e+38 -3.4e+38 -3.4e+38 -3.4e+38 -3.4e+38 -3.4e+38 -3.4e+38 -3.4e+38 -3.4e+38 -3.4e+38 -3.4e+38 -3.4e+38 -3.4e+38 -3.4e+38 -3.4e+38 194 184 -3.4e+38 -3.4e+38 -3.4e+38 -3.4e+38 -3.4e+38 -3.4e+38 210 210 201 202 209 206 207 205 202 202 205 185 203 202 198 196 196 192 194
167 164 166 176 180 182 186 -3.4e+38 -3.4e+38 -3.4e+38 -3.4e+38 -3.4e+38 191 192 193 -3.4e+38 -3.4e+38 -3.4e+38 -3.4e+38 -3.4e+38 -3.4e+38 -3.4e+38 -3.4e+38 -3.4e+38 -3.4e+38 -3.4e+38 -3.4e+38 -3.4e+38 -3.4e+38 -3.4e+38 -3.4e+38 -3.4e+38 -3.4e+38 -3.4e+38 -3.4e+38 -3.4e+38 -3.4e+38 -3.4e+38 -3.4e+38 -3.4e+38 -3.4e+38 207 180 153 -3.4e+38 -3.4e+38 -3.4e+38 -3.4e+38 -3.4e+38 -3.4e+38 -3.4e+38 -3.4e+38 214 199 211 211 211 212 211 208 209 210 208 201 200 187 192 198 202
167 165 166 177 179 180 183 188 -3.4e+38 -3.4e+38 -3.4e+38 -3.4e+38 191 192 193 -3.4e+38 -3.4e+38 -3.4e+38 -3.4e+38 -3.4e+38 -3.4e+38 -3.4e+38 -3.4e+38 -3.4e+38 -3.4e+38 -3.4e+38 -3.4e+38 -3.4e+38 -3.4e+38 -3.4e+38 -3.4e+38 -3.4e+38 -3.4e+38 -3.4e+38 -3.4e+38 -3.4e+38 -3.4e+38 -3.4e+38 -3.4e+38 -3.4e+38 204 206 195 209 -3.4e+38 -3.4e+38 -3.4e+38 -3.4e+38 -3.4e+38 -3.4e+38 -3.4e+38 -3.4e+38 -3.4e+38 -3.4e+38 212 -3.4e+38 -3.4e+38 -3.4e+38 213 211 212 212 209 203 194 209 209 208 207
166 167 170 176 179 180 182 185 -3.4e+38 -3.4e+38 -3.4e+38 193 192 192 193 -3.4e+38 -3.4e+38 -3.4e+38 -3.4e+38 -3.4e+38 -3.4e+38 -3.4e+38 -3.4e+38 -3.4e+38 -3.4e+38 -3.4e+38 -3.4e+38 -3.4e+38 -3.4e+38 -3.4e+38 -3.4e+38 -3.4e+38 -3.4e+38 -3.4e+38 -3.4e+38 -3.4e+38 -3.4e+38 -3.4e+38 -3.4e+38 201 203 201 194 188 -3.4e+38 -3.4e+38 -3.4e+38 -3.4e+38 -3.4e+38 -3.4e+38 -3.4e+38 -3.4e+38 -3.4e+38 -3.4e+38 -3.4e+38 -3.4e+38 -3.4e+38 -3.4e+38 -3.4e+38 -3.4e+38 214 -3.4e+38 -3.4e+38 210 212 212 211 211 210
170 167 173 177 180 180 182 184 186 -3.4e+38 -3.4e+38 193 191 192 193 195 -3.4e+38 -3.4e+38 -3.4e+38 -3.4e+38 -3.4e+38 -3.4e+38 -3.4e+38 -3.4e+38 -3.4e+38 -3.4e+38 -3.4e+38 -3.4e+38 -3.4e+38 -3.4e+38 -3.4e+38 -3.4e+38 -3.4e+38 -3.4e+38 -3.4e+38 -3.4e+38 -3.4e+38 -3.4e+38 205 203 203 202 195 187 -3.4e+38 -3.4e+38 -3.4e+38 -3.4e+38 -3.4e+38 -3.4e+38 -3.4e+38 -3.4e+38 -3.4e+38 -3.4e+38 -3.4e+38 -3.4e+38 -3.4e+38 -3.4e+38 -3.4e+38 -3.4e+38 -3.4e+38 -3.4e+38 -3.4e+38 -3.4e+38 -3.4e+38 -3.4e+38 -3.4e+38 -3.4e+38 -3.4e+38
171 170 174 177 179 180 182 183 185 -3.4e+38 -3.4e+38 192 191 193 194 196 -3.4e+38 -3.4e+38 -3.4e+38 -3.4e+38 -3.4e+38 -3.4e+38 -3.4e+38 -3.4e+38 -3.4e+38 -3.4e+38 -3.4e+38 -3.4e+38 -3.4e+38 -3.4e+38 -3.4e+38 -3.4e+38 -3.4e+38 -3.4e+38 -3.4e+38 -3.4e+38 -3.4e+38 210 209 204 204 203 191 199 -3.4e+38 -3.4e+38 -3.4e+38 -3.4e+38 -3.4e+38 -3.4e+38 -3.4e+38 -3.4e+38 -3.4e+38 -3.4e+38 -3.4e+38 -3.4e+38 -3.4e+38 -3.4e+38 -3.4e+38 -3.4e+38 -3.4e+38 -3.4e+38 -3.4e+38 -3.4e+38 -3.4e+38 -3.4e+38 -3.4e+38 -3.4e+38 -3.4e+38
