trunk/EcoCrop/data/climate/tmin_1.asc
NCOLS 660 
NROWS 360 
XLLCORNER -20 
YLLCORNER -30 
CELLSIZE 0.1666667 
NODATA_value -3.4e+38 
[rows 155 to 185 of 360, columns 207 to 275 of 660]
172 172 175 175 175 181 177 177 181 181 179 178 167 170 165 166 168 170 163 164 162 177 180 184 187 190 189 183 186 184 182 176 167 172 173 175 174 173 167 163 163 163 171 171 175 175 179 181 180 180 180 181 183 184 185 184 186 182 186 185 184 184 182 182 183 184 183 184 184
171 170 171 171 174 178 179 180 182 187 182 173 170 170 168 174 170 168 162 167 163 175 179 181 185 188 189 189 188 188 182 174 170 170 170 175 175 173 174 165 170 165 172 174 174 178 178 182 184 184 183 184 185 184 186 187 184 185 185 184 183 184 182 181 181 180 181 180 182
169 170 169 170 172 171 181 184 178 184 174 173 173 169 167 166 166 172 172 171 172 173 177 179 184 187 189 187 189 187 185 184 179 175 178 176 172 175 174 170 169 172 169 176 177 180 181 182 182 184 185 185 185 185 184 188 186 186 186 184 184 184 181 179 180 178 177 177 179
173 172 173 173 167 170 171 180 185 190 179 173 174 172 172 170 168 172 168 170 164 172 176 178 183 186 188 189 190 188 188 187 185 181 181 173 176 176 171 170 173 173 172 176 180 179 179 183 185 183 182 185 188 188 189 190 188 185 185 185 184 182 182 179 178 177 175 173 174
175 174 175 174 173 174 177 177 177 188 182 177 173 174 175 171 172 171 178 167 172 174 177 177 183 187 189 190 191 191 191 187 190 184 183 179 177 172 171 174 173 178 178 179 179 184 179 180 181 183 182 188 189 190 191 192 192 190 184 185 184 182 181 181 177 175 170 171 173
171 175 174 175 178 174 175 175 176 189 180 179 176 181 180 176 177 174 174 172 176 178 175 183 184 187 189 189 191 192 192 194 189 187 183 183 182 181 177 177 177 180 177 182 179 180 183 184 183 185 186 185 184 187 189 190 191 193 191 188 188 182 180 180 177 176 174 172 172
172 171 175 179 181 174 179 184 188 184 185 184 179 176 177 180 183 176 179 178 179 181 180 184 185 187 189 190 191 191 192 192 189 189 185 184 183 184 176 180 184 181 181 186 182 184 183 184 183 182 182 184 187 189 187 187 191 192 192 191 189 187 187 181 177 176 173 173 173
176 172 176 182 184 184 179 180 188 185 191 184 184 183 182 179 177 180 182 182 182 182 184 185 188 188 189 189 189 188 190 191 186 190 189 188 185 187 185 184 186 188 191 190 190 191 188 185 185 186 191 191 186 188 188 192 193 194 193 191 192 191 188 186 178 176 175 175 176
173 177 179 181 186 188 185 186 190 189 188 184 183 181 183 181 184 184 184 184 184 185 185 188 188 185 185 184 188 189 190 188 186 189 191 190 187 189 189 188 190 191 190 193 193 192 191 189 188 186 185 190 191 189 194 194 192 193 191 192 192 191 190 187 183 179 179 177 176
175 178 175 181 190 184 187 182 191 192 186 185 182 182 186 185 186 185 185 185 184 186 188 187 185 189 189 190 188 189 188 191 187 190 187 191 186 186 192 193 195 192 195 193 196 194 191 193 190 189 190 191 188 195 194 188 194 188 190 191 191 189 191 188 181 181 180 178 179
173 175 183 187 184 186 185 190 190 192 190 189 185 185 184 183 187 188 187 188 188 189 189 188 188 190 191 190 189 189 190 187 189 188 192 192 192 194 192 193 192 195 200 195 198 197 195 194 192 189 191 190 194 191 192 193 189 191 192 188 190 192 189 189 186 184 180 180 179
181 186 188 190 188 191 192 185 189 189 190 190 189 185 187 188 187 189 189 189 190 191 190 190 191 191 192 192 192 192 192 193 193 194 193 190 190 190 191 197 197 201 200 202 200 200 199 197 194 190 189 195 194 194 192 191 187 191 187 187 188 190 191 190 189 187 184 184 183
174 189 194 187 200 193 191 194 192 193 189 190 190 187 188 190 190 191 192 192 191 193 192 193 192 193 192 192 193 193 192 193 193 194 194 194 195 196 198 200 202 203 204 203 202 200 199 198 197 192 193 194 192 194 194 194 193 192 192 193 185 192 189 188 190 189 187 186 188
178 190 184 195 198 199 196 196 190 193 186 190 191 189 191 193 193 192 193 193 194 194 194 194 194 193 193 193 193 194 193 193 195 195 195 195 196 197 198 200 201 202 202 202 196 198 198 196 196 196 197 196 196 196 196 194 192 191 190 189 190 188 188 191 192 192 191 190 191
184 186 191 194 194 183 190 193 192 191 187 190 191 192 192 191 193 194 195 194 195 196 195 195 195 193 193 193 193 194 195 195 195 193 192 194 196 195 196 197 198 201 199 199 195 195 196 194 195 194 196 198 199 197 198 197 199 195 191 193 187 188 191 189 190 193 191 191 191
183 188 187 195 185 185 191 188 188 191 190 191 192 191 194 195 195 196 195 196 195 197 197 196 194 195 194 195 194 195 193 193 194 195 196 196 196 196 197 199 199 200 198 195 200 199 198 198 192 195 193 197 200 201 199 198 198 199 191 191 194 191 194 193 194 194 193 191 191
170 179 187 190 190 186 191 188 191 192 193 191 193 194 196 196 197 197 197 197 197 197 197 196 196 195 196 195 195 195 196 195 196 196 195 195 198 197 198 198 197 200 196 196 195 196 195 193 199 197 195 196 201 202 201 202 199 199 195 194 197 194 196 195 195 194 194 193 192
180 185 188 192 186 185 190 190 192 191 194 195 194 195 197 197 197 198 198 199 198 198 198 198 198 198 197 197 197 196 195 197 196 196 196 196 197 195 196 196 198 196 195 195 199 195 196 195 195 197 192 198 196 201 204 203 202 199 198 198 197 196 195 195 195 195 194 194 192
180 182 193 193 189 186 191 193 195 193 194 196 197 197 198 198 199 199 199 199 199 199 200 199 199 198 198 198 197 197 198 197 197 198 198 196 195 197 195 195 197 197 197 197 195 198 195 195 197 198 196 196 194 200 202 203 202 197 197 195 193 192 193 195 197 197 195 194 192
182 188 189 192 192 189 191 197 193 196 195 198 199 198 199 200 200 200 200 200 200 201 200 201 200 200 199 198 198 198 198 198 197 198 199 199 198 198 198 195 195 197 195 196 196 196 193 194 196 195 195 195 194 200 201 201 202 201 200 195 193 194 192 196 198 198 197 195 191
182 193 193 195 191 193 193 198 195 199 199 199 200 200 200 201 202 202 202 201 202 202 201 202 200 200 199 198 199 200 198 199 200 200 199 197 198 199 197 196 196 194 194 196 195 195 195 196 195 196 194 191 195 195 199 201 200 200 201 201 199 197 199 200 201 199 200 198 197
190 195 195 198 194 193 196 198 200 197 201 200 201 202 202 202 203 203 203 203 203 202 202 202 202 201 200 200 200 200 200 202 201 200 200 198 197 196 197 196 195 195 196 196 196 196 194 195 195 193 197 196 193 194 198 198 199 199 200 200 200 203 203 204 204 201 200 197 197
186 191 191 192 199 199 199 201 200 201 202 202 203 203 203 203 204 205 204 204 204 203 204 204 202 202 202 202 201 202 203 204 204 203 203 202 199 197 196 197 197 196 196 193 195 194 195 195 193 192 192 192 192 191 195 199 199 198 199 199 199 197 202 204 205 203 200 198 196
193 192 196 199 197 198 201 201 202 204 204 202 202 205 205 205 205 206 205 205 205 205 205 205 205 203 202 203 203 204 204 206 206 205 204 203 200 199 196 196 197 195 195 194 197 197 195 196 196 197 192 191 193 192 191 198 198 202 199 200 200 201 202 200 203 201 200 199 196
196 199 200 201 202 203 203 203 204 205 204 205 205 206 206 206 206 206 206 207 206 206 207 207 206 203 203 201 202 205 205 206 207 207 207 204 202 200 199 196 196 197 196 196 196 199 195 194 197 194 195 197 193 190 197 198 198 199 197 199 197 198 200 200 201 201 201 200 197
197 195 198 200 199 201 205 204 205 205 206 207 207 206 207 207 208 208 208 207 207 207 206 207 206 205 204 203 204 207 208 209 211 211 209 207 204 202 201 198 197 195 195 194 195 196 194 196 193 193 195 194 194 193 195 198 199 198 197 197 197 196 200 200 201 201 199 197 196
196 196 199 199 202 202 204 205 204 206 207 207 208 208 208 208 209 210 208 208 208 208 207 207 208 205 207 206 207 208 210 212 213 214 213 210 207 204 203 200 199 196 193 193 192 192 194 193 193 192 193 195 196 196 197 197 197 199 197 195 194 196 199 200 201 199 200 199 196
198 197 200 200 203 205 206 206 207 207 209 208 210 209 210 210 211 211 210 210 210 208 208 207 207 207 205 207 208 210 210 212 214 217 213 210 208 204 201 197 197 195 196 196 195 193 194 193 195 195 197 196 197 197 197 196 197 196 198 197 195 198 199 200 200 202 197 197 196
197 201 202 202 203 205 205 206 207 209 208 210 211 211 211 212 212 212 211 212 210 211 209 208 207 208 206 208 208 210 210 211 212 213 212 208 205 202 202 199 196 195 193 195 196 196 195 196 195 197 196 196 197 196 196 195 195 196 196 198 198 198 199 199 198 201 200 196 198
198 201 201 201 204 205 206 207 209 209 210 210 213 212 213 215 214 214 213 212 211 211 210 208 208 207 207 209 209 209 211 211 211 210 210 207 204 200 200 199 197 195 194 192 192 194 194 197 197 197 196 197 196 196 196 195 195 194 197 198 197 198 198 199 198 199 198 199 198
198 200 200 204 204 206 208 209 209 211 212 212 212 214 214 216 215 216 215 213 212 213 211 210 210 208 208 208 209 210 210 211 210 210 208 206 204 202 198 196 196 194 194 195 194 195 193 194 196 196 197 196 196 195 194 195 195 193 197 196 199 198 198 199 198 200 200 198 198
