trunk/EcoCrop/data/climate/tmin_3.asc
NCOLS 660 
NROWS 360 
XLLCORNER -20 
YLLCORNER -30 
CELLSIZE 0.1666667 
NODATA_value -3.4e+38 
[rows 240 to 269 of 360, columns 276 to 344 of 660]
147 166 176 179 180 182 184 185 184 163 149 157 178 180 184 185 178 168 168 173 165 163 160 158 163 163 164 165 165 163 163 160 161 167 168 168 175 176 166 181 166 194 195 172 143 157 182 204 215 213 213 173 168 162 171 189 185 188 192 183 198 201 203 194 207 206 207 203 195
149 152 175 179 178 180 183 185 185 167 150 153 175 180 183 184 180 166 172 166 166 161 160 160 166 168 160 161 162 167 164 161 161 167 168 172 172 174 175 172 190 197 197 157 160 159 168 182 211 214 213 190 162 186 190 195 198 189 190 188 198 197 195 201 208 202 200 195 193
149 167 168 173 174 179 178 181 185 157 149 151 177 181 181 183 178 167 172 171 170 170 168 170 170 167 168 168 166 165 165 168 167 169 168 169 169 171 173 180 197 201 196 163 166 159 112 117 196 208 213 185 195 180 194 179 189 182 183 172 201 192 194 195 201 196 202 204 204
156 164 172 173 171 172 173 178 182 180 148 152 178 177 179 180 176 172 172 169 171 173 173 172 170 170 171 170 170 168 167 166 168 169 163 168 160 168 166 175 197 199 194 173 172 156 112 116 145 213 213 213 144 190 189 182 184 181 181 189 194 192 193 199 195 203 207 209 206
164 154 164 168 171 169 172 173 179 173 174 166 172 176 177 178 173 172 170 170 171 175 175 173 172 172 170 169 170 168 168 167 166 162 159 162 160 171 170 180 197 197 192 180 175 148 128 108 162 212 212 213 168 161 181 177 185 183 174 186 200 194 193 193 196 196 205 207 214
155 154 156 157 165 168 171 169 168 161 173 174 169 175 176 177 171 169 168 171 172 172 174 174 174 171 169 171 170 168 168 164 161 154 154 156 156 169 170 182 197 198 197 166 175 160 172 163 156 211 212 213 180 162 165 189 188 189 199 199 196 201 199 195 202 205 210 202 208
156 151 151 161 166 170 168 168 169 167 168 173 171 174 176 175 169 167 170 170 174 172 175 174 174 172 172 171 169 168 165 166 164 151 153 150 166 160 174 187 195 199 196 173 175 171 174 173 138 210 212 212 177 151 167 193 191 197 209 203 202 199 204 205 204 203 206 201 206
156 152 153 157 167 168 161 163 163 165 167 170 169 170 173 172 171 168 168 171 173 175 175 174 173 172 171 171 169 167 164 160 155 148 154 155 165 179 186 191 195 198 195 183 174 173 162 167 153 210 211 213 213 191 172 193 202 203 204 209 208 202 201 207 212 201 209 210 215
157 154 155 156 165 164 162 159 161 165 166 167 169 171 173 166 163 164 167 175 174 175 174 174 172 172 171 171 170 165 163 160 153 151 149 159 165 181 191 195 197 197 190 171 172 167 168 161 152 172 211 214 214 215 160 186 207 207 210 210 210 207 205 208 215 206 215 214 217
153 155 156 158 163 162 159 159 162 163 164 166 168 169 171 167 160 164 172 173 173 171 173 173 172 172 171 170 168 167 161 163 158 139 156 162 167 180 195 197 198 194 181 171 171 162 149 157 193 199 211 214 217 216 151 200 209 209 209 208 213 213 213 213 218 220 216 220 220
157 158 157 158 161 162 158 158 155 161 162 163 166 166 171 166 163 166 172 173 173 171 172 172 172 171 171 170 167 167 164 158 160 156 171 172 189 191 197 198 194 186 174 171 168 160 143 153 205 208 212 216 222 217 173 206 207 206 205 205 213 215 211 216 214 216 219 218 219
155 154 154 157 157 156 157 157 154 158 162 161 163 165 169 172 169 170 171 173 170 171 171 171 170 171 169 169 167 167 162 162 158 162 186 174 195 197 198 195 190 177 172 169 167 160 141 176 203 212 213 219 222 211 203 206 204 202 199 205 211 211 210 213 214 214 218 217 218
160 156 155 157 156 156 156 155 155 155 158 156 161 163 167 167 168 169 171 171 168 168 170 170 170 170 169 167 165 162 158 158 154 157 193 190 193 196 197 191 184 177 171 165 164 153 141 150 210 211 214 217 220 196 205 203 197 200 198 205 208 210 209 209 213 215 216 201 215
161 158 158 159 158 154 155 155 156 155 154 153 160 154 164 167 166 170 170 166 169 169 169 170 168 169 169 167 163 161 157 151 154 184 196 196 195 199 197 192 187 174 166 164 162 154 154 166 210 212 213 216 206 199 197 199 183 190 196 201 203 205 208 203 210 211 213 214 213
156 160 159 163 157 157 157 155 154 155 155 152 157 158 159 164 163 163 165 166 168 167 169 168 168 168 165 166 161 155 151 155 158 191 194 196 199 198 195 187 178 173 168 165 161 158 160 172 208 211 213 214 199 190 195 193 179 193 161 194 194 199 203 202 205 210 215 216 213
160 158 161 162 158 156 154 158 155 156 154 152 158 157 158 159 162 161 162 165 165 165 166 166 167 167 164 159 157 155 151 155 170 190 194 199 200 198 192 183 177 172 165 165 164 168 176 166 202 210 211 212 212 209 173 144 183 174 163 183 190 192 191 207 210 212 213 216 215
161 161 158 161 158 156 157 157 157 159 157 158 160 161 158 160 161 162 163 163 166 163 162 165 164 163 158 160 154 149 152 155 186 195 195 199 200 196 191 185 177 170 173 172 174 171 182 170 187 210 209 211 211 175 166 147 179 181 147 180 188 195 205 206 210 212 212 211 212
157 159 160 160 160 159 159 158 158 160 155 160 159 162 159 155 158 160 162 162 163 161 158 161 161 155 156 153 146 146 151 149 191 193 198 200 197 193 185 180 176 173 175 177 179 177 170 170 193 208 209 210 210 155 158 165 174 177 161 172 189 193 198 204 208 207 206 209 208
156 156 157 162 159 162 158 162 158 159 160 159 163 161 161 162 159 155 159 160 159 158 157 160 159 153 148 146 146 147 146 192 194 192 199 199 194 190 183 180 177 178 177 178 174 170 173 177 191 208 209 211 211 177 184 162 171 167 161 173 190 196 195 201 203 201 203 205 203
155 157 160 162 162 161 161 161 162 161 164 163 164 164 163 162 159 157 159 160 158 151 156 156 151 151 156 156 162 155 149 197 196 197 193 198 190 192 185 181 182 178 178 178 174 176 170 167 190 207 210 211 211 189 180 155 163 162 173 189 195 199 199 199 197 198 196 198 190
153 156 158 162 161 158 162 163 162 163 163 165 164 160 161 161 158 156 154 155 158 150 146 149 147 158 161 172 181 177 175 197 199 198 189 194 193 188 185 182 179 179 179 177 176 169 160 151 182 206 212 212 213 207 178 157 169 165 179 192 192 195 197 194 188 188 186 190 191
156 158 163 159 157 159 163 162 162 164 162 160 162 162 160 158 157 156 161 160 159 153 150 156 151 155 168 192 194 175 195 200 195 195 180 192 176 181 180 175 169 178 179 177 173 166 156 148 182 202 212 213 214 206 198 160 174 182 182 185 194 195 192 190 183 179 177 181 189
159 161 161 157 156 158 159 163 163 165 161 160 162 162 157 158 162 163 164 160 157 155 151 160 156 162 180 192 187 184 200 195 191 190 186 187 178 177 176 175 169 172 176 175 169 163 158 156 167 193 209 213 215 214 211 159 164 174 180 189 193 194 191 184 179 173 176 184 187
158 162 161 160 159 160 160 164 165 166 164 165 166 163 161 161 159 162 163 161 156 155 157 160 169 185 195 192 192 199 196 182 178 181 180 179 167 172 173 172 168 173 172 171 165 166 164 165 160 175 203 213 215 216 214 154 160 169 188 191 193 191 187 185 186 181 183 186 188
162 161 163 158 158 156 163 164 164 165 166 165 165 164 163 160 161 164 166 160 159 158 164 170 185 197 186 173 199 191 188 181 180 175 171 173 172 173 172 179 168 173 170 168 163 165 160 159 150 151 173 211 213 218 215 201 172 180 188 193 194 190 189 189 190 187 186 187 192
165 164 164 163 161 158 165 165 166 166 167 166 166 164 165 166 163 162 165 164 161 154 155 169 188 190 191 202 189 188 183 177 176 171 170 172 173 173 171 169 161 176 176 166 155 162 158 155 151 146 150 205 211 209 213 211 171 178 190 195 194 189 187 190 190 187 189 189 190
167 166 164 164 161 166 165 166 166 167 167 167 165 163 164 166 166 164 168 162 160 159 163 180 198 183 200 192 185 185 175 172 174 169 170 171 175 176 176 175 178 179 181 175 164 157 156 156 153 148 149 200 206 192 195 211 183 186 194 196 194 191 193 194 193 190 190 189 190
165 164 166 165 164 161 162 164 164 166 167 166 166 164 164 166 168 165 170 168 161 184 183 194 186 173 202 189 184 180 177 169 170 172 173 174 175 179 188 187 192 182 164 184 163 153 156 159 158 157 153 176 198 193 182 210 197 186 195 196 196 192 194 195 192 193 192 190 187
166 165 166 165 161 159 159 160 163 164 165 165 164 167 167 167 171 168 195 195 192 198 196 184 199 193 195 177 179 179 169 169 174 174 168 174 177 184 189 192 195 176 189 186 161 156 159 166 161 165 158 157 167 190 190 208 203 190 195 196 195 196 197 198 199 197 191 185 180
166 164 159 160 162 161 161 160 161 163 165 164 164 164 166 169 183 195 195 198 196 196 191 168 186 199 195 195 185 170 175 174 179 173 169 169 175 171 173 196 187 194 195 188 182 165 161 173 168 172 159 151 183 191 196 205 203 194 197 196 192 197 196 191 197 171 187 176 174
