trunk/EcoCrop/data/climate/tmin_1.asc
NCOLS 660 
NROWS 360 
XLLCORNER -20 
YLLCORNER -30 
CELLSIZE 0.1666667 
NODATA_value -3.4e+38 
[rows 217 to 247 of 360, columns 276 to 344 of 660]
186 191 191 195 198 200 198 199 197 194 198 193 190 191 186 187 192 163 164 187 201 201 185 137 186 182 170 181 188 191 194 194 192 193 194 192 190 190 189 187 185 184 182 179 172 167 164 164 164 170 167 171 175 176 175 193 190 177 173 176 180 175 150 157 159 152 173 187 187
184 189 194 194 196 198 196 196 190 197 195 198 194 191 189 180 181 180 171 186 200 202 203 194 202 190 190 179 200 203 199 199 197 191 194 193 190 191 189 188 186 184 182 179 177 172 170 165 167 166 171 174 179 176 178 189 188 186 181 181 181 185 181 170 161 135 189 203 212
185 191 196 196 197 197 198 197 188 192 192 193 198 197 192 179 178 177 169 159 183 203 203 205 207 207 198 184 198 208 208 205 205 196 193 192 191 190 187 188 185 184 180 179 176 172 167 166 168 168 166 175 177 177 179 183 188 185 185 184 184 143 175 181 183 137 196 213 216
183 191 193 195 193 195 197 199 197 200 197 198 197 195 194 188 178 180 167 161 181 202 204 207 209 211 214 210 208 211 212 210 208 201 189 194 192 190 189 186 184 183 181 178 176 171 169 164 157 172 164 177 175 178 180 183 186 184 185 195 193 166 169 173 180 206 211 215 216
179 190 194 193 193 195 199 199 202 201 200 203 200 199 194 192 183 178 163 162 172 169 206 209 212 215 217 217 212 213 214 213 209 199 195 194 193 190 190 186 185 183 182 178 177 174 171 169 171 173 175 178 178 180 181 184 186 186 195 197 187 186 178 148 171 209 214 218 215
181 187 194 190 177 195 201 197 196 203 202 204 199 202 195 189 182 165 160 168 180 164 190 211 217 219 222 223 209 213 215 212 209 204 199 192 192 190 190 189 185 182 179 177 174 173 170 171 171 172 174 175 176 179 179 182 190 191 198 195 173 194 127 143 193 209 217 207 181
179 190 191 187 184 199 201 197 201 199 204 204 199 195 199 187 182 162 164 160 172 166 174 160 175 221 225 219 220 217 218 217 205 202 196 193 193 189 186 184 183 180 178 175 174 168 166 168 167 169 172 172 174 178 181 189 196 198 193 171 188 176 170 183 198 205 217 212 209
190 188 187 192 191 200 201 201 199 199 201 204 206 201 193 185 169 166 171 160 168 171 172 151 157 223 228 231 220 219 222 214 201 196 194 189 186 176 182 176 176 175 175 172 169 155 153 167 167 167 169 171 174 177 179 193 194 190 165 171 140 183 203 181 183 208 207 219 230
186 188 189 194 198 198 198 195 198 201 200 198 207 198 174 178 169 178 170 181 172 171 160 151 164 224 227 229 217 217 223 233 211 188 190 191 186 182 175 178 177 161 169 162 159 156 155 166 164 165 162 166 177 187 188 188 189 165 159 159 155 200 198 178 205 173 229 224 230
189 187 172 191 198 200 201 198 192 198 198 179 200 198 199 195 184 182 185 171 160 169 160 167 178 202 225 226 224 210 213 209 194 183 186 189 192 186 180 180 180 160 165 161 160 156 158 157 148 161 168 178 180 167 182 171 144 154 150 141 153 168 163 145 190 218 232 230 235
189 194 189 194 193 202 203 200 190 177 182 178 196 195 198 203 197 183 191 182 172 163 168 180 190 207 222 223 222 205 190 189 174 156 154 188 191 194 188 181 183 179 162 162 162 160 148 153 157 164 176 181 175 173 177 158 142 147 143 128 165 175 187 209 205 234 233 235 237
196 193 197 199 201 202 203 195 183 170 168 184 189 193 178 191 200 195 190 187 170 170 177 189 198 200 202 220 219 209 186 175 161 156 156 167 191 194 196 194 184 174 168 164 165 162 152 158 158 169 170 170 170 154 139 137 143 137 138 130 153 220 223 229 231 234 233 232 231
194 194 200 201 201 202 195 193 183 173 167 177 185 188 179 175 187 185 192 179 167 179 201 197 199 200 193 217 215 213 189 164 158 151 149 147 192 194 195 195 181 178 176 167 167 163 157 163 175 174 177 178 176 165 149 137 135 134 131 133 198 231 232 232 232 233 233 234 234
192 199 200 201 201 192 154 157 167 171 168 177 171 183 184 190 181 187 192 189 186 195 201 199 203 200 198 211 211 208 204 165 157 149 145 153 146 192 193 196 195 193 180 169 169 156 171 177 178 177 176 176 167 147 136 138 135 149 141 146 232 233 233 230 227 229 232 231 238
196 200 200 200 200 186 150 157 165 165 171 174 180 187 186 184 172 194 194 181 184 195 199 200 198 194 204 207 195 203 199 170 154 145 145 151 153 189 189 187 191 192 191 174 162 149 177 178 177 176 172 170 164 160 141 133 138 152 167 229 233 234 232 217 220 225 225 234 231
199 200 200 194 195 159 146 158 162 161 173 181 169 186 184 174 193 193 193 178 185 196 197 192 192 185 196 192 166 165 196 164 150 143 146 152 160 158 189 175 167 165 185 165 152 155 172 174 175 171 163 165 165 150 161 168 168 185 204 229 233 234 225 189 220 229 226 229 231
199 200 198 186 191 150 148 158 167 176 177 161 164 182 182 190 192 192 189 183 183 194 194 190 186 184 174 170 159 165 148 144 141 145 150 151 157 167 162 185 163 156 156 163 148 130 124 112 146 135 156 157 147 149 160 165 171 196 223 230 231 231 215 186 225 224 222 223 225
199 198 191 182 194 155 153 176 183 165 156 157 165 183 189 189 190 190 188 189 189 187 185 182 172 179 177 170 173 167 154 144 142 145 149 150 154 166 164 173 176 159 149 141 129 134 117 93 118 128 124 140 134 145 160 168 176 205 216 229 228 224 216 211 220 222 205 226 224
190 188 178 162 175 156 177 184 185 152 151 153 166 185 188 188 189 182 184 187 181 180 176 164 164 175 175 171 170 169 145 147 141 144 154 159 167 173 172 162 170 168 153 138 132 161 158 153 113 96 119 124 127 135 144 150 162 199 222 225 218 190 204 181 211 216 222 226 218
187 180 153 161 164 182 182 184 166 155 152 156 164 186 188 188 187 183 173 179 179 176 166 164 166 162 160 156 160 152 150 147 151 149 158 161 170 175 178 175 166 158 169 159 122 174 190 210 140 130 104 116 120 135 141 154 167 223 216 215 195 190 205 201 213 227 217 216 215
183 162 152 159 173 180 185 185 182 161 155 157 165 185 185 187 185 183 168 171 173 175 173 172 168 163 156 159 156 161 151 153 158 158 163 165 171 177 180 178 176 173 171 169 174 195 214 214 213 154 127 110 112 132 141 156 208 197 193 195 183 194 220 216 218 215 213 216 211
169 148 168 176 180 182 184 185 183 155 150 155 177 184 186 186 185 171 164 171 173 172 169 164 155 158 156 155 153 156 158 153 160 164 167 171 175 178 181 182 179 174 179 175 170 183 195 216 215 214 144 132 117 146 149 153 162 168 205 178 202 205 213 215 211 208 218 216 203
157 167 175 177 179 182 184 185 184 184 153 155 179 182 185 185 184 172 168 171 172 163 157 163 158 155 154 161 158 158 159 158 161 163 168 171 175 178 180 184 184 188 191 177 152 176 190 218 217 216 214 155 144 158 173 177 178 192 195 194 198 210 210 209 207 215 209 208 198
147 165 175 178 179 181 183 185 184 163 149 158 179 180 184 185 177 169 168 172 166 163 159 158 162 163 163 164 163 162 162 158 160 166 167 167 174 176 168 183 167 196 197 172 144 158 184 208 217 216 216 176 170 164 173 192 187 190 194 185 201 203 205 197 209 208 210 206 198
149 154 174 178 178 179 182 184 184 167 150 154 175 180 184 184 179 166 172 166 165 160 161 160 165 166 159 161 161 167 163 160 161 166 169 171 173 175 177 174 193 200 200 158 162 162 170 185 214 216 216 193 164 188 193 199 201 193 193 191 201 200 197 203 210 205 203 198 195
150 168 168 173 173 178 177 180 183 158 149 151 177 180 180 183 178 168 172 169 170 169 167 169 169 165 168 167 165 166 166 168 167 168 169 169 171 173 175 183 199 204 199 166 168 162 113 119 199 210 216 187 198 182 197 182 193 186 186 175 204 194 197 198 203 199 204 207 208
156 165 172 171 171 171 173 178 182 180 150 154 178 177 179 180 175 171 171 169 169 171 171 170 168 169 170 169 169 167 167 166 168 169 164 169 164 170 169 178 201 204 198 177 177 159 115 118 148 216 217 217 145 193 193 186 187 185 183 192 196 195 196 201 197 206 210 212 208
165 155 165 168 171 169 172 174 180 172 173 166 172 176 177 177 172 172 171 169 170 172 173 172 170 171 170 169 170 168 168 168 168 164 161 163 162 174 173 183 200 201 196 186 179 152 132 111 164 216 216 216 170 163 185 180 189 187 176 189 203 196 197 196 199 199 208 210 218
157 156 157 158 165 169 171 170 169 163 174 174 170 175 175 176 170 169 166 168 170 170 172 172 172 170 169 171 170 168 169 164 162 156 156 159 158 172 173 186 201 203 201 170 180 165 177 166 158 217 216 216 183 165 168 193 191 193 203 202 200 205 202 198 205 207 213 204 211
157 153 154 162 168 170 169 169 170 168 169 173 172 175 176 175 168 167 168 168 172 170 172 172 172 172 170 171 169 169 166 167 165 152 155 152 169 164 178 190 200 203 200 177 180 177 178 178 140 214 215 216 180 154 170 197 195 201 213 207 207 202 207 209 207 206 207 204 209
158 154 154 159 167 169 163 165 164 167 167 170 169 170 173 172 170 167 167 170 171 173 172 172 172 172 171 170 170 167 164 162 157 150 157 157 168 182 190 195 199 203 198 188 179 178 167 171 157 214 214 217 217 194 175 196 206 206 208 213 211 206 205 210 216 204 212 214 219
