trunk/EcoCrop/data/climate/tmin_2.asc
NCOLS 660 
NROWS 360 
XLLCORNER -20 
YLLCORNER -30 
CELLSIZE 0.1666667 
NODATA_value -3.4e+38 
[rows 155 to 185 of 360, columns 276 to 344 of 660]
188 188 186 187 186 184 183 181 180 179 177 178 176 176 177 179 181 180 182 185 186 187 188 188 188 187 186 184 186 190 195 200 207 212 212 206 205 200 196 166 201 196 201 200 196 190 181 164 196 206 192 219 223 225 227 226 222 213 229 238 237 234 224 214 204 202 191 193 184
185 184 185 185 185 182 183 182 181 180 179 177 178 179 180 181 181 184 186 187 188 189 189 189 187 185 184 183 187 189 193 197 206 200 214 205 206 206 198 195 165 111 184 196 194 189 187 183 160 196 205 215 221 223 217 226 224 222 232 238 236 230 227 209 211 207 204 201 191
182 183 183 183 183 181 180 179 181 180 178 177 179 180 183 184 185 185 187 188 189 190 189 188 188 185 183 182 185 188 194 194 200 200 205 214 208 204 199 190 187 161 184 189 191 173 178 169 149 176 203 214 219 219 199 224 223 228 232 237 236 233 225 202 210 202 206 206 198
179 179 181 181 182 182 181 178 177 178 177 178 180 183 184 186 188 189 189 188 189 188 189 189 187 187 181 180 181 184 185 193 201 204 200 211 208 203 198 189 182 182 183 185 186 168 173 171 165 156 181 210 215 214 218 220 225 229 229 236 234 219 217 197 210 212 211 210 200
176 176 179 179 179 179 178 178 179 178 178 178 181 184 185 186 187 189 186 189 187 187 187 185 186 183 183 181 180 179 186 190 203 206 204 208 203 201 190 183 178 181 181 179 180 152 162 169 167 159 188 202 208 210 220 218 224 229 232 234 233 226 217 205 211 216 216 213 200
174 174 178 179 179 180 177 179 176 178 180 181 181 183 187 189 188 189 185 185 186 186 187 187 186 185 183 180 179 179 187 193 201 204 197 197 197 191 195 186 182 179 181 180 178 180 178 175 171 169 184 200 206 172 214 222 223 223 228 228 231 229 219 202 211 216 216 213 204
176 174 177 176 176 179 179 176 178 177 180 182 181 182 185 183 186 185 185 185 183 188 187 184 185 185 182 181 178 180 186 194 194 187 184 185 186 185 179 180 182 176 177 176 170 177 176 175 174 173 172 192 186 170 180 218 224 225 226 227 227 226 222 210 209 210 208 209 207
175 177 176 176 177 178 178 180 176 178 177 181 182 182 185 182 184 185 185 178 183 180 183 180 183 181 181 177 177 180 185 192 194 182 180 178 173 176 174 179 178 175 175 178 177 168 172 175 176 175 175 170 187 189 208 216 221 218 222 223 225 222 221 216 204 191 179 206 207
178 179 178 176 176 176 177 179 179 179 180 180 181 183 183 184 184 185 186 184 179 176 175 171 180 179 179 176 173 177 184 187 187 184 178 178 174 172 172 175 175 174 176 176 177 177 163 175 178 177 177 173 164 197 202 210 213 200 214 212 217 217 212 215 206 132 188 201 201
180 177 178 177 177 179 176 177 179 180 179 181 182 183 183 184 182 183 182 181 176 172 170 166 164 166 170 162 152 163 184 182 191 187 179 178 175 171 173 172 172 175 174 175 178 178 177 173 180 179 179 171 149 179 195 203 206 194 205 202 209 210 185 213 180 156 193 195 194
178 178 178 178 180 181 179 179 179 179 182 182 183 183 183 183 183 182 179 177 176 167 168 169 165 160 158 142 141 148 175 183 194 192 182 181 180 171 174 174 171 172 176 175 177 179 180 179 178 178 175 167 152 164 170 197 201 189 198 200 203 201 171 207 171 180 185 189 192
181 180 181 180 186 179 180 180 179 180 182 182 183 182 181 181 180 177 178 174 171 170 169 169 165 157 153 141 137 131 155 183 200 197 192 182 179 175 174 174 172 171 172 174 179 179 179 179 177 173 169 162 155 149 123 189 195 181 190 194 198 191 163 209 142 165 177 182 187
187 187 187 183 186 189 184 179 179 180 183 184 181 180 181 172 177 178 179 175 172 167 167 168 149 139 141 131 128 117 186 202 202 199 193 176 170 174 175 174 173 171 176 173 175 180 179 181 177 166 166 164 151 154 144 137 188 180 149 186 191 190 205 201 130 152 166 170 182
191 189 187 188 189 190 189 185 176 185 179 184 184 180 179 173 175 181 179 171 173 172 159 157 157 153 134 128 117 189 204 205 205 188 180 173 171 172 175 172 174 176 178 178 184 181 184 181 177 175 171 166 151 156 142 121 180 174 143 177 179 184 191 145 135 120 155 160 177
190 189 189 191 190 190 190 190 192 189 187 188 183 182 182 175 180 182 174 175 175 169 160 161 156 150 142 121 202 202 205 207 182 176 173 172 174 172 174 174 176 178 180 181 186 188 186 183 178 176 172 166 112 152 152 147 109 168 162 175 184 177 198 157 131 120 127 115 173
190 189 188 189 188 182 190 191 191 190 186 187 185 182 180 178 174 177 177 176 175 171 171 166 152 148 138 195 199 203 205 177 173 174 175 173 174 174 174 173 175 177 180 181 185 185 185 180 178 174 170 165 156 143 148 117 104 162 159 157 174 187 189 137 121 132 140 151 160
191 191 189 187 188 187 185 184 189 191 190 191 192 186 183 183 180 179 179 174 170 170 174 169 156 143 190 195 198 196 174 176 171 176 175 174 174 169 170 171 173 175 178 183 185 184 182 177 171 172 140 113 151 140 114 121 57 156 156 121 163 174 135 104 104 139 139 90 156
192 185 191 192 189 189 185 188 186 188 189 191 191 191 186 181 180 182 178 171 176 177 173 151 130 148 191 194 199 166 168 174 175 173 172 172 169 167 166 168 168 172 176 180 181 181 176 176 170 169 93 56 103 104 93 77 42 92 154 123 149 158 146 72 106 117 135 84 152
192 191 187 186 184 188 189 186 185 187 185 185 191 183 182 183 184 177 181 177 176 167 164 148 165 188 190 193 176 171 170 172 173 171 172 172 169 165 165 163 166 167 169 174 177 176 175 172 171 139 108 17 89 103 97 87 57 82 148 133 162 143 114 70 71 108 122 119 151
194 194 190 189 187 185 186 189 187 187 187 183 188 184 178 178 182 183 177 177 175 167 159 172 185 181 186 159 156 162 171 167 165 172 169 170 170 167 165 162 164 163 167 167 173 175 174 174 173 158 113 83 89 108 99 97 81 93 128 143 156 120 104 72 83 76 120 124 122
196 195 192 191 186 183 186 186 189 187 187 185 187 185 179 175 179 178 179 172 173 168 183 179 168 150 132 141 155 166 159 169 162 162 168 153 168 167 164 162 164 162 163 165 168 170 169 171 170 159 147 128 119 110 104 91 86 145 135 154 139 135 82 81 81 97 124 142 141
196 194 194 192 190 185 181 186 182 186 188 187 184 184 177 174 159 176 176 176 173 184 183 140 67 132 132 148 156 160 160 164 166 168 163 162 165 164 160 155 162 162 164 164 164 166 169 170 168 160 152 137 127 103 98 88 80 151 95 150 162 133 80 77 80 93 116 138 151
192 194 194 188 184 180 181 181 181 181 185 183 169 177 171 171 175 169 170 173 154 180 170 -3 110 159 156 154 154 155 161 165 166 167 166 164 156 160 160 162 162 154 158 163 161 160 160 166 160 160 151 147 128 118 92 85 82 76 124 147 163 102 74 76 84 93 94 116 141
196 194 184 187 183 182 183 180 181 186 180 183 183 185 176 168 159 171 146 116 141 180 144 17 148 173 157 155 156 157 163 165 165 164 166 163 158 160 165 167 160 161 163 158 164 162 166 165 160 155 152 141 130 118 96 89 83 74 114 124 160 75 73 75 78 87 82 82 103
196 195 194 186 185 182 181 179 176 183 184 184 182 184 180 172 160 159 156 121 117 173 162 167 173 173 156 155 158 157 159 162 162 165 166 161 162 163 166 167 165 160 165 166 165 166 167 166 165 158 147 140 128 111 104 96 87 76 91 113 100 82 63 73 73 80 76 69 56
195 195 193 185 184 184 178 176 177 182 175 182 178 174 174 167 167 168 113 109 89 175 177 168 174 172 152 151 152 153 155 159 158 162 164 167 166 166 167 167 163 166 167 167 167 167 167 167 166 158 151 150 163 158 152 125 99 80 65 103 96 49 60 63 65 74 68 27 14
196 194 193 190 186 191 182 177 180 179 180 181 182 174 169 160 164 156 102 83 112 176 175 169 156 135 144 148 152 152 153 153 158 164 165 168 166 167 168 168 168 167 168 169 169 168 168 168 166 164 163 162 161 159 143 136 99 67 65 85 76 59 61 19 53 71 71 26 62
195 193 192 193 191 183 179 181 175 178 177 177 179 173 173 146 160 118 107 108 179 176 173 163 141 136 135 143 149 148 150 149 154 160 161 168 167 167 168 168 169 169 170 170 170 170 170 168 167 165 162 156 145 132 117 107 81 70 54 67 90 84 68 39 31 78 85 81 94
195 192 191 191 190 187 179 179 180 177 170 179 175 165 166 152 134 115 98 112 180 175 167 157 132 137 143 147 144 143 147 144 150 158 163 167 167 168 168 170 170 171 171 172 172 172 171 169 163 153 156 147 131 109 115 105 88 77 66 51 80 80 81 53 42 80 97 113 115
196 195 193 194 190 186 178 172 176 185 163 151 163 168 148 164 114 125 141 180 180 166 152 129 134 131 143 131 143 145 139 138 139 153 160 164 166 168 169 170 171 173 173 173 174 174 172 171 165 146 151 139 123 104 111 105 91 83 70 65 44 88 91 53 52 87 109 124 127
196 194 194 194 192 191 180 187 187 187 186 164 173 152 153 173 144 148 124 167 174 121 122 143 130 142 144 137 141 138 141 137 144 151 158 162 165 167 170 171 172 174 176 176 176 176 175 174 170 165 150 137 120 107 110 110 103 89 84 81 58 92 94 80 88 104 113 114 135
