trunk/EcoCrop/data/climate/tmin_5.asc
NCOLS 660 
NROWS 360 
XLLCORNER -20 
YLLCORNER -30 
CELLSIZE 0.1666667 
NODATA_value -3.4e+38 
[rows 300 to 329 of 360, columns 207 to 275 of 660]
125 121 116 109 105 100 93 92 89 88 89 91 88 85 81 79 80 84 88 89 91 94 93 91 91 90 90 90 90 90 90 90 91 91 90 89 90 90 91 93 94 95 97 96 96 97 97 96 96 96 95 95 95 94 94 94 94 94 94 94 95 95 94 94 94 93 94 94 94
123 121 116 112 103 106 104 101 102 98 95 89 86 83 80 76 78 76 82 86 90 91 90 89 88 89 87 88 88 90 91 89 89 89 89 90 90 91 93 92 94 96 96 95 96 96 96 95 95 95 95 94 93 93 93 94 94 94 93 94 94 94 94 93 93 93 93 92 93
113 127 122 114 110 118 113 107 102 97 89 89 84 79 74 76 71 84 86 88 90 90 87 86 86 86 86 86 86 87 88 87 88 88 88 88 90 91 92 93 95 94 94 95 95 95 95 95 94 94 94 93 91 91 92 92 93 92 92 93 93 93 93 93 92 92 92 91 91
127 123 122 118 121 119 111 104 101 95 89 85 77 72 73 77 81 83 86 87 87 88 85 84 85 85 83 83 84 83 84 85 85 86 87 87 89 91 92 92 93 92 93 93 94 94 95 94 94 93 92 91 90 90 90 91 91 91 91 92 92 92 92 92 91 91 91 91 90
127 124 124 124 115 116 108 101 98 90 84 80 73 72 75 77 80 83 84 85 85 84 82 83 81 82 81 80 81 82 82 83 84 86 86 86 87 89 90 91 91 91 92 91 91 91 93 91 91 89 90 89 89 89 89 90 91 90 90 91 91 91 91 91 90 90 90 89 89
129 129 133 124 119 107 97 93 87 82 72 72 73 76 77 79 80 82 82 83 82 80 79 78 79 78 77 78 78 80 80 83 83 82 85 85 86 88 88 88 88 88 88 87 87 89 89 88 87 88 88 88 88 88 89 90 90 90 89 91 91 90 89 90 89 89 89 88 88
73 131 126 118 108 100 89 84 81 77 76 65 77 78 79 79 81 80 80 79 77 75 75 75 74 74 74 74 75 76 77 78 79 81 82 82 84 84 84 84 84 84 84 85 84 84 86 85 85 86 87 87 87 88 88 89 89 89 87 89 89 88 89 88 88 88 87 87 87
123 126 126 113 112 103 95 84 77 83 83 76 75 78 80 79 79 77 76 76 74 71 71 71 71 71 70 72 72 74 74 75 76 77 78 80 81 80 80 80 81 81 80 82 82 82 83 84 84 86 86 86 86 87 87 87 88 88 87 88 88 89 87 88 85 84 85 83 83
120 120 119 120 111 105 102 94 89 86 80 73 73 76 77 76 75 75 73 71 70 68 65 66 67 68 69 70 70 71 71 74 75 77 79 78 77 77 78 78 79 78 80 80 81 81 81 83 84 85 85 85 86 86 86 86 86 87 87 86 87 86 84 83 83 82 82 81 80
116 118 118 113 104 100 66 90 95 92 84 77 73 73 73 74 73 72 69 67 66 63 63 63 65 66 66 67 68 70 70 70 71 73 75 74 76 75 76 76 76 77 78 79 80 81 82 83 84 84 84 85 85 85 85 86 85 84 86 86 84 83 82 81 80 79 80 79 77
113 115 112 107 105 102 93 72 104 95 88 80 72 70 70 70 71 70 66 62 62 61 62 62 63 64 65 65 66 66 67 69 70 70 72 72 72 73 74 75 76 77 78 79 80 81 82 82 83 83 83 84 84 84 84 84 84 84 84 82 82 81 81 80 79 78 77 77 76
108 108 107 104 101 103 112 111 104 92 86 80 76 73 75 75 72 70 60 61 60 62 63 62 62 62 63 63 63 65 66 68 69 70 70 71 72 73 75 75 76 77 78 79 79 80 81 81 82 82 83 83 83 83 83 83 83 83 83 82 81 80 79 78 77 77 76 75 74
102 103 104 103 101 105 111 103 99 93 88 80 85 83 79 72 62 68 58 59 59 61 60 60 62 63 61 61 61 62 64 65 66 66 68 72 72 73 74 75 76 76 77 78 78 79 80 80 81 81 82 82 82 82 81 82 83 82 82 81 80 79 78 77 76 75 75 74 72
96 99 102 103 108 107 103 111 105 100 99 97 86 82 79 69 58 57 60 61 62 63 63 62 63 62 62 60 60 60 60 62 63 70 71 71 71 72 73 74 76 75 77 77 78 78 79 80 80 80 81 81 81 81 80 81 82 82 80 80 79 78 77 76 75 74 73 71 71
90 94 100 103 106 101 108 107 107 108 89 89 66 74 66 76 55 59 62 61 63 62 63 64 64 62 62 60 58 59 60 67 68 70 71 71 73 72 73 74 73 74 76 77 78 78 79 79 80 80 80 80 80 80 81 81 80 81 80 78 79 78 77 76 75 73 72 71 70
83 93 100 105 105 104 111 97 98 90 76 75 62 65 64 73 54 54 59 62 65 60 65 65 62 62 61 58 58 59 63 65 67 67 68 68 69 70 70 71 71 73 74 74 75 76 77 78 78 78 79 79 79 79 80 80 79 79 80 79 78 77 76 75 74 73 72 71 70
88 96 102 107 111 112 106 80 88 72 74 60 75 65 52 60 56 59 61 64 67 65 66 65 65 63 61 59 59 60 63 65 66 66 66 65 66 67 68 68 70 70 71 72 73 74 74 75 76 77 77 78 78 78 79 79 78 78 79 78 78 77 75 75 74 72 71 70 68
104 104 107 111 110 104 96 94 94 73 70 70 67 58 61 57 61 57 66 67 67 65 66 66 65 64 60 56 58 61 63 64 63 63 64 64 64 64 66 67 67 69 69 70 71 72 73 73 74 74 75 76 77 77 77 78 78 77 79 77 76 77 76 74 73 72 71 69 66
113 112 112 111 111 105 96 98 100 93 86 62 54 61 65 67 68 68 68 67 68 67 64 65 64 62 60 58 58 60 62 62 63 62 62 63 64 64 64 65 67 67 67 68 69 70 71 72 73 72 73 74 75 76 76 76 76 76 77 77 76 76 74 74 73 71 70 68 68
118 118 119 118 114 107 99 102 99 81 76 49 51 61 66 71 69 70 69 68 67 66 65 63 63 63 60 58 60 61 62 62 61 61 63 62 63 64 64 65 65 66 66 67 69 69 70 70 71 71 71 73 73 73 74 75 75 75 76 77 75 75 74 73 72 71 69 69 70
121 123 127 126 119 109 102 103 97 89 56 51 52 55 61 67 72 72 70 68 65 65 63 61 61 64 60 61 61 62 62 60 60 61 61 62 62 63 64 65 65 66 66 67 68 68 69 69 70 70 71 70 71 72 73 73 73 74 74 74 75 75 74 73 72 71 69 71 72
123 125 129 130 121 110 112 100 89 85 39 41 50 56 60 64 69 71 70 67 64 62 62 61 61 60 60 60 61 62 61 59 60 60 61 62 62 62 63 64 65 66 66 67 67 68 68 69 69 69 69 70 70 71 71 71 72 73 72 73 73 73 73 72 71 70 69 69 69
123 125 125 125 120 112 102 96 78 45 42 48 53 58 60 62 66 69 69 66 64 62 60 58 59 59 59 60 61 61 59 60 60 60 61 61 61 62 63 64 65 66 67 67 67 68 68 69 68 69 68 69 70 70 70 71 71 71 71 71 72 72 72 71 69 70 68 68 66
123 124 123 119 118 108 104 99 92 79 66 40 53 59 59 62 66 67 68 67 63 61 57 56 56 57 59 59 60 60 60 60 59 60 60 61 61 63 63 64 65 66 66 66 67 68 68 69 68 68 68 69 69 69 69 70 70 70 71 71 70 70 70 70 68 66 66 66 66
124 123 119 117 112 106 101 94 88 42 35 51 57 60 62 64 66 69 69 67 63 60 58 54 55 57 58 61 60 59 60 59 59 59 60 60 62 62 63 63 64 65 66 67 67 68 68 68 68 69 69 69 69 69 69 69 69 70 70 70 69 70 69 70 67 66 68 67 69
124 120 118 116 105 99 90 84 77 64 41 56 58 60 62 66 66 70 70 67 64 61 59 55 55 56 58 60 59 59 59 58 59 59 60 61 61 62 62 63 64 63 65 66 66 67 67 68 69 69 69 69 69 68 68 68 69 69 69 69 68 69 67 67 66 64 66 68 68
-3.4e+38 120 115 111 104 95 84 91 86 67 67 52 57 59 62 58 65 70 72 68 67 63 61 58 57 57 58 58 59 60 58 58 59 59 59 61 61 63 62 63 63 63 63 64 65 65 66 67 68 68 68 68 68 67 69 68 68 69 68 68 68 68 67 67 66 66 65 65 69
-3.4e+38 122 114 109 103 98 91 97 92 60 35 51 55 58 57 58 67 73 75 73 75 70 62 60 58 58 57 57 57 57 57 58 58 58 59 60 61 61 63 62 63 62 63 63 64 65 65 66 67 68 68 68 68 67 67 69 68 69 68 67 66 67 66 67 65 67 68 67 71
-3.4e+38 -3.4e+38 114 106 104 104 99 98 87 76 39 52 56 59 60 65 73 81 78 81 77 68 64 61 59 58 56 56 56 56 56 56 58 57 59 60 60 61 62 62 62 63 62 62 63 64 64 66 66 67 67 67 67 68 69 68 68 67 68 66 65 65 65 65 66 68 63 62 65
-3.4e+38 -3.4e+38 114 105 98 93 87 78 85 62 56 49 56 61 60 65 72 71 80 78 75 69 65 62 60 58 56 56 56 56 55 55 55 57 58 60 60 61 61 62 62 62 62 62 62 64 64 65 65 66 66 67 67 68 68 68 67 67 66 67 67 67 65 65 66 65 63 65 66
