trunk/EcoCrop/data/climate/tmin_11.asc
NCOLS 660 
NROWS 360 
XLLCORNER -20 
YLLCORNER -30 
CELLSIZE 0.1666667 
NODATA_value -3.4e+38 
[rows 240 to 269 of 360, columns 207 to 275 of 660]
196 189 175 170 161 170 167 165 162 158 160 158 159 157 156 155 153 153 152 150 149 149 155 159 162 160 158 149 150 145 147 147 148 154 153 149 150 154 152 153 155 161 161 160 163 165 169 167 169 173 171 175 174 173 175 175 172 174 173 174 177 184 177 179 182 191 162 152 153
194 181 174 169 167 168 158 163 160 157 159 160 160 158 158 158 158 157 157 154 154 147 151 156 159 152 157 159 150 145 146 146 149 151 151 151 151 151 152 154 155 156 159 161 162 164 170 169 168 169 174 173 172 172 173 167 170 171 169 172 173 183 173 176 175 179 158 147 151
190 176 168 167 163 161 155 151 159 154 159 159 158 158 157 158 158 157 158 157 157 155 159 159 154 151 154 156 154 145 147 148 148 148 153 151 150 157 154 153 156 156 158 161 163 164 167 168 167 169 169 170 169 167 166 165 164 169 169 168 172 176 171 174 174 170 164 149 153
188 174 168 166 164 161 160 151 151 145 150 158 161 158 159 157 158 159 158 159 154 158 148 153 158 153 154 157 157 148 148 148 149 149 149 151 152 151 153 153 153 156 157 160 162 167 165 165 164 165 168 163 167 167 167 167 166 164 164 166 172 175 172 171 167 161 166 164 158
185 180 170 164 162 157 159 152 149 145 147 158 155 160 160 159 160 157 160 159 158 154 156 152 156 159 155 154 151 148 148 149 150 151 150 152 153 152 152 153 157 156 157 161 160 163 163 165 161 163 165 166 163 165 161 166 167 163 165 162 163 168 167 170 158 157 162 166 159
178 183 174 168 163 160 154 147 148 144 148 157 156 158 160 155 160 158 160 160 159 153 150 152 159 156 157 156 149 148 149 151 152 151 151 152 153 154 153 153 153 155 158 157 158 159 160 159 159 158 159 156 157 158 158 160 158 159 160 162 160 163 165 162 159 159 159 164 157
196 189 180 171 161 159 158 146 147 148 145 147 150 159 156 156 151 155 159 161 159 157 158 153 157 160 155 154 152 149 150 152 152 153 152 154 152 154 153 152 153 154 154 156 156 157 156 156 155 155 155 156 157 156 156 159 157 161 159 159 157 163 166 161 159 159 161 158 159
205 199 184 173 164 159 155 145 145 142 142 145 150 149 159 143 153 158 158 162 160 159 153 155 156 157 153 154 153 153 158 154 158 158 156 154 154 153 153 154 153 153 154 154 154 154 154 154 154 154 154 153 155 158 158 159 159 158 157 154 156 156 156 158 157 159 161 157 156
201 215 188 170 164 158 158 152 144 141 151 152 148 149 150 148 152 156 159 162 163 159 155 157 159 153 154 152 156 157 159 155 158 157 156 155 155 154 154 153 153 151 151 152 151 151 151 150 152 151 152 152 153 158 159 159 156 148 150 152 151 154 156 156 154 153 158 160 156
206 204 192 177 168 163 160 156 147 146 148 144 150 142 143 142 150 158 159 162 163 163 161 160 155 155 156 153 154 156 156 158 158 158 157 157 155 156 153 152 152 150 149 149 149 148 148 148 148 149 151 152 155 156 158 159 157 152 150 149 157 156 156 152 154 155 156 157 156
200 195 178 178 169 165 157 156 146 147 150 149 147 141 141 142 152 159 161 158 161 158 162 153 158 159 154 156 160 160 160 160 160 160 162 155 156 154 152 152 149 148 147 146 146 146 146 146 146 147 148 151 151 153 153 154 152 148 152 156 153 153 150 154 152 156 154 155 156
197 180 176 159 167 160 157 147 147 149 146 146 148 144 141 144 149 154 158 160 157 154 153 153 157 156 157 159 155 153 160 158 158 156 155 158 153 155 153 150 148 147 145 143 143 142 142 143 144 145 145 148 149 149 150 150 149 146 153 155 153 157 151 153 157 154 159 157 155
189 185 165 164 164 160 155 154 152 144 146 142 144 142 141 148 151 156 160 160 157 155 153 154 156 152 156 159 158 153 157 155 156 155 154 155 155 155 153 149 146 144 143 141 139 139 138 139 140 143 143 146 141 146 133 142 145 148 153 156 154 159 157 160 159 159 159 161 153
182 139 151 160 160 150 154 153 151 146 141 144 144 141 141 149 154 161 160 159 156 159 156 154 150 151 154 160 157 159 162 156 159 154 155 154 152 153 151 149 146 143 141 138 136 134 134 135 137 139 142 145 144 138 145 148 145 152 154 157 150 157 157 164 164 160 160 160 155
168 169 167 152 152 128 154 153 147 143 141 141 140 142 143 149 155 158 158 157 154 156 154 152 156 159 152 151 152 156 157 160 159 157 152 153 151 151 150 146 144 140 138 136 132 132 131 131 133 137 139 141 145 142 146 148 152 150 150 161 154 160 165 164 162 163 161 161 158
160 152 148 153 145 148 147 148 142 136 137 142 141 142 145 148 155 159 158 156 155 155 154 152 158 160 161 158 159 157 161 157 153 154 156 155 149 150 148 145 142 140 136 133 130 128 126 126 129 132 137 141 141 143 145 155 152 152 154 160 163 165 164 164 164 164 164 161 161
161 152 151 154 138 131 140 141 137 135 139 140 140 143 147 152 154 156 156 157 155 156 149 151 153 156 157 154 162 152 153 152 160 151 150 152 152 151 148 144 141 138 135 131 128 124 122 121 125 131 132 133 143 150 154 155 158 162 163 162 163 163 167 165 166 164 163 162 158
148 155 133 137 147 142 138 142 139 138 140 140 142 142 148 154 157 153 158 158 154 155 151 157 152 153 154 158 153 151 155 152 153 152 154 149 148 147 145 143 141 138 134 131 127 123 118 116 123 132 139 142 150 153 161 158 161 160 163 160 163 166 166 164 166 163 160 161 160
159 154 153 134 139 138 139 143 140 141 142 144 145 143 147 153 154 155 157 158 153 153 154 153 156 152 156 156 157 154 156 157 161 152 153 148 147 145 144 145 142 138 135 132 127 125 121 121 127 137 144 152 156 159 160 164 161 165 165 166 167 169 166 165 162 161 158 158 155
165 156 144 129 136 136 139 140 141 142 142 146 145 144 148 153 155 156 156 155 153 151 152 156 156 151 156 156 153 161 155 157 154 154 155 151 148 150 145 142 140 139 137 134 131 128 127 128 133 139 149 156 162 163 164 164 165 165 167 168 166 164 165 164 163 163 160 157 156
149 122 138 138 135 138 141 140 142 139 144 148 145 147 149 152 156 154 155 153 156 150 154 154 156 152 154 156 161 160 156 161 154 158 151 150 150 150 148 144 141 141 139 136 134 133 132 134 138 143 151 161 166 167 167 167 167 167 166 167 165 163 168 164 164 162 161 158 157
117 131 136 133 133 141 142 143 144 139 143 148 145 147 150 150 151 154 154 154 153 155 159 156 158 155 154 161 162 156 161 156 153 152 151 155 151 146 146 144 143 141 141 139 139 137 138 140 143 147 151 160 170 169 168 168 168 168 170 167 167 165 166 166 165 164 162 163 157
126 133 138 139 140 145 144 143 141 144 144 150 147 150 150 150 152 154 153 152 154 155 158 161 161 161 158 162 162 162 163 161 161 159 157 154 148 147 146 145 144 143 143 143 142 142 143 144 147 150 154 159 165 168 169 170 170 173 166 166 166 167 168 168 167 166 166 162 162
140 139 141 138 146 148 147 146 145 145 146 147 147 149 151 149 153 150 150 154 150 157 154 158 157 160 155 156 157 165 156 157 160 155 158 158 150 148 146 147 145 145 145 146 146 146 147 148 151 154 158 161 165 169 170 171 170 170 172 169 169 171 170 170 167 166 168 168 166
144 147 151 148 147 152 154 153 150 146 148 150 150 150 153 151 152 153 154 154 156 156 153 156 161 158 156 158 157 163 156 160 158 158 155 152 151 156 155 149 149 149 148 148 150 150 151 153 155 157 163 164 167 170 173 172 171 170 170 170 169 172 168 169 168 169 167 170 168
152 153 154 156 152 155 155 155 153 151 151 152 150 155 152 152 153 152 151 154 152 153 155 159 154 160 157 159 159 162 163 160 160 156 154 153 155 151 157 152 151 152 152 153 153 154 155 157 159 162 164 167 170 171 172 172 172 171 170 169 169 169 169 171 169 170 170 171 171
154 159 155 159 159 161 156 155 154 151 156 151 152 157 154 153 152 152 152 152 154 154 155 154 158 158 161 160 161 158 159 159 161 160 155 156 153 153 151 153 152 153 154 156 156 157 159 160 162 165 167 169 171 173 175 174 177 176 172 171 169 168 168 171 167 169 167 168 172
159 160 161 162 159 156 158 156 155 154 155 157 156 155 158 156 154 153 150 151 152 154 155 158 158 158 157 158 159 159 161 164 159 157 156 155 154 153 152 155 153 154 155 156 159 160 162 164 166 169 171 173 174 175 177 176 175 173 176 172 173 170 171 170 170 170 168 172 172
161 162 162 165 163 163 160 160 158 158 158 158 160 157 161 156 155 154 152 152 153 157 157 157 157 159 159 160 160 160 161 159 163 158 156 157 159 158 155 154 156 156 157 159 162 163 164 167 169 172 174 176 177 178 178 177 176 175 177 173 173 172 173 172 170 169 171 173 174
159 162 164 168 168 167 167 164 162 163 160 163 161 161 164 157 156 158 156 156 157 157 158 159 162 162 161 160 163 161 160 160 158 158 157 157 160 158 159 156 158 158 160 162 164 165 168 169 171 174 176 178 180 180 180 178 178 176 176 175 174 173 173 175 172 170 173 174 176
