trunk/EcoCrop/data/climate/tmin_2.asc
NCOLS 660 
NROWS 360 
XLLCORNER -20 
YLLCORNER -30 
CELLSIZE 0.1666667 
NODATA_value -3.4e+38 
[rows 93 to 123 of 360, columns 345 to 413 of 660]
160 162 162 156 129 111 132 128 97 93 102 74 89 99 198 154 218 216 211 197 198 207 210 -3.4e+38 -3.4e+38 -3.4e+38 -3.4e+38 -3.4e+38 -3.4e+38 -3.4e+38 -3.4e+38 -3.4e+38 -3.4e+38 209 204 198 179 132 96 124 63 20 22 38 47 61 60 58 92 61 96 103 101 109 111 109 107 133 139 151 163 139 132 136 153 178 132 168 195
162 162 162 155 126 117 114 115 76 80 63 44 58 104 153 159 219 220 216 205 190 193 205 218 -3.4e+38 -3.4e+38 -3.4e+38 -3.4e+38 -3.4e+38 -3.4e+38 -3.4e+38 -3.4e+38 -3.4e+38 212 209 203 168 164 119 134 55 2 52 13 56 68 61 59 84 65 80 86 79 90 80 80 86 132 144 149 173 178 164 170 157 168 194 194 -3.4e+38
168 164 158 152 120 93 91 88 92 74 99 82 56 47 152 173 215 221 221 212 191 183 187 212 220 -3.4e+38 -3.4e+38 -3.4e+38 -3.4e+38 -3.4e+38 -3.4e+38 -3.4e+38 -3.4e+38 -3.4e+38 212 204 158 179 145 68 42 26 69 60 71 98 79 64 65 58 63 53 83 111 108 125 153 126 157 137 141 190 197 202 194 192 201 205 -3.4e+38
166 161 157 147 133 129 128 105 104 127 121 91 70 47 135 174 214 220 222 221 209 167 172 209 216 221 -3.4e+38 -3.4e+38 -3.4e+38 -3.4e+38 -3.4e+38 220 -3.4e+38 -3.4e+38 216 209 200 168 147 103 104 98 121 69 68 83 86 57 49 47 135 143 145 161 173 172 155 166 174 183 194 -3.4e+38 -3.4e+38 -3.4e+38 -3.4e+38 -3.4e+38 -3.4e+38 -3.4e+38 -3.4e+38
165 159 152 152 149 148 133 138 96 124 68 87 97 68 162 178 211 220 211 220 219 197 184 199 196 207 216 -3.4e+38 -3.4e+38 -3.4e+38 -3.4e+38 216 -3.4e+38 -3.4e+38 -3.4e+38 216 192 147 149 131 133 116 147 119 103 113 62 113 122 137 140 141 160 170 179 179 178 178 186 195 -3.4e+38 -3.4e+38 -3.4e+38 -3.4e+38 -3.4e+38 -3.4e+38 -3.4e+38 -3.4e+38 -3.4e+38
159 162 145 145 144 128 125 134 136 56 84 105 73 114 160 182 208 219 210 208 224 218 210 183 166 181 208 215 222 -3.4e+38 -3.4e+38 -3.4e+38 -3.4e+38 -3.4e+38 -3.4e+38 219 202 184 165 128 156 136 145 142 158 148 145 117 164 140 132 128 144 179 189 194 195 198 -3.4e+38 -3.4e+38 -3.4e+38 -3.4e+38 -3.4e+38 -3.4e+38 -3.4e+38 -3.4e+38 -3.4e+38 -3.4e+38 -3.4e+38
150 150 145 130 40 111 141 151 139 130 112 84 70 129 98 175 195 217 220 217 225 218 218 206 177 158 202 214 223 -3.4e+38 -3.4e+38 -3.4e+38 -3.4e+38 -3.4e+38 -3.4e+38 219 209 181 167 110 163 169 180 180 179 165 180 188 172 195 199 201 -3.4e+38 -3.4e+38 -3.4e+38 -3.4e+38 -3.4e+38 -3.4e+38 -3.4e+38 -3.4e+38 -3.4e+38 -3.4e+38 -3.4e+38 -3.4e+38 -3.4e+38 -3.4e+38 -3.4e+38 -3.4e+38 -3.4e+38
151 143 131 15 12 -29 99 149 130 130 72 91 88 116 140 175 184 211 217 223 226 203 222 213 167 180 204 215 222 -3.4e+38 -3.4e+38 -3.4e+38 -3.4e+38 -3.4e+38 -3.4e+38 222 212 199 169 152 164 132 189 196 189 198 203 200 -3.4e+38 -3.4e+38 -3.4e+38 -3.4e+38 -3.4e+38 -3.4e+38 -3.4e+38 -3.4e+38 -3.4e+38 -3.4e+38 -3.4e+38 -3.4e+38 -3.4e+38 -3.4e+38 -3.4e+38 -3.4e+38 -3.4e+38 -3.4e+38 -3.4e+38 -3.4e+38 -3.4e+38
129 125 59 38 11 44 143 152 146 136 130 83 75 77 140 175 179 206 205 215 205 217 221 223 172 207 205 190 206 205 223 -3.4e+38 -3.4e+38 -3.4e+38 -3.4e+38 228 217 197 194 191 175 198 193 210 212 214 208 -3.4e+38 -3.4e+38 -3.4e+38 -3.4e+38 -3.4e+38 -3.4e+38 -3.4e+38 -3.4e+38 -3.4e+38 -3.4e+38 -3.4e+38 -3.4e+38 -3.4e+38 -3.4e+38 -3.4e+38 -3.4e+38 -3.4e+38 -3.4e+38 -3.4e+38 -3.4e+38 -3.4e+38 -3.4e+38
140 59 122 129 48 123 144 121 130 134 97 53 55 132 154 176 197 200 150 208 217 222 217 223 225 221 207 195 203 203 222 234 234 -3.4e+38 -3.4e+38 -3.4e+38 223 211 205 208 213 211 213 221 222 222 -3.4e+38 -3.4e+38 -3.4e+38 -3.4e+38 -3.4e+38 -3.4e+38 -3.4e+38 -3.4e+38 -3.4e+38 -3.4e+38 -3.4e+38 -3.4e+38 -3.4e+38 -3.4e+38 -3.4e+38 -3.4e+38 -3.4e+38 -3.4e+38 -3.4e+38 -3.4e+38 -3.4e+38 -3.4e+38 -3.4e+38
47 60 123 132 142 147 137 114 124 135 96 57 103 133 139 163 199 196 188 203 212 220 217 211 214 225 200 196 198 205 218 227 233 233 -3.4e+38 -3.4e+38 233 228 223 221 223 226 -3.4e+38 -3.4e+38 -3.4e+38 -3.4e+38 -3.4e+38 -3.4e+38 -3.4e+38 -3.4e+38 -3.4e+38 -3.4e+38 -3.4e+38 -3.4e+38 -3.4e+38 -3.4e+38 -3.4e+38 -3.4e+38 -3.4e+38 -3.4e+38 -3.4e+38 -3.4e+38 -3.4e+38 -3.4e+38 -3.4e+38 -3.4e+38 -3.4e+38 -3.4e+38 -3.4e+38
102 118 124 129 127 124 140 106 103 99 112 80 122 129 147 167 199 186 197 199 193 205 218 206 211 218 205 192 196 191 198 214 221 231 -3.4e+38 -3.4e+38 -3.4e+38 -3.4e+38 -3.4e+38 -3.4e+38 -3.4e+38 -3.4e+38 -3.4e+38 -3.4e+38 -3.4e+38 -3.4e+38 -3.4e+38 -3.4e+38 -3.4e+38 -3.4e+38 -3.4e+38 -3.4e+38 -3.4e+38 -3.4e+38 -3.4e+38 -3.4e+38 -3.4e+38 -3.4e+38 -3.4e+38 -3.4e+38 -3.4e+38 -3.4e+38 -3.4e+38 -3.4e+38 -3.4e+38 -3.4e+38 -3.4e+38 -3.4e+38 -3.4e+38
122 113 127 115 128 131 119 76 74 29 117 55 135 136 170 167 170 187 196 190 177 167 190 202 194 181 178 204 191 177 191 203 203 207 228 -3.4e+38 -3.4e+38 -3.4e+38 -3.4e+38 -3.4e+38 -3.4e+38 -3.4e+38 -3.4e+38 -3.4e+38 -3.4e+38 -3.4e+38 -3.4e+38 -3.4e+38 -3.4e+38 -3.4e+38 -3.4e+38 -3.4e+38 -3.4e+38 -3.4e+38 -3.4e+38 -3.4e+38 -3.4e+38 -3.4e+38 -3.4e+38 -3.4e+38 -3.4e+38 -3.4e+38 -3.4e+38 -3.4e+38 -3.4e+38 -3.4e+38 -3.4e+38 -3.4e+38 -3.4e+38
124 70 101 107 120 130 121 84 99 87 41 88 132 111 163 175 180 184 192 192 182 183 182 177 221 193 204 202 204 205 185 180 170 179 205 -3.4e+38 -3.4e+38 -3.4e+38 -3.4e+38 -3.4e+38 -3.4e+38 -3.4e+38 -3.4e+38 -3.4e+38 -3.4e+38 -3.4e+38 -3.4e+38 -3.4e+38 -3.4e+38 -3.4e+38 -3.4e+38 -3.4e+38 -3.4e+38 -3.4e+38 -3.4e+38 -3.4e+38 -3.4e+38 -3.4e+38 -3.4e+38 -3.4e+38 -3.4e+38 -3.4e+38 -3.4e+38 -3.4e+38 -3.4e+38 -3.4e+38 -3.4e+38 -3.4e+38 -3.4e+38
124 119 114 94 105 107 128 73 103 40 14 33 101 110 166 173 171 173 185 200 200 198 193 200 186 190 202 195 205 213 171 166 186 211 228 233 -3.4e+38 -3.4e+38 -3.4e+38 -3.4e+38 -3.4e+38 -3.4e+38 -3.4e+38 -3.4e+38 -3.4e+38 -3.4e+38 -3.4e+38 -3.4e+38 -3.4e+38 -3.4e+38 -3.4e+38 -3.4e+38 -3.4e+38 -3.4e+38 -3.4e+38 -3.4e+38 -3.4e+38 -3.4e+38 -3.4e+38 -3.4e+38 -3.4e+38 -3.4e+38 -3.4e+38 -3.4e+38 -3.4e+38 -3.4e+38 -3.4e+38 -3.4e+38 -3.4e+38
116 110 103 81 86 65 124 92 97 86 13 38 87 141 162 169 175 175 182 189 197 199 203 200 197 207 193 185 179 197 156 140 164 216 -3.4e+38 -3.4e+38 -3.4e+38 -3.4e+38 -3.4e+38 -3.4e+38 -3.4e+38 -3.4e+38 -3.4e+38 -3.4e+38 -3.4e+38 -3.4e+38 -3.4e+38 -3.4e+38 -3.4e+38 -3.4e+38 -3.4e+38 -3.4e+38 -3.4e+38 -3.4e+38 -3.4e+38 -3.4e+38 -3.4e+38 -3.4e+38 -3.4e+38 -3.4e+38 -3.4e+38 -3.4e+38 -3.4e+38 -3.4e+38 -3.4e+38 -3.4e+38 -3.4e+38 -3.4e+38 -3.4e+38
104 102 101 57 10 41 80 52 75 28 49 1 89 116 150 169 175 172 178 181 197 203 204 205 179 166 205 200 223 219 128 221 -3.4e+38 -3.4e+38 -3.4e+38 -3.4e+38 -3.4e+38 -3.4e+38 -3.4e+38 -3.4e+38 -3.4e+38 -3.4e+38 -3.4e+38 -3.4e+38 -3.4e+38 -3.4e+38 -3.4e+38 -3.4e+38 -3.4e+38 -3.4e+38 -3.4e+38 -3.4e+38 -3.4e+38 -3.4e+38 -3.4e+38 -3.4e+38 -3.4e+38 -3.4e+38 -3.4e+38 -3.4e+38 -3.4e+38 -3.4e+38 -3.4e+38 -3.4e+38 -3.4e+38 -3.4e+38 -3.4e+38 -3.4e+38 -3.4e+38
95 87 68 74 70 102 84 107 84 62 70 87 43 141 160 169 173 177 178 183 197 201 204 205 208 156 223 201 222 236 228 -3.4e+38 213 233 -3.4e+38 -3.4e+38 -3.4e+38 -3.4e+38 -3.4e+38 -3.4e+38 -3.4e+38 -3.4e+38 -3.4e+38 -3.4e+38 -3.4e+38 -3.4e+38 -3.4e+38 -3.4e+38 -3.4e+38 -3.4e+38 -3.4e+38 -3.4e+38 -3.4e+38 -3.4e+38 -3.4e+38 -3.4e+38 -3.4e+38 -3.4e+38 -3.4e+38 -3.4e+38 -3.4e+38 -3.4e+38 -3.4e+38 -3.4e+38 -3.4e+38 -3.4e+38 -3.4e+38 -3.4e+38 -3.4e+38
113 105 72 79 77 74 130 122 87 99 84 102 60 128 134 162 170 178 186 191 197 185 174 206 209 196 177 224 212 205 171 179 180 212 230 -3.4e+38 -3.4e+38 -3.4e+38 -3.4e+38 -3.4e+38 -3.4e+38 -3.4e+38 -3.4e+38 -3.4e+38 -3.4e+38 -3.4e+38 -3.4e+38 -3.4e+38 -3.4e+38 -3.4e+38 -3.4e+38 -3.4e+38 -3.4e+38 -3.4e+38 -3.4e+38 -3.4e+38 -3.4e+38 -3.4e+38 -3.4e+38 -3.4e+38 -3.4e+38 -3.4e+38 -3.4e+38 -3.4e+38 -3.4e+38 -3.4e+38 -3.4e+38 -3.4e+38 -3.4e+38
81 111 119 107 85 82 136 90 68 58 49 65 62 97 140 154 167 180 185 190 196 191 203 205 206 216 207 207 215 200 193 177 188 209 224 230 -3.4e+38 -3.4e+38 -3.4e+38 -3.4e+38 -3.4e+38 -3.4e+38 -3.4e+38 -3.4e+38 -3.4e+38 -3.4e+38 -3.4e+38 -3.4e+38 -3.4e+38 -3.4e+38 -3.4e+38 -3.4e+38 -3.4e+38 -3.4e+38 -3.4e+38 -3.4e+38 -3.4e+38 -3.4e+38 -3.4e+38 -3.4e+38 -3.4e+38 -3.4e+38 -3.4e+38 -3.4e+38 -3.4e+38 199 199 200 -3.4e+38
79 113 91 123 119 142 83 117 67 20 38 39 83 113 128 145 168 180 185 187 192 185 162 196 206 216 214 213 213 202 171 162 189 207 219 225 228 -3.4e+38 -3.4e+38 -3.4e+38 -3.4e+38 -3.4e+38 -3.4e+38 -3.4e+38 -3.4e+38 -3.4e+38 -3.4e+38 -3.4e+38 -3.4e+38 -3.4e+38 -3.4e+38 -3.4e+38 -3.4e+38 -3.4e+38 -3.4e+38 -3.4e+38 -3.4e+38 -3.4e+38 201 188 199 199 194 180 179 125 188 186 188
80 80 78 75 50 122 128 45 12 5 23 16 56 137 139 152 169 177 177 175 188 176 197 181 191 194 199 204 201 197 176 182 192 207 214 220 225 -3.4e+38 -3.4e+38 -3.4e+38 -3.4e+38 -3.4e+38 -3.4e+38 -3.4e+38 -3.4e+38 -3.4e+38 -3.4e+38 -3.4e+38 -3.4e+38 -3.4e+38 -3.4e+38 -3.4e+38 -3.4e+38 -3.4e+38 -3.4e+38 -3.4e+38 -3.4e+38 195 177 169 121 117 85 87 93 98 87 96 124
87 48 26 79 110 97 140 79 74 95 43 65 59 96 123 149 161 177 169 169 163 193 191 195 178 192 176 179 186 187 182 186 184 204 208 215 220 224 -3.4e+38 -3.4e+38 -3.4e+38 -3.4e+38 -3.4e+38 -3.4e+38 -3.4e+38 -3.4e+38 -3.4e+38 -3.4e+38 -3.4e+38 196 202 209 208 -3.4e+38 -3.4e+38 194 132 146 81 69 95 102 101 109 117 132 137 137 147
101 64 45 85 109 124 110 92 113 80 118 70 82 73 138 138 158 173 171 162 175 178 175 179 189 191 185 183 183 181 175 178 185 193 198 208 213 218 221 223 -3.4e+38 -3.4e+38 -3.4e+38 -3.4e+38 -3.4e+38 -3.4e+38 -3.4e+38 210 203 196 197 173 192 151 197 192 152 103 86 85 97 109 108 108 117 130 135 144 148
98 93 91 98 95 97 129 147 132 123 77 102 50 38 122 141 166 168 166 166 179 178 177 175 183 186 188 188 181 168 166 164 140 163 172 183 200 209 211 215 223 -3.4e+38 -3.4e+38 221 -3.4e+38 215 207 203 194 183 184 96 163 145 179 166 153 99 97 96 104 114 116 113 113 126 131 137 144
104 111 96 102 115 143 137 101 129 84 91 69 48 32 135 142 158 167 167 164 178 167 173 175 184 186 186 185 181 173 156 143 135 125 130 160 178 193 198 204 208 210 206 205 193 187 192 191 189 184 171 159 164 169 166 172 115 87 93 108 112 119 121 123 123 122 126 125 141
148 98 126 148 148 156 155 135 129 111 134 120 65 53 144 143 154 166 164 152 160 172 173 177 181 183 184 182 179 170 158 140 120 115 146 151 127 154 154 176 182 182 177 160 164 155 171 166 159 175 168 149 155 161 156 148 154 118 110 113 117 124 126 128 128 125 125 126 126
150 125 160 134 98 114 112 129 146 123 109 91 61 95 132 139 163 166 154 162 166 168 173 175 180 180 180 177 166 145 145 144 132 120 111 114 123 142 153 141 146 148 150 144 127 74 97 110 123 115 131 128 128 132 145 130 136 125 127 129 127 128 129 130 131 130 127 129 132
83 122 150 140 86 94 51 64 84 78 73 105 79 64 146 160 164 160 162 164 161 161 170 172 170 170 168 166 157 139 123 94 99 109 100 105 106 122 135 138 144 134 126 114 91 103 112 119 129 133 142 141 138 137 133 133 126 136 137 138 136 130 130 132 134 133 133 132 132
133 85 93 109 93 130 85 78 70 73 73 64 63 90 148 163 166 162 162 163 162 164 163 165 162 162 145 128 112 107 90 88 92 99 106 110 106 116 122 128 126 131 130 125 120 118 123 131 137 143 146 150 149 143 143 144 138 143 146 144 143 139 129 130 133 134 133 132 133
106 137 116 122 102 102 114 80 72 75 67 69 95 143 150 165 168 165 158 157 152 125 129 102 93 98 97 87 102 102 103 98 97 91 102 113 116 120 119 128 131 134 137 137 135 136 134 133 141 147 152 154 156 155 152 153 150 151 149 148 147 144 138 132 128 130 131 132 136
