trunk/EcoCrop/data/climate/tmin_9.asc
NCOLS 660 
NROWS 360 
XLLCORNER -20 
YLLCORNER -30 
CELLSIZE 0.1666667 
NODATA_value -3.4e+38 
[rows 310 to 340 of 360, columns 276 to 344 of 660]
111 110 110 113 113 114 114 116 119 122 123 124 126 125 125 125 128 130 131 129 129 133 135 136 138 140 139 140 138 138 132 143 146 145 147 150 151 153 156 158 161 162 163 161 159 156 154 151 148 150 150 153 156 161 165 166 -3.4e+38 -3.4e+38 -3.4e+38 -3.4e+38 -3.4e+38 -3.4e+38 -3.4e+38 -3.4e+38 -3.4e+38 -3.4e+38 -3.4e+38 -3.4e+38 -3.4e+38
109 107 107 108 108 110 112 115 117 119 123 125 126 129 129 128 126 126 127 129 130 133 138 141 141 140 140 142 144 142 138 147 153 152 151 155 157 155 157 159 161 163 163 161 159 155 152 151 147 147 150 151 155 159 164 167 -3.4e+38 -3.4e+38 -3.4e+38 -3.4e+38 -3.4e+38 -3.4e+38 -3.4e+38 -3.4e+38 -3.4e+38 -3.4e+38 -3.4e+38 -3.4e+38 -3.4e+38
106 104 102 100 99 102 108 109 114 116 118 121 123 125 126 127 127 125 126 127 130 133 139 142 146 145 143 145 146 150 148 154 159 155 152 155 157 158 159 160 162 163 162 162 159 156 151 151 146 146 148 150 153 158 163 165 -3.4e+38 -3.4e+38 -3.4e+38 -3.4e+38 -3.4e+38 -3.4e+38 -3.4e+38 -3.4e+38 -3.4e+38 -3.4e+38 -3.4e+38 -3.4e+38 -3.4e+38
104 102 99 98 96 104 108 106 108 114 117 120 121 123 125 126 126 126 124 125 127 131 136 144 152 154 152 152 151 151 148 152 161 159 152 155 157 158 159 161 162 163 163 161 159 156 152 152 148 148 147 150 153 156 161 164 167 -3.4e+38 -3.4e+38 -3.4e+38 -3.4e+38 -3.4e+38 -3.4e+38 -3.4e+38 -3.4e+38 -3.4e+38 -3.4e+38 -3.4e+38 -3.4e+38
102 101 98 101 100 104 107 110 110 115 118 119 121 124 122 122 122 123 121 122 123 127 132 144 156 155 153 154 152 152 154 156 155 159 153 154 156 158 160 161 161 163 163 163 161 158 155 153 150 148 147 149 151 154 158 161 165 -3.4e+38 -3.4e+38 -3.4e+38 -3.4e+38 -3.4e+38 -3.4e+38 -3.4e+38 -3.4e+38 -3.4e+38 -3.4e+38 -3.4e+38 -3.4e+38
102 98 100 104 105 106 106 109 113 116 118 121 122 125 125 125 121 122 117 119 120 127 136 141 148 153 153 150 147 151 148 146 147 151 154 151 153 156 158 161 162 163 164 163 162 159 156 155 151 150 149 148 150 153 157 160 161 -3.4e+38 -3.4e+38 -3.4e+38 -3.4e+38 -3.4e+38 -3.4e+38 -3.4e+38 -3.4e+38 -3.4e+38 -3.4e+38 -3.4e+38 -3.4e+38
100 96 97 99 95 103 105 108 110 113 112 121 124 124 121 121 121 118 116 117 122 125 129 136 143 119 119 145 138 149 148 146 143 143 148 154 151 154 157 159 161 163 164 165 165 162 158 155 151 150 149 148 151 151 154 157 158 -3.4e+38 -3.4e+38 -3.4e+38 -3.4e+38 -3.4e+38 -3.4e+38 -3.4e+38 -3.4e+38 -3.4e+38 -3.4e+38 -3.4e+38 -3.4e+38
100 102 98 98 101 103 103 103 108 113 117 123 125 124 119 120 120 116 114 115 116 114 103 114 129 131 142 144 147 148 146 144 142 138 143 147 149 152 155 157 160 162 163 164 165 163 161 156 153 150 149 149 149 150 152 155 157 -3.4e+38 -3.4e+38 -3.4e+38 -3.4e+38 -3.4e+38 -3.4e+38 -3.4e+38 -3.4e+38 -3.4e+38 -3.4e+38 -3.4e+38 -3.4e+38
104 104 104 106 106 107 105 108 109 112 118 123 125 123 119 119 118 100 112 110 103 113 114 116 126 135 143 143 145 144 144 142 140 139 139 144 147 152 154 157 159 161 162 163 164 163 162 158 154 149 149 149 149 151 152 153 156 -3.4e+38 -3.4e+38 -3.4e+38 -3.4e+38 -3.4e+38 -3.4e+38 -3.4e+38 -3.4e+38 -3.4e+38 -3.4e+38 -3.4e+38 -3.4e+38
106 107 108 109 110 108 106 107 111 114 116 122 123 121 119 119 116 102 109 105 106 108 104 110 124 135 140 140 143 142 141 140 139 141 141 141 147 153 152 156 157 160 161 163 163 163 161 159 155 152 152 150 150 150 150 153 153 -3.4e+38 -3.4e+38 -3.4e+38 -3.4e+38 -3.4e+38 -3.4e+38 -3.4e+38 -3.4e+38 -3.4e+38 -3.4e+38 -3.4e+38 -3.4e+38
109 109 110 111 111 109 108 109 115 117 119 121 124 118 117 120 115 110 105 103 104 104 101 98 114 128 134 138 140 143 142 139 139 138 143 144 146 149 153 154 156 159 161 162 162 161 161 159 157 154 152 151 152 151 151 153 156 -3.4e+38 -3.4e+38 -3.4e+38 -3.4e+38 -3.4e+38 -3.4e+38 -3.4e+38 -3.4e+38 -3.4e+38 -3.4e+38 -3.4e+38 -3.4e+38
107 110 110 110 112 114 114 113 115 119 123 119 120 116 114 119 115 111 106 103 102 100 97 93 116 115 121 134 137 141 144 142 142 140 141 146 146 148 152 153 156 158 159 162 161 162 161 160 158 156 153 154 152 150 150 154 165 -3.4e+38 -3.4e+38 -3.4e+38 -3.4e+38 -3.4e+38 -3.4e+38 -3.4e+38 -3.4e+38 -3.4e+38 -3.4e+38 -3.4e+38 -3.4e+38
103 109 108 111 112 117 117 115 117 122 123 115 111 117 105 116 113 111 106 102 100 97 83 79 109 120 130 131 137 141 143 144 144 142 139 143 148 146 151 153 156 158 160 161 162 162 161 160 158 156 157 155 153 149 149 156 -3.4e+38 -3.4e+38 -3.4e+38 -3.4e+38 -3.4e+38 -3.4e+38 -3.4e+38 -3.4e+38 -3.4e+38 -3.4e+38 -3.4e+38 -3.4e+38 -3.4e+38
107 110 113 116 119 121 121 121 116 111 117 99 92 104 98 106 116 112 97 93 99 91 79 68 86 126 118 127 134 141 146 145 141 141 141 142 144 149 150 154 155 158 160 161 161 162 162 161 158 158 160 157 153 152 150 156 172 -3.4e+38 -3.4e+38 -3.4e+38 -3.4e+38 -3.4e+38 -3.4e+38 -3.4e+38 -3.4e+38 -3.4e+38 -3.4e+38 -3.4e+38 -3.4e+38
110 112 117 119 120 124 122 126 125 115 110 92 89 91 94 97 108 118 106 92 89 83 90 68 92 91 125 130 135 138 146 146 143 140 140 137 141 145 149 153 155 158 160 162 162 162 162 162 160 159 159 160 157 156 154 156 166 -3.4e+38 -3.4e+38 -3.4e+38 -3.4e+38 -3.4e+38 -3.4e+38 -3.4e+38 -3.4e+38 -3.4e+38 -3.4e+38 -3.4e+38 -3.4e+38
111 115 118 119 125 128 128 128 127 119 96 92 93 91 83 84 107 98 93 90 93 87 90 102 107 98 123 128 133 137 141 140 139 138 137 137 138 143 147 151 155 158 161 162 162 162 162 160 161 161 162 163 163 161 156 159 165 -3.4e+38 -3.4e+38 -3.4e+38 -3.4e+38 -3.4e+38 -3.4e+38 -3.4e+38 -3.4e+38 -3.4e+38 -3.4e+38 -3.4e+38 -3.4e+38
112 115 118 124 126 130 134 135 129 112 91 86 91 93 90 96 106 109 111 109 108 109 111 95 109 82 119 122 127 134 137 137 136 136 135 139 142 143 147 150 153 155 158 161 163 162 159 159 160 163 163 165 165 164 161 161 -3.4e+38 -3.4e+38 -3.4e+38 -3.4e+38 -3.4e+38 -3.4e+38 -3.4e+38 -3.4e+38 -3.4e+38 -3.4e+38 -3.4e+38 -3.4e+38 -3.4e+38
114 115 120 123 125 129 133 139 142 130 107 87 93 90 82 89 105 103 106 106 109 105 91 92 99 91 99 94 92 118 131 134 136 135 136 138 141 142 147 149 150 151 154 158 162 161 157 156 157 161 162 166 167 169 164 -3.4e+38 -3.4e+38 -3.4e+38 -3.4e+38 -3.4e+38 -3.4e+38 -3.4e+38 -3.4e+38 -3.4e+38 -3.4e+38 -3.4e+38 -3.4e+38 -3.4e+38 -3.4e+38
109 112 120 119 122 123 125 133 136 116 112 100 92 84 87 95 99 97 103 103 108 98 85 84 80 103 99 85 82 107 133 135 138 135 136 138 141 142 146 148 149 149 150 154 159 160 155 152 157 160 161 162 169 -3.4e+38 -3.4e+38 -3.4e+38 -3.4e+38 -3.4e+38 -3.4e+38 -3.4e+38 -3.4e+38 -3.4e+38 -3.4e+38 -3.4e+38 -3.4e+38 -3.4e+38 -3.4e+38 -3.4e+38 -3.4e+38
106 113 117 117 117 118 125 127 126 124 110 107 103 100 96 96 96 97 101 105 102 84 72 90 84 68 87 75 82 106 125 136 137 138 138 138 143 146 146 149 149 148 146 149 153 155 152 152 155 161 -3.4e+38 -3.4e+38 -3.4e+38 -3.4e+38 -3.4e+38 -3.4e+38 -3.4e+38 -3.4e+38 -3.4e+38 -3.4e+38 -3.4e+38 -3.4e+38 -3.4e+38 -3.4e+38 -3.4e+38 -3.4e+38 -3.4e+38 -3.4e+38 -3.4e+38
104 110 115 115 114 117 117 117 115 115 111 109 102 100 98 98 100 98 104 101 105 78 61 84 55 65 76 62 92 109 124 136 136 138 139 142 145 147 151 152 152 149 146 149 151 152 152 -3.4e+38 -3.4e+38 -3.4e+38 -3.4e+38 -3.4e+38 -3.4e+38 -3.4e+38 -3.4e+38 -3.4e+38 -3.4e+38 -3.4e+38 -3.4e+38 -3.4e+38 -3.4e+38 -3.4e+38 -3.4e+38 -3.4e+38 -3.4e+38 -3.4e+38 -3.4e+38 -3.4e+38 -3.4e+38
102 107 111 112 109 109 106 110 111 110 108 103 100 98 95 94 88 87 96 101 105 93 60 71 54 66 82 78 94 108 111 135 135 137 140 142 147 150 154 152 152 152 150 151 -3.4e+38 -3.4e+38 -3.4e+38 -3.4e+38 -3.4e+38 -3.4e+38 -3.4e+38 -3.4e+38 -3.4e+38 -3.4e+38 -3.4e+38 -3.4e+38 -3.4e+38 -3.4e+38 -3.4e+38 -3.4e+38 -3.4e+38 -3.4e+38 -3.4e+38 -3.4e+38 -3.4e+38 -3.4e+38 -3.4e+38 -3.4e+38 -3.4e+38
92 96 108 109 107 108 105 105 104 106 98 97 93 91 92 87 80 83 80 78 87 76 56 58 52 61 75 83 111 114 124 131 134 137 140 144 149 154 153 154 154 155 -3.4e+38 -3.4e+38 -3.4e+38 -3.4e+38 -3.4e+38 -3.4e+38 -3.4e+38 -3.4e+38 -3.4e+38 -3.4e+38 -3.4e+38 -3.4e+38 -3.4e+38 -3.4e+38 -3.4e+38 -3.4e+38 -3.4e+38 -3.4e+38 -3.4e+38 -3.4e+38 -3.4e+38 -3.4e+38 -3.4e+38 -3.4e+38 -3.4e+38 -3.4e+38 -3.4e+38
91 95 103 97 97 96 97 95 99 99 95 93 85 86 88 83 79 74 89 70 59 57 52 60 52 65 62 99 80 120 96 121 134 138 143 146 152 157 155 157 160 -3.4e+38 -3.4e+38 -3.4e+38 -3.4e+38 -3.4e+38 -3.4e+38 -3.4e+38 -3.4e+38 -3.4e+38 -3.4e+38 -3.4e+38 -3.4e+38 -3.4e+38 -3.4e+38 -3.4e+38 -3.4e+38 -3.4e+38 -3.4e+38 -3.4e+38 -3.4e+38 -3.4e+38 -3.4e+38 -3.4e+38 -3.4e+38 -3.4e+38 -3.4e+38 -3.4e+38 -3.4e+38
81 80 84 80 84 88 90 89 94 92 87 95 90 92 86 78 76 76 68 62 58 57 55 53 54 65 56 73 79 124 125 108 138 140 145 146 152 155 157 159 163 -3.4e+38 -3.4e+38 -3.4e+38 -3.4e+38 -3.4e+38 -3.4e+38 -3.4e+38 -3.4e+38 -3.4e+38 -3.4e+38 -3.4e+38 -3.4e+38 -3.4e+38 -3.4e+38 -3.4e+38 -3.4e+38 -3.4e+38 -3.4e+38 -3.4e+38 -3.4e+38 -3.4e+38 -3.4e+38 -3.4e+38 -3.4e+38 -3.4e+38 -3.4e+38 -3.4e+38 -3.4e+38
80 79 76 74 70 72 74 78 82 87 88 94 89 85 75 75 73 71 68 60 61 59 60 62 66 78 76 98 92 91 99 112 117 143 148 125 146 153 154 159 -3.4e+38 -3.4e+38 -3.4e+38 -3.4e+38 -3.4e+38 -3.4e+38 -3.4e+38 -3.4e+38 -3.4e+38 -3.4e+38 -3.4e+38 -3.4e+38 -3.4e+38 -3.4e+38 -3.4e+38 -3.4e+38 -3.4e+38 -3.4e+38 -3.4e+38 -3.4e+38 -3.4e+38 -3.4e+38 -3.4e+38 -3.4e+38 -3.4e+38 -3.4e+38 -3.4e+38 -3.4e+38 -3.4e+38
79 78 74 70 68 68 70 70 74 78 79 87 89 84 76 72 70 69 66 67 65 62 66 67 72 65 78 85 88 106 92 120 129 147 151 150 144 151 149 156 -3.4e+38 -3.4e+38 -3.4e+38 -3.4e+38 -3.4e+38 -3.4e+38 -3.4e+38 -3.4e+38 -3.4e+38 -3.4e+38 -3.4e+38 -3.4e+38 -3.4e+38 -3.4e+38 -3.4e+38 -3.4e+38 -3.4e+38 -3.4e+38 -3.4e+38 -3.4e+38 -3.4e+38 -3.4e+38 -3.4e+38 -3.4e+38 -3.4e+38 -3.4e+38 -3.4e+38 -3.4e+38 -3.4e+38
82 77 73 67 63 64 67 70 71 72 74 81 84 80 73 69 68 68 67 69 65 68 65 68 68 69 66 68 82 78 78 106 122 137 148 149 147 148 145 150 159 165 -3.4e+38 -3.4e+38 -3.4e+38 -3.4e+38 -3.4e+38 -3.4e+38 -3.4e+38 -3.4e+38 -3.4e+38 -3.4e+38 -3.4e+38 -3.4e+38 -3.4e+38 -3.4e+38 -3.4e+38 -3.4e+38 -3.4e+38 -3.4e+38 -3.4e+38 -3.4e+38 -3.4e+38 -3.4e+38 -3.4e+38 -3.4e+38 -3.4e+38 -3.4e+38 -3.4e+38
80 76 78 72 70 67 69 71 69 70 70 73 76 70 67 65 65 64 64 67 70 69 68 66 67 69 68 70 73 79 106 96 120 134 143 139 137 128 139 147 155 162 -3.4e+38 -3.4e+38 -3.4e+38 -3.4e+38 -3.4e+38 -3.4e+38 -3.4e+38 -3.4e+38 -3.4e+38 -3.4e+38 -3.4e+38 -3.4e+38 -3.4e+38 -3.4e+38 -3.4e+38 -3.4e+38 -3.4e+38 -3.4e+38 -3.4e+38 -3.4e+38 -3.4e+38 -3.4e+38 -3.4e+38 -3.4e+38 -3.4e+38 -3.4e+38 -3.4e+38
79 74 73 78 68 73 78 77 78 76 81 77 73 66 62 64 65 64 66 66 69 70 69 69 70 68 75 84 79 77 114 117 132 128 146 143 134 133 139 149 155 -3.4e+38 -3.4e+38 -3.4e+38 -3.4e+38 -3.4e+38 -3.4e+38 -3.4e+38 -3.4e+38 -3.4e+38 -3.4e+38 -3.4e+38 -3.4e+38 -3.4e+38 -3.4e+38 -3.4e+38 -3.4e+38 -3.4e+38 -3.4e+38 -3.4e+38 -3.4e+38 -3.4e+38 -3.4e+38 -3.4e+38 -3.4e+38 -3.4e+38 -3.4e+38 -3.4e+38 -3.4e+38
76 71 75 80 75 77 82 78 76 80 82 80 73 66 63 64 65 64 64 64 65 69 67 71 68 75 79 78 86 96 102 99 117 142 148 144 138 142 145 150 156 -3.4e+38 -3.4e+38 -3.4e+38 -3.4e+38 -3.4e+38 -3.4e+38 -3.4e+38 -3.4e+38 -3.4e+38 -3.4e+38 -3.4e+38 -3.4e+38 -3.4e+38 -3.4e+38 -3.4e+38 -3.4e+38 -3.4e+38 -3.4e+38 -3.4e+38 -3.4e+38 -3.4e+38 -3.4e+38 -3.4e+38 -3.4e+38 -3.4e+38 -3.4e+38 -3.4e+38 -3.4e+38
