trunk/EcoCrop/data/climate/tmin_3.asc
NCOLS 660 
NROWS 360 
XLLCORNER -20 
YLLCORNER -30 
CELLSIZE 0.1666667 
NODATA_value -3.4e+38 
[rows 90 to 119 of 360, columns 69 to 137 of 660]
192 191 190 190 188 185 183 182 183 184 184 184 184 183 184 181 179 176 172 170 169 168 169 170 174 180 187 191 192 193 186 181 198 198 205 210 211 215 218 220 222 222 222 221 220 217 216 214 212 211 210 210 206 203 206 208 208 208 209 211 209 214 214 214 216 213 217 220 219
193 191 192 189 187 186 185 183 183 184 185 185 184 185 185 182 177 173 171 168 168 168 171 174 181 187 195 196 182 185 182 182 190 200 206 209 213 215 218 221 222 221 220 221 219 216 213 212 211 212 211 209 208 208 210 210 212 211 213 213 213 214 217 215 219 216 218 222 221
195 194 191 191 188 187 185 182 184 186 186 186 187 186 184 181 177 172 170 168 167 168 172 178 185 194 202 201 193 188 184 186 203 205 208 211 214 216 218 219 220 219 220 216 216 215 213 211 209 211 210 208 210 209 209 211 212 215 216 215 216 215 219 218 221 218 219 222 219
193 193 191 192 188 187 186 186 186 188 187 188 187 186 184 180 176 171 168 166 166 167 172 179 188 198 204 199 195 187 186 200 206 208 212 214 215 216 218 216 217 216 219 216 216 213 211 212 212 211 210 211 210 209 210 211 213 217 218 217 221 218 220 220 221 218 219 224 224
194 194 193 192 191 188 188 186 189 189 190 189 189 186 185 180 174 169 167 166 164 166 173 179 188 195 199 189 189 188 200 205 209 211 214 215 216 215 216 216 218 217 216 216 214 214 213 212 211 210 210 210 209 207 210 211 214 218 219 223 221 220 222 222 221 220 223 222 222
196 194 193 190 189 188 188 190 192 192 191 192 191 187 185 180 172 167 166 167 168 169 176 181 187 193 193 192 186 199 204 208 211 213 216 217 217 217 217 216 217 216 215 216 216 214 213 212 212 210 210 209 209 211 212 214 214 215 218 223 220 220 222 221 223 223 223 224 222
198 195 193 193 191 193 193 193 193 193 195 195 193 192 187 181 172 164 168 171 175 178 180 184 189 192 190 189 191 201 207 211 214 217 218 216 219 218 218 218 217 215 217 217 216 215 215 212 213 211 209 209 209 211 212 214 215 216 222 222 224 220 222 221 224 221 225 223 227
197 197 194 193 195 195 193 194 194 196 198 199 199 197 192 185 179 173 176 178 182 186 188 190 194 195 195 191 198 207 211 216 218 220 220 219 220 220 220 220 217 217 217 218 218 217 217 215 214 213 210 211 210 211 213 215 216 218 218 221 223 222 221 223 223 223 225 225 227
195 194 198 198 196 193 194 196 197 199 201 203 204 203 200 195 190 186 185 188 191 194 197 196 198 196 195 192 206 212 216 220 222 224 224 224 222 223 222 220 220 221 222 218 220 220 218 217 216 216 213 212 214 213 214 215 217 217 220 223 222 221 224 222 221 224 224 224 228
195 195 193 196 198 195 198 199 202 203 205 207 209 212 209 203 198 195 195 196 199 204 205 203 202 200 200 207 212 217 221 224 227 227 227 223 225 223 224 222 221 222 221 221 222 221 219 218 217 215 217 216 215 214 217 218 219 219 221 220 222 222 221 222 224 224 223 227 228
190 189 195 195 199 199 199 202 204 205 207 209 211 214 213 207 204 202 201 203 205 208 210 206 203 201 205 212 217 223 227 230 233 232 231 228 226 225 226 223 225 223 224 223 224 222 223 220 220 219 218 218 217 218 218 220 220 221 219 220 222 224 225 221 222 223 224 227 230
192 191 197 199 201 201 202 204 204 206 208 211 213 214 213 210 207 207 206 206 208 209 209 207 205 205 211 217 221 226 231 235 238 235 234 229 229 227 226 226 227 227 224 228 227 225 223 222 222 220 220 221 219 218 219 221 222 221 223 224 225 226 225 224 223 226 226 228 231
198 199 204 206 203 202 203 203 204 206 210 211 213 213 210 210 210 209 208 209 208 210 211 208 205 207 215 221 226 230 234 238 238 237 235 233 230 225 225 227 226 227 229 228 228 228 225 225 224 222 220 222 221 222 222 223 223 222 224 224 225 225 227 227 229 230 227 231 234
207 210 215 213 207 207 204 206 209 211 211 214 215 215 211 210 210 211 211 211 211 208 211 211 207 213 218 223 228 233 238 239 239 237 235 233 231 221 226 224 226 228 228 230 229 229 226 225 226 225 225 225 226 224 224 223 224 225 226 224 227 227 228 228 230 231 229 233 236
206 214 221 219 213 211 209 211 214 213 216 216 216 214 211 209 210 212 212 212 211 211 209 209 205 210 220 226 231 235 238 239 238 236 234 231 227 228 226 225 226 228 230 231 232 229 229 228 228 229 227 228 227 226 225 225 226 227 226 226 227 227 230 230 229 230 234 234 238
212 215 221 221 217 213 214 213 214 213 216 217 216 216 213 209 211 211 213 210 211 207 207 206 207 210 221 226 232 236 238 238 239 236 234 232 228 225 224 225 225 228 230 230 233 230 229 230 232 229 230 228 227 228 228 229 228 227 228 228 229 231 229 231 232 233 235 239 240
215 217 219 219 218 216 215 218 218 216 217 217 217 215 211 213 213 215 209 205 208 206 210 210 207 213 221 224 232 235 235 235 235 234 233 230 225 224 222 223 223 228 230 232 234 233 231 231 231 232 230 231 229 230 232 229 228 229 228 230 230 231 233 232 232 237 237 238 241
212 215 218 217 218 218 217 216 218 218 218 219 216 217 216 215 216 216 213 212 213 211 211 213 211 216 221 227 230 229 233 233 233 234 232 230 227 225 223 225 224 226 229 231 233 235 235 235 235 232 234 233 231 232 231 231 233 232 231 229 230 232 231 232 235 237 236 241 243
213 214 213 217 218 219 216 218 218 218 217 218 219 215 216 207 214 215 216 216 215 213 213 214 215 220 223 227 223 232 228 232 233 232 230 227 226 225 223 224 227 228 229 231 233 236 237 238 237 235 236 235 233 234 232 233 235 235 235 232 234 232 232 232 234 237 238 240 244
211 212 215 215 218 218 218 221 220 220 219 220 221 218 217 217 216 218 217 217 216 214 218 215 219 219 225 222 228 231 231 233 232 232 231 231 230 227 227 226 228 230 230 231 233 235 239 240 242 242 241 237 238 236 234 237 236 236 238 236 237 228 236 236 236 235 238 242 244
210 212 214 215 217 218 220 221 220 221 222 223 222 220 217 213 217 219 219 219 219 218 218 217 217 218 223 223 227 231 231 232 233 233 231 231 230 229 228 229 228 230 232 234 234 237 240 242 241 243 240 238 240 238 238 238 238 237 238 237 237 236 237 237 235 235 238 240 242
208 210 212 214 217 219 220 222 221 221 222 223 222 220 215 216 217 219 218 218 220 219 219 219 217 219 221 225 227 229 232 232 231 232 232 233 232 231 233 232 230 233 232 235 237 237 240 242 244 244 242 239 239 241 240 240 240 240 237 240 240 239 239 232 234 234 238 241 243
206 210 212 214 217 218 218 221 219 222 222 223 223 222 217 218 217 215 216 217 218 220 221 221 219 221 225 229 230 231 232 233 232 233 235 233 232 232 232 235 234 235 234 234 235 240 242 240 242 244 241 238 237 240 242 239 238 241 241 239 232 236 232 232 232 233 237 239 240
205 209 211 215 216 218 218 219 219 222 223 223 225 224 221 223 213 214 216 213 218 219 220 219 227 228 230 231 233 234 234 234 231 234 235 236 234 233 234 233 232 236 238 237 239 239 242 240 243 241 241 238 243 245 242 243 242 242 241 236 237 235 229 231 230 235 235 235 234
203 207 210 213 216 217 219 219 222 221 221 224 224 225 225 223 215 222 218 214 218 217 222 222 230 232 233 233 235 234 232 233 235 234 235 234 234 236 235 237 236 236 238 242 245 245 241 242 243 242 241 237 243 240 244 244 244 240 239 237 222 223 220 229 229 232 232 231 231
202 206 210 211 216 215 218 219 222 222 222 222 222 225 224 224 224 224 207 214 220 220 228 231 232 232 234 233 232 234 234 236 237 238 237 236 236 236 239 237 237 242 244 245 247 246 246 245 242 240 240 237 231 244 246 246 242 240 240 225 228 218 227 225 227 227 227 225 226
201 204 209 213 214 216 217 218 220 220 223 222 224 225 223 224 225 225 226 225 228 230 229 232 234 232 234 236 233 236 235 237 238 240 237 236 239 240 240 236 242 246 245 245 248 246 244 244 230 227 230 237 244 244 247 244 242 239 234 229 219 223 223 224 225 224 224 221 225
200 206 208 211 214 213 217 219 219 220 221 223 224 224 224 225 224 226 227 229 230 230 233 233 233 235 234 233 234 235 238 241 239 239 241 237 237 241 243 239 240 242 247 247 248 247 245 238 240 240 241 244 246 245 245 242 242 237 226 218 211 220 222 220 222 218 220 220 222
199 202 205 209 213 214 216 216 217 219 222 223 223 225 224 225 225 227 227 228 230 228 232 235 235 234 232 232 234 235 240 242 242 244 244 239 240 240 243 242 242 245 246 248 248 248 247 245 243 244 241 241 241 245 244 245 241 240 217 216 219 218 218 218 216 212 215 214 215
200 203 206 209 212 216 215 217 217 219 220 222 222 224 224 226 226 223 227 227 230 230 231 236 236 235 233 235 236 233 237 241 245 245 244 241 235 239 240 243 243 247 246 246 249 247 246 246 244 243 238 241 241 244 240 241 242 239 234 225 222 217 215 214 213 213 209 209 212
