trunk/EcoCrop/data/climate/tmin_11.asc
NCOLS 660 
NROWS 360 
XLLCORNER -20 
YLLCORNER -30 
CELLSIZE 0.1666667 
NODATA_value -3.4e+38 
[rows 150 to 179 of 360, columns 345 to 413 of 660]
172 168 143 115 129 120 126 126 130 151 157 151 146 130 137 150 167 152 150 146 159 162 166 179 195 198 205 209 207 206 208 205 205 203 206 205 203 200 199 201 203 206 212 215 215 218 210 207 199 201 205 206 205 205 205 205 206 210 210 211 213 209 203 216 -3.4e+38 -3.4e+38 -3.4e+38 -3.4e+38 -3.4e+38
170 163 150 117 118 124 121 123 134 145 155 164 155 169 163 166 144 170 163 161 158 171 171 185 197 201 205 211 210 209 210 206 203 204 207 206 202 196 190 193 197 203 208 213 215 220 218 211 203 205 206 208 206 206 204 205 207 209 209 210 207 204 209 223 -3.4e+38 -3.4e+38 -3.4e+38 -3.4e+38 -3.4e+38
168 156 146 136 120 123 123 130 134 144 142 150 153 141 144 140 147 155 159 165 166 167 165 181 199 207 207 210 211 212 210 206 208 208 207 206 198 188 186 190 195 201 206 210 213 219 221 215 204 202 206 210 208 206 206 208 209 208 208 205 201 209 219 -3.4e+38 -3.4e+38 -3.4e+38 -3.4e+38 -3.4e+38 -3.4e+38
166 157 137 125 117 118 120 128 131 136 140 145 147 143 138 142 150 153 163 178 169 177 172 183 197 203 210 212 213 215 213 210 212 212 210 207 198 190 187 190 193 197 205 210 213 218 220 218 212 205 209 211 210 208 209 209 211 209 205 201 207 220 226 -3.4e+38 -3.4e+38 -3.4e+38 -3.4e+38 -3.4e+38 -3.4e+38
174 162 125 117 113 115 119 124 121 131 135 142 149 155 151 147 151 155 161 170 183 186 181 186 195 199 209 212 215 218 218 213 217 213 211 206 200 197 196 200 201 199 202 211 217 220 223 222 218 208 208 212 212 211 212 212 213 210 202 207 218 225 -3.4e+38 -3.4e+38 -3.4e+38 -3.4e+38 -3.4e+38 -3.4e+38 -3.4e+38
176 166 161 109 106 113 118 112 115 125 126 139 130 158 162 158 154 159 164 170 182 196 193 195 199 200 207 213 218 222 223 218 217 214 210 205 203 201 200 203 206 208 207 210 216 220 224 220 220 212 210 213 215 214 214 214 210 204 211 218 224 -3.4e+38 -3.4e+38 -3.4e+38 -3.4e+38 -3.4e+38 -3.4e+38 -3.4e+38 -3.4e+38
181 173 166 160 131 115 121 123 131 132 138 147 154 159 166 168 161 164 165 172 178 193 201 200 203 205 207 213 217 224 226 225 219 213 212 207 203 198 198 201 205 208 211 213 215 219 222 224 225 213 212 216 216 215 216 215 210 214 222 224 -3.4e+38 -3.4e+38 -3.4e+38 -3.4e+38 -3.4e+38 -3.4e+38 -3.4e+38 -3.4e+38 -3.4e+38
184 169 160 164 164 124 123 128 128 136 142 148 152 159 167 172 168 168 167 176 182 189 192 186 200 201 205 213 218 224 220 219 218 215 211 207 202 198 194 196 202 208 212 216 218 219 221 225 225 221 215 216 217 217 215 210 218 224 223 -3.4e+38 -3.4e+38 -3.4e+38 -3.4e+38 -3.4e+38 -3.4e+38 -3.4e+38 -3.4e+38 -3.4e+38 -3.4e+38
177 151 157 162 166 171 171 169 132 142 139 143 154 161 165 175 175 173 172 176 184 184 190 195 197 198 202 213 221 222 226 225 219 213 211 206 202 197 194 196 202 209 214 218 220 222 224 224 226 221 217 218 218 215 209 217 224 224 -3.4e+38 -3.4e+38 -3.4e+38 -3.4e+38 -3.4e+38 -3.4e+38 -3.4e+38 -3.4e+38 -3.4e+38 -3.4e+38 -3.4e+38
172 132 168 172 172 176 176 176 173 163 166 164 153 162 169 175 179 180 178 175 180 182 193 195 190 191 204 212 217 225 227 221 217 213 209 206 202 198 197 201 205 213 217 219 222 224 226 226 225 220 217 219 215 210 215 225 225 -3.4e+38 -3.4e+38 -3.4e+38 -3.4e+38 -3.4e+38 -3.4e+38 -3.4e+38 -3.4e+38 -3.4e+38 -3.4e+38 -3.4e+38 -3.4e+38
174 166 177 177 178 178 180 178 177 172 169 175 167 170 174 178 179 183 177 186 176 185 193 190 191 193 193 210 215 223 223 220 213 212 208 205 201 201 206 218 216 220 222 222 225 226 226 225 225 223 218 213 213 214 225 225 -3.4e+38 -3.4e+38 -3.4e+38 -3.4e+38 -3.4e+38 -3.4e+38 -3.4e+38 -3.4e+38 -3.4e+38 -3.4e+38 -3.4e+38 -3.4e+38 -3.4e+38
191 189 186 182 181 181 181 180 181 178 177 178 177 176 178 182 184 186 183 190 191 193 196 197 194 196 197 207 214 223 223 217 218 211 207 205 204 219 227 231 232 229 229 228 229 227 224 220 219 220 220 212 214 225 226 -3.4e+38 -3.4e+38 -3.4e+38 -3.4e+38 -3.4e+38 -3.4e+38 -3.4e+38 -3.4e+38 -3.4e+38 -3.4e+38 -3.4e+38 -3.4e+38 -3.4e+38 -3.4e+38
201 195 191 186 184 184 181 183 182 182 182 181 182 174 178 184 179 189 186 192 194 196 200 201 189 195 196 209 211 214 217 212 214 209 207 206 219 228 236 243 241 237 234 232 229 227 222 218 216 219 215 213 225 228 -3.4e+38 -3.4e+38 -3.4e+38 -3.4e+38 -3.4e+38 -3.4e+38 -3.4e+38 -3.4e+38 -3.4e+38 -3.4e+38 -3.4e+38 -3.4e+38 -3.4e+38 -3.4e+38 -3.4e+38
200 194 187 184 183 183 183 183 186 185 186 185 185 180 183 187 186 191 193 192 195 193 202 196 195 192 193 205 209 216 211 211 211 212 211 219 225 233 243 249 246 241 237 234 230 226 223 220 219 216 215 223 228 -3.4e+38 -3.4e+38 -3.4e+38 -3.4e+38 -3.4e+38 -3.4e+38 -3.4e+38 -3.4e+38 -3.4e+38 -3.4e+38 -3.4e+38 -3.4e+38 -3.4e+38 -3.4e+38 -3.4e+38 -3.4e+38
196 190 176 172 176 185 188 188 188 189 187 188 189 187 190 191 185 187 195 196 190 197 201 197 199 197 207 208 217 215 216 213 210 214 218 224 229 235 243 245 244 240 237 233 230 227 225 223 223 214 225 228 -3.4e+38 -3.4e+38 -3.4e+38 -3.4e+38 -3.4e+38 -3.4e+38 -3.4e+38 -3.4e+38 -3.4e+38 -3.4e+38 -3.4e+38 -3.4e+38 -3.4e+38 -3.4e+38 -3.4e+38 -3.4e+38 -3.4e+38
191 176 162 149 179 188 190 191 192 193 192 192 193 194 194 193 186 191 198 200 198 201 203 207 198 207 212 214 220 222 214 214 214 218 222 226 230 235 240 242 241 238 235 231 228 226 227 227 220 228 231 -3.4e+38 -3.4e+38 -3.4e+38 -3.4e+38 -3.4e+38 -3.4e+38 -3.4e+38 -3.4e+38 -3.4e+38 -3.4e+38 -3.4e+38 -3.4e+38 -3.4e+38 -3.4e+38 -3.4e+38 -3.4e+38 -3.4e+38 -3.4e+38
183 162 129 167 186 189 193 194 194 195 196 196 197 198 198 195 191 195 200 202 203 205 205 208 210 210 210 218 222 218 217 215 217 222 225 227 232 235 238 240 238 235 232 229 226 225 227 227 233 -3.4e+38 -3.4e+38 -3.4e+38 -3.4e+38 -3.4e+38 -3.4e+38 -3.4e+38 -3.4e+38 -3.4e+38 -3.4e+38 -3.4e+38 -3.4e+38 -3.4e+38 -3.4e+38 -3.4e+38 -3.4e+38 -3.4e+38 -3.4e+38 -3.4e+38 -3.4e+38
182 171 170 183 191 194 195 196 196 198 199 200 201 201 202 200 198 201 202 205 206 205 211 213 213 211 210 215 222 219 217 217 220 223 225 230 232 234 236 237 236 232 230 227 225 224 225 238 -3.4e+38 -3.4e+38 -3.4e+38 -3.4e+38 -3.4e+38 -3.4e+38 -3.4e+38 -3.4e+38 -3.4e+38 -3.4e+38 -3.4e+38 -3.4e+38 -3.4e+38 -3.4e+38 -3.4e+38 -3.4e+38 -3.4e+38 -3.4e+38 -3.4e+38 -3.4e+38 -3.4e+38
182 183 185 189 192 195 197 198 198 200 202 203 203 204 205 204 205 204 206 208 209 211 213 214 215 214 211 216 221 218 220 218 220 222 227 230 233 233 235 235 233 230 226 223 223 227 -3.4e+38 -3.4e+38 -3.4e+38 -3.4e+38 -3.4e+38 -3.4e+38 -3.4e+38 -3.4e+38 -3.4e+38 -3.4e+38 -3.4e+38 -3.4e+38 -3.4e+38 -3.4e+38 -3.4e+38 -3.4e+38 -3.4e+38 -3.4e+38 -3.4e+38 -3.4e+38 -3.4e+38 -3.4e+38 -3.4e+38
177 180 183 188 192 195 198 200 199 203 205 206 207 208 208 209 210 210 212 211 212 213 215 216 216 212 214 216 220 222 222 221 223 225 227 231 232 234 235 234 232 229 224 221 -3.4e+38 -3.4e+38 -3.4e+38 -3.4e+38 -3.4e+38 -3.4e+38 -3.4e+38 -3.4e+38 -3.4e+38 -3.4e+38 -3.4e+38 -3.4e+38 -3.4e+38 -3.4e+38 -3.4e+38 -3.4e+38 -3.4e+38 -3.4e+38 -3.4e+38 -3.4e+38 -3.4e+38 -3.4e+38 -3.4e+38 -3.4e+38 -3.4e+38
162 175 176 186 191 195 199 202 204 205 207 210 211 212 213 213 213 214 215 214 215 215 216 217 217 216 216 217 220 222 221 221 224 226 228 229 232 234 234 233 231 228 229 -3.4e+38 -3.4e+38 -3.4e+38 -3.4e+38 -3.4e+38 -3.4e+38 -3.4e+38 -3.4e+38 -3.4e+38 -3.4e+38 -3.4e+38 -3.4e+38 -3.4e+38 -3.4e+38 -3.4e+38 -3.4e+38 -3.4e+38 -3.4e+38 -3.4e+38 -3.4e+38 -3.4e+38 -3.4e+38 -3.4e+38 -3.4e+38 -3.4e+38 -3.4e+38
159 174 172 185 192 196 200 203 206 210 211 210 214 215 215 216 217 217 216 217 217 217 218 218 219 218 218 218 218 221 220 222 224 226 227 230 232 233 234 233 232 -3.4e+38 -3.4e+38 -3.4e+38 -3.4e+38 -3.4e+38 -3.4e+38 -3.4e+38 -3.4e+38 -3.4e+38 -3.4e+38 -3.4e+38 -3.4e+38 -3.4e+38 -3.4e+38 -3.4e+38 -3.4e+38 -3.4e+38 -3.4e+38 -3.4e+38 -3.4e+38 -3.4e+38 -3.4e+38 -3.4e+38 -3.4e+38 -3.4e+38 -3.4e+38 -3.4e+38 -3.4e+38
162 165 166 176 189 194 198 203 208 211 215 216 214 218 219 219 219 219 220 220 219 220 219 220 220 219 219 219 219 220 221 222 224 225 227 229 231 232 234 234 -3.4e+38 -3.4e+38 -3.4e+38 -3.4e+38 -3.4e+38 -3.4e+38 -3.4e+38 -3.4e+38 -3.4e+38 -3.4e+38 -3.4e+38 -3.4e+38 -3.4e+38 -3.4e+38 -3.4e+38 -3.4e+38 -3.4e+38 -3.4e+38 -3.4e+38 -3.4e+38 -3.4e+38 -3.4e+38 -3.4e+38 -3.4e+38 -3.4e+38 -3.4e+38 -3.4e+38 -3.4e+38 -3.4e+38
161 161 169 177 185 188 197 204 207 212 216 220 219 219 221 221 221 221 221 222 221 221 221 221 220 220 220 220 220 220 221 221 223 224 226 228 230 232 233 -3.4e+38 -3.4e+38 -3.4e+38 -3.4e+38 -3.4e+38 -3.4e+38 -3.4e+38 -3.4e+38 -3.4e+38 -3.4e+38 -3.4e+38 -3.4e+38 -3.4e+38 -3.4e+38 -3.4e+38 -3.4e+38 -3.4e+38 -3.4e+38 -3.4e+38 -3.4e+38 -3.4e+38 -3.4e+38 -3.4e+38 -3.4e+38 -3.4e+38 -3.4e+38 -3.4e+38 -3.4e+38 -3.4e+38 -3.4e+38
154 155 164 174 182 193 198 202 205 210 216 221 221 222 225 223 222 223 224 223 223 223 223 222 221 220 220 219 220 220 220 220 221 222 224 226 228 224 -3.4e+38 -3.4e+38 -3.4e+38 -3.4e+38 -3.4e+38 -3.4e+38 -3.4e+38 -3.4e+38 -3.4e+38 -3.4e+38 -3.4e+38 -3.4e+38 -3.4e+38 -3.4e+38 -3.4e+38 -3.4e+38 -3.4e+38 -3.4e+38 -3.4e+38 -3.4e+38 -3.4e+38 -3.4e+38 -3.4e+38 -3.4e+38 -3.4e+38 -3.4e+38 -3.4e+38 -3.4e+38 -3.4e+38 -3.4e+38 -3.4e+38
154 151 162 172 178 185 191 199 203 209 214 220 224 221 225 225 225 226 226 225 225 225 222 223 222 222 220 219 219 220 220 220 219 220 222 225 230 -3.4e+38 -3.4e+38 -3.4e+38 -3.4e+38 -3.4e+38 -3.4e+38 -3.4e+38 -3.4e+38 -3.4e+38 -3.4e+38 -3.4e+38 -3.4e+38 -3.4e+38 -3.4e+38 -3.4e+38 -3.4e+38 -3.4e+38 -3.4e+38 -3.4e+38 -3.4e+38 -3.4e+38 -3.4e+38 -3.4e+38 -3.4e+38 -3.4e+38 -3.4e+38 -3.4e+38 -3.4e+38 -3.4e+38 -3.4e+38 -3.4e+38 -3.4e+38
158 156 159 159 173 179 187 197 202 206 213 219 224 225 224 225 226 227 227 226 226 225 225 224 223 222 219 219 219 221 221 220 216 217 219 225 -3.4e+38 -3.4e+38 -3.4e+38 -3.4e+38 -3.4e+38 -3.4e+38 -3.4e+38 -3.4e+38 -3.4e+38 -3.4e+38 -3.4e+38 -3.4e+38 -3.4e+38 -3.4e+38 -3.4e+38 -3.4e+38 -3.4e+38 -3.4e+38 -3.4e+38 -3.4e+38 -3.4e+38 -3.4e+38 -3.4e+38 -3.4e+38 -3.4e+38 -3.4e+38 -3.4e+38 -3.4e+38 -3.4e+38 -3.4e+38 -3.4e+38 -3.4e+38 -3.4e+38
152 150 134 149 173 178 187 193 200 206 211 219 223 226 227 227 224 226 229 228 227 227 227 225 225 223 221 220 221 221 220 213 211 216 219 -3.4e+38 -3.4e+38 -3.4e+38 -3.4e+38 -3.4e+38 -3.4e+38 -3.4e+38 -3.4e+38 -3.4e+38 -3.4e+38 -3.4e+38 -3.4e+38 -3.4e+38 -3.4e+38 -3.4e+38 -3.4e+38 -3.4e+38 -3.4e+38 -3.4e+38 -3.4e+38 -3.4e+38 -3.4e+38 -3.4e+38 -3.4e+38 -3.4e+38 -3.4e+38 -3.4e+38 -3.4e+38 -3.4e+38 -3.4e+38 -3.4e+38 -3.4e+38 -3.4e+38 -3.4e+38
123 130 110 164 176 186 187 192 199 208 212 219 223 227 228 229 229 229 229 229 228 228 228 227 226 225 224 224 224 223 223 220 217 219 -3.4e+38 -3.4e+38 -3.4e+38 -3.4e+38 -3.4e+38 -3.4e+38 -3.4e+38 -3.4e+38 -3.4e+38 -3.4e+38 -3.4e+38 -3.4e+38 -3.4e+38 -3.4e+38 -3.4e+38 -3.4e+38 -3.4e+38 -3.4e+38 -3.4e+38 -3.4e+38 -3.4e+38 -3.4e+38 -3.4e+38 -3.4e+38 -3.4e+38 -3.4e+38 -3.4e+38 -3.4e+38 -3.4e+38 -3.4e+38 -3.4e+38 -3.4e+38 -3.4e+38 -3.4e+38 -3.4e+38
105 129 152 172 182 188 193 196 207 208 211 217 222 226 228 228 230 230 228 229 228 229 230 229 228 228 227 228 227 226 227 231 223 -3.4e+38 -3.4e+38 -3.4e+38 -3.4e+38 -3.4e+38 -3.4e+38 -3.4e+38 -3.4e+38 -3.4e+38 -3.4e+38 -3.4e+38 -3.4e+38 -3.4e+38 -3.4e+38 -3.4e+38 -3.4e+38 -3.4e+38 -3.4e+38 -3.4e+38 -3.4e+38 -3.4e+38 -3.4e+38 -3.4e+38 -3.4e+38 -3.4e+38 -3.4e+38 -3.4e+38 -3.4e+38 -3.4e+38 -3.4e+38 -3.4e+38 -3.4e+38 -3.4e+38 -3.4e+38 -3.4e+38 -3.4e+38
