trunk/EcoCrop/data/climate/tmin_9.asc
NCOLS 660 
NROWS 360 
XLLCORNER -20 
YLLCORNER -30 
CELLSIZE 0.1666667 
NODATA_value -3.4e+38 
[rows 279 to 309 of 360, columns 207 to 275 of 660]
137 138 139 141 142 142 141 139 138 138 138 138 139 138 139 138 139 138 139 138 138 137 138 136 136 134 133 133 130 130 127 127 126 126 126 125 125 125 128 129 130 131 134 135 136 138 140 141 142 143 144 144 143 141 139 137 136 131 131 128 125 125 125 129 129 129 125 124 126
137 137 136 139 140 140 140 139 138 138 138 138 138 138 139 139 139 139 139 139 141 139 140 137 137 135 135 134 133 130 129 128 126 126 127 127 126 128 129 130 131 132 133 136 136 137 139 140 140 141 141 141 139 138 135 134 130 128 129 126 126 124 126 129 131 130 130 130 125
136 136 136 137 138 139 139 138 138 137 138 138 138 138 139 139 140 140 140 140 141 143 140 139 139 137 136 135 134 133 131 129 129 129 128 128 128 128 130 131 131 132 133 136 136 136 137 138 138 138 138 137 135 134 132 130 128 124 123 122 123 125 129 131 133 134 132 127 125
137 136 137 136 137 137 138 138 137 137 137 137 137 139 139 140 141 141 141 142 142 142 141 140 140 138 137 137 134 133 135 131 130 129 128 128 128 130 130 131 132 132 133 134 135 136 136 136 137 137 135 135 133 131 129 126 123 121 119 120 122 127 131 133 135 134 132 129 123
138 137 136 137 136 137 137 136 135 137 136 137 138 138 140 140 141 141 142 142 142 143 144 143 141 140 139 138 136 134 133 134 130 131 129 129 129 129 130 131 132 132 133 133 134 135 135 135 135 134 134 132 131 129 126 123 120 118 116 118 122 127 133 136 137 135 133 131 127
139 137 137 136 136 136 135 135 135 135 136 136 137 138 139 141 141 141 143 144 144 144 144 145 144 143 141 139 137 137 134 133 133 131 130 131 130 130 131 131 132 132 132 133 133 133 133 133 133 133 132 131 130 127 124 121 118 114 112 116 124 129 135 138 140 140 139 137 135
141 138 138 137 136 135 135 133 133 133 134 135 137 138 140 141 142 143 144 144 146 146 146 146 148 145 142 140 138 137 135 134 132 132 132 131 131 130 131 132 132 132 132 132 132 132 132 132 131 132 130 130 129 127 124 122 117 117 116 119 126 132 138 142 144 143 139 136 134
142 140 139 138 137 135 133 132 131 131 133 134 137 139 140 142 142 144 144 146 147 147 147 147 146 146 144 141 140 138 136 134 133 132 132 133 131 132 132 132 132 132 132 131 131 131 131 130 130 130 130 129 128 126 124 123 122 122 121 124 128 135 140 146 145 146 141 143 145
143 141 139 139 136 135 134 131 130 131 133 135 137 139 140 142 144 145 146 147 148 148 148 148 146 145 144 142 140 137 138 135 135 134 133 134 134 133 133 133 132 132 132 131 130 130 130 129 130 130 130 130 129 128 127 125 125 125 126 128 132 133 137 143 143 140 139 141 143
143 142 140 138 137 135 133 132 131 131 133 135 138 139 141 143 145 147 147 148 148 149 148 148 146 145 143 142 139 137 135 135 133 133 132 133 132 132 132 132 132 132 132 129 128 128 128 129 129 129 130 130 130 129 128 127 127 128 129 131 133 135 138 140 140 139 137 139 134
143 142 141 139 137 135 133 132 132 133 134 135 138 140 142 144 145 148 148 149 150 149 148 148 147 145 143 142 139 137 135 135 133 134 133 133 131 132 131 131 131 130 129 129 127 127 128 128 129 129 130 130 130 130 130 129 130 130 131 131 134 137 138 140 140 138 136 139 149
144 143 141 139 137 135 133 133 133 134 135 136 138 140 143 145 147 149 150 151 151 150 149 148 147 144 142 140 139 137 135 136 134 132 132 132 132 132 130 130 129 129 128 126 127 128 128 129 130 130 131 132 132 132 131 131 132 132 133 134 136 137 138 138 138 138 139 143 143
143 142 140 138 137 136 133 134 133 134 135 136 139 142 143 147 148 149 151 152 151 151 150 148 146 144 143 141 139 137 135 135 133 132 132 131 131 131 131 130 130 129 130 128 128 129 129 129 131 131 131 133 133 132 134 133 133 135 136 136 136 137 137 138 139 138 138 139 145
142 140 139 137 135 133 134 132 134 133 135 136 139 142 143 147 148 151 152 153 153 151 150 148 146 144 142 140 138 137 135 134 132 132 131 131 131 130 130 130 130 130 129 126 129 129 131 131 131 132 133 133 133 134 135 135 136 137 138 138 139 139 139 139 139 139 139 140 142
139 138 137 136 133 133 132 132 134 133 134 136 138 139 142 145 148 151 153 154 154 152 150 148 145 143 142 140 137 135 133 134 132 130 129 130 130 130 131 130 130 129 129 129 129 130 131 131 132 134 134 134 135 136 136 137 138 138 139 139 138 139 139 140 140 140 140 139 139
136 136 134 132 132 131 129 131 132 132 132 133 135 138 141 143 147 150 152 153 153 151 149 147 144 142 140 138 136 135 135 132 131 129 129 129 129 130 129 130 129 129 129 130 131 131 132 133 133 134 134 136 136 137 137 139 139 140 138 139 139 140 140 139 139 141 140 140 139
131 131 130 122 128 128 127 127 128 128 129 130 132 134 138 141 144 146 148 149 150 148 146 144 143 141 139 137 135 135 132 130 129 129 129 129 128 128 128 128 128 129 130 131 132 132 132 134 134 136 136 138 138 138 140 139 140 140 139 139 139 139 141 139 141 139 139 139 139
128 125 119 122 119 122 123 121 123 124 123 125 127 129 132 135 136 138 139 132 140 141 140 139 140 139 137 136 135 133 131 130 128 127 126 128 127 126 126 127 128 129 131 132 132 133 134 135 135 137 138 138 140 141 140 141 140 141 141 140 139 140 140 140 139 138 139 139 139
127 125 121 118 118 117 117 114 115 117 116 119 119 121 119 112 126 127 128 117 134 137 135 137 138 137 135 134 133 131 130 128 127 126 125 127 126 125 126 127 127 131 131 132 133 134 134 136 136 138 139 141 141 142 142 142 141 141 140 140 140 140 140 140 138 139 138 138 137
133 124 121 122 122 115 115 112 109 108 109 111 112 112 117 120 120 123 124 130 132 133 134 136 136 133 132 131 131 130 129 128 126 125 125 126 124 123 123 124 129 130 131 132 133 134 135 136 136 138 139 141 143 143 144 143 142 142 141 140 139 140 141 139 139 139 139 138 139
135 125 130 121 117 112 110 109 106 104 103 105 110 114 114 116 112 118 125 131 133 134 134 133 132 131 130 128 127 128 127 125 126 125 123 125 124 123 124 125 127 129 130 133 133 134 135 136 137 138 140 142 144 146 144 143 143 141 141 140 141 141 139 139 139 137 138 138 138
132 129 125 119 115 112 107 105 101 100 102 110 112 113 112 111 114 119 124 127 129 132 131 129 129 128 127 126 125 125 124 124 124 124 123 122 123 122 124 126 127 129 131 131 133 133 135 135 138 139 140 141 143 144 143 143 143 141 140 140 140 140 139 138 138 137 138 137 136
125 126 121 120 112 118 116 114 115 111 110 110 113 112 111 107 111 110 116 122 126 128 127 126 124 125 123 123 122 124 124 122 122 122 122 123 123 124 125 125 127 128 130 131 133 133 135 136 136 138 139 140 141 142 142 142 142 140 139 139 139 139 138 138 137 137 136 136 135
114 129 126 120 116 127 125 121 118 114 108 112 113 109 103 105 102 116 120 122 124 125 122 121 122 121 120 121 119 120 122 120 122 121 120 121 121 123 125 125 127 128 128 129 131 133 133 135 136 137 139 139 138 139 139 140 140 139 138 138 138 138 137 137 136 136 135 134 134
126 122 124 121 127 127 123 121 119 114 110 108 103 99 99 106 110 114 117 119 121 121 119 118 118 118 117 117 117 117 117 118 118 118 119 119 121 122 124 124 125 126 127 128 130 131 133 133 135 135 136 136 136 136 137 138 138 137 137 137 137 136 136 136 135 134 134 133 133
122 121 123 124 118 122 120 118 118 111 105 103 96 95 99 103 108 111 114 116 116 115 115 116 113 114 113 113 113 115 115 115 115 116 116 119 118 120 122 122 123 124 125 126 127 129 131 131 132 131 133 132 134 134 135 136 136 135 135 135 135 134 135 134 133 133 132 132 132
122 121 129 121 121 113 109 110 107 101 92 92 95 97 99 102 106 110 110 111 111 110 110 109 110 109 109 109 109 111 111 114 113 113 115 115 116 118 119 118 119 120 121 121 121 125 127 126 126 129 129 131 131 132 133 135 135 134 133 134 134 133 133 133 132 131 130 131 130
69 122 117 113 108 104 96 95 95 93 94 81 97 98 100 102 104 105 105 106 106 103 103 105 105 105 104 105 105 107 108 109 109 110 112 113 114 113 113 114 115 115 116 118 119 120 122 123 124 126 127 129 130 130 132 132 133 132 132 133 132 132 131 130 130 129 128 128 128
110 113 112 107 109 104 99 91 88 97 98 92 93 96 99 100 100 101 101 100 100 98 98 99 100 101 100 101 102 103 104 105 106 107 108 109 109 109 109 108 109 112 112 114 116 117 119 120 122 124 126 126 128 129 129 129 131 130 129 131 131 130 129 129 126 126 125 123 122
109 107 108 112 107 104 104 100 98 99 93 87 89 92 95 96 97 96 96 96 95 94 92 94 95 97 97 99 99 99 101 103 104 105 108 106 105 105 105 106 105 106 109 112 114 115 116 119 121 122 124 125 125 126 127 127 129 129 128 128 128 127 125 123 123 122 122 120 119
104 106 109 105 99 98 69 95 103 101 95 90 87 88 90 92 92 92 91 90 89 88 89 89 91 93 94 94 96 99 99 99 99 101 102 101 103 102 101 102 103 103 104 108 110 112 115 117 119 121 121 123 124 125 125 126 125 127 127 126 124 123 122 121 119 119 118 116 115
