trunk/EcoCrop/data/climate/tmin_1.asc
NCOLS 660 
NROWS 360 
XLLCORNER -20 
YLLCORNER -30 
CELLSIZE 0.1666667 
NODATA_value -3.4e+38 
[rows 93 to 123 of 360, columns 138 to 206 of 660]
165 164 153 152 153 155 153 155 155 154 154 155 153 154 150 148 143 147 146 148 145 141 141 138 139 139 139 139 138 141 142 142 143 143 144 144 142 142 140 139 138 129 133 131 132 129 130 131 130 130 129 128 129 128 128 127 127 127 127 126 126 127 128 127 128 128 128 129 129
163 163 161 156 156 156 156 156 157 155 157 156 153 155 152 149 151 146 150 146 144 142 140 140 139 138 140 140 140 141 142 143 144 143 143 144 142 142 142 140 140 139 136 131 134 134 132 131 130 130 130 130 129 128 128 128 127 128 127 127 129 128 128 128 128 129 130 129 130
164 165 163 158 158 157 158 157 158 157 156 157 156 154 153 151 150 152 151 146 146 142 140 139 138 137 138 139 143 142 144 144 142 142 142 143 144 142 142 143 141 138 137 135 135 133 132 132 131 131 130 129 129 128 128 128 127 127 127 129 129 128 128 128 129 128 129 130 130
165 164 163 161 160 161 162 160 157 159 158 157 153 154 154 152 148 154 151 147 145 143 139 138 138 138 138 140 142 144 143 141 141 140 141 141 146 148 144 142 141 139 137 131 133 133 132 132 131 130 130 129 130 129 129 128 128 128 128 128 128 129 129 127 128 128 129 129 131
164 165 165 162 163 162 161 161 163 160 159 158 156 156 153 152 152 152 151 148 145 141 138 137 133 133 134 136 138 143 141 139 139 138 140 139 146 149 141 140 140 138 132 133 133 133 132 131 130 130 129 129 129 129 128 128 128 128 128 127 128 127 128 127 128 128 129 128 129
164 166 164 165 165 164 164 163 163 161 161 160 155 157 155 155 155 153 150 148 144 141 137 135 132 131 134 133 135 139 140 136 138 135 136 138 141 143 135 139 138 136 135 133 132 132 131 130 130 129 129 128 129 128 128 128 128 128 127 126 126 127 127 127 127 128 128 129 128
166 165 166 166 167 166 167 165 163 164 161 160 158 159 155 156 152 151 148 145 143 140 135 132 130 130 130 131 131 134 135 134 132 132 131 131 135 135 136 136 135 134 133 132 131 130 130 129 128 128 128 128 128 128 128 128 128 127 126 125 125 125 126 126 127 127 128 129 128
166 167 166 167 167 168 168 166 164 164 162 162 160 160 159 154 154 151 149 145 144 138 136 130 129 130 127 125 131 130 134 133 127 124 123 122 124 127 130 131 131 132 131 130 130 128 128 127 127 126 126 126 127 128 127 127 126 125 124 124 124 124 125 126 126 127 128 128 129
168 167 169 170 168 169 168 165 164 164 164 161 160 162 159 157 154 152 149 144 143 139 135 130 129 130 126 123 128 128 130 130 125 121 116 113 116 121 125 128 129 130 130 128 128 127 126 125 124 125 124 125 126 126 125 125 123 123 122 122 123 124 123 125 126 127 128 129 130
170 170 172 169 169 170 168 166 165 165 163 161 159 158 157 155 155 152 149 145 144 139 137 131 128 129 125 122 125 125 127 128 121 119 114 108 112 118 123 125 127 128 128 127 126 125 124 123 122 122 122 122 123 123 122 122 121 121 121 121 121 122 124 125 126 127 128 130 131
169 172 172 170 173 168 168 166 167 164 163 160 159 159 156 155 153 152 148 147 142 138 138 134 128 129 126 124 125 126 124 125 122 119 116 113 114 118 122 124 126 127 127 127 125 124 122 121 120 119 119 119 120 120 120 119 119 119 119 119 120 121 122 124 126 128 129 130 132
171 172 173 174 169 170 168 168 167 164 161 161 159 158 159 156 151 151 150 147 141 142 137 136 134 130 125 125 125 126 125 124 124 121 119 117 118 119 122 124 126 128 127 126 124 122 120 119 117 116 117 116 116 117 116 116 116 116 118 118 119 120 122 125 126 128 130 131 132
173 174 175 176 172 170 170 167 165 163 162 158 156 158 156 153 153 151 147 148 143 142 140 137 136 134 130 128 126 124 125 125 124 123 122 121 122 122 124 125 127 128 128 126 123 120 118 116 114 115 114 114 114 114 115 115 115 114 115 117 117 119 123 125 127 130 132 133 134
175 174 176 178 171 172 169 167 165 162 161 157 159 157 155 155 151 149 148 144 145 144 142 139 136 135 132 131 130 127 127 126 127 125 126 124 125 125 125 127 128 128 127 125 123 120 117 113 112 111 111 111 111 112 112 113 112 113 113 115 117 119 123 127 130 133 135 136 137
176 180 178 178 174 170 171 165 163 160 159 159 157 157 156 152 152 151 151 147 145 142 142 139 140 136 132 131 128 128 128 130 128 129 128 127 128 128 127 128 128 128 127 125 121 118 113 112 110 109 109 109 110 111 111 112 112 112 113 114 116 120 124 128 133 136 138 139 140
176 180 181 178 173 170 170 165 161 158 155 155 156 152 152 153 152 150 150 147 146 142 141 137 138 137 134 133 130 130 133 133 133 130 131 131 131 130 129 130 130 129 127 125 121 117 113 109 107 107 107 108 108 109 111 112 113 112 113 113 116 121 126 132 136 139 141 142 143
174 176 178 179 172 171 166 164 163 157 158 156 151 152 149 149 150 148 148 146 144 143 140 140 135 136 136 133 135 134 137 136 135 137 136 133 132 132 130 132 131 130 128 126 121 117 113 108 106 105 105 108 108 110 111 112 112 113 115 116 119 124 130 137 142 144 147 147 148
169 172 173 170 173 170 168 162 160 158 154 153 152 148 149 149 149 150 149 149 146 144 139 138 138 136 135 138 138 138 136 136 138 136 135 134 134 134 133 133 132 131 130 125 122 117 112 109 106 105 106 109 111 111 112 113 115 116 118 120 124 128 134 142 147 149 151 152 153
162 166 169 168 168 167 164 163 157 157 153 153 151 148 148 147 147 147 149 148 147 146 141 142 138 137 138 139 136 136 137 137 139 135 135 135 136 136 135 134 133 132 129 125 121 118 115 109 109 107 111 114 113 112 114 115 116 118 121 124 128 133 140 146 151 154 156 157 158
160 165 164 166 165 163 161 161 159 155 153 150 148 147 150 149 149 149 148 150 152 151 147 143 139 140 142 141 141 140 139 140 140 138 137 136 137 136 136 135 135 132 130 127 124 121 117 116 113 116 116 119 117 114 116 116 119 122 125 129 133 138 143 149 153 156 160 162 163
160 163 161 164 162 161 157 158 156 155 151 149 149 149 153 153 151 152 153 154 154 153 150 147 143 144 145 142 144 142 140 139 138 141 139 135 129 132 132 137 136 132 128 129 125 123 123 123 123 122 123 122 122 117 117 118 122 124 129 132 137 141 146 150 142 158 161 166 169
161 164 158 161 161 159 156 154 153 153 152 151 151 153 154 153 151 154 155 158 156 154 150 147 149 148 148 146 145 145 142 144 140 140 142 139 135 137 138 138 135 132 132 131 125 128 127 121 118 120 124 127 128 116 118 122 126 129 130 133 138 143 148 151 109 160 147 171 174
162 165 160 158 161 158 159 158 157 153 153 154 155 155 154 151 157 157 160 160 163 161 156 152 152 151 148 149 149 146 147 143 144 139 135 137 132 140 140 140 136 136 133 131 129 131 124 120 119 120 131 132 129 124 117 125 130 133 137 137 141 143 150 125 132 147 148 177 179
166 165 162 163 160 159 159 160 158 159 158 156 154 156 159 160 160 163 166 167 168 163 162 154 155 154 153 153 152 150 150 149 132 143 141 137 138 142 141 140 137 136 133 133 138 131 133 126 130 131 135 138 136 130 123 120 132 137 141 142 142 149 125 127 142 162 174 184 185
169 166 161 164 163 162 160 164 164 164 160 157 156 159 162 160 166 172 166 173 170 173 171 163 162 158 157 153 153 153 149 150 146 146 143 124 133 142 145 141 137 139 137 137 141 139 137 133 130 134 140 139 135 140 124 145 142 145 144 146 148 150 149 135 157 163 178 188 187
170 167 165 167 166 165 166 166 166 167 166 162 166 163 166 170 173 177 179 179 177 180 176 169 165 162 159 156 153 150 150 149 147 147 145 140 144 144 143 141 140 140 142 140 142 146 142 133 127 137 143 145 148 142 150 139 146 148 145 146 150 149 144 152 161 173 180 183 185
171 169 169 171 170 168 166 169 171 172 167 165 167 168 171 180 181 183 184 188 182 186 184 178 175 170 166 161 157 150 148 152 149 149 137 144 142 145 144 147 145 144 143 148 146 147 145 133 133 142 145 150 153 155 153 136 137 145 149 153 155 141 144 156 168 175 179 183 182
171 169 168 172 172 172 172 170 170 176 174 174 173 173 175 177 185 192 187 196 192 191 188 182 170 165 166 161 157 154 154 150 152 149 137 137 138 144 146 148 148 148 142 141 148 153 146 142 145 143 146 147 136 155 156 138 145 154 157 157 142 159 154 167 169 176 177 181 183
171 168 172 175 176 172 175 176 175 178 174 177 179 181 182 184 189 197 201 198 191 195 185 183 178 174 170 165 155 156 152 146 146 143 137 135 141 143 146 149 149 147 148 151 153 153 144 152 150 136 138 134 146 159 164 160 153 167 167 158 150 170 169 170 177 178 179 182 181
176 171 174 177 177 172 175 177 181 183 180 181 186 187 186 191 193 199 201 198 196 198 192 181 176 174 172 169 164 155 156 154 136 143 137 133 136 135 126 147 150 145 150 149 152 158 160 143 153 151 159 157 165 167 168 165 168 167 174 173 174 175 169 173 177 179 181 181 180
176 175 177 177 179 177 177 179 182 188 185 187 187 190 190 192 198 202 202 203 202 196 188 186 179 175 167 162 168 159 161 165 167 165 137 124 128 131 124 147 164 157 160 156 164 165 148 152 151 165 167 168 169 168 168 172 174 173 175 176 176 176 176 179 179 177 177 175 175
