trunk/EcoCrop/data/climate/tmin_1.asc
NCOLS 660 
NROWS 360 
XLLCORNER -20 
YLLCORNER -30 
CELLSIZE 0.1666667 
NODATA_value -3.4e+38 
[rows 186 to 216 of 360, columns 276 to 344 of 660]
196 196 194 190 189 189 187 186 185 181 176 178 177 170 169 160 139 121 130 136 168 142 100 90 110 138 140 147 130 132 139 141 144 148 146 159 163 166 168 171 172 174 175 176 176 177 176 174 168 155 150 136 113 120 115 113 98 92 88 87 91 115 122 99 103 122 123 123 128
197 197 193 190 192 190 177 187 187 181 175 173 168 156 163 139 153 119 127 142 156 120 110 93 108 132 141 133 139 135 148 148 149 152 149 159 163 166 169 172 173 176 176 178 179 180 180 174 161 160 143 136 135 116 126 115 103 100 98 111 115 134 134 110 119 127 129 125 136
197 196 190 195 192 192 178 180 186 183 181 179 181 144 172 145 130 126 113 108 100 90 113 112 115 148 150 154 152 150 137 152 153 154 157 162 165 168 170 172 175 176 179 180 182 183 184 178 176 167 165 147 122 136 133 125 117 105 103 112 144 144 149 130 122 131 126 110 133
196 195 194 178 191 191 187 185 175 180 180 181 179 178 141 134 118 95 141 118 92 100 121 110 113 148 142 155 154 139 145 153 156 157 160 164 166 169 171 173 176 177 180 181 183 184 174 180 172 174 163 159 149 143 135 127 109 106 87 111 149 163 164 147 123 129 128 129 137
198 195 190 185 190 188 188 167 163 158 164 162 178 153 162 149 118 84 142 149 94 114 151 123 147 143 150 149 154 144 146 154 158 148 164 165 169 171 174 175 178 179 180 183 184 184 179 170 163 166 160 153 140 133 132 110 114 103 106 98 179 176 171 153 127 130 126 122 137
198 196 193 189 192 191 172 169 153 155 161 155 162 156 158 122 101 110 136 149 96 126 145 133 151 144 146 152 157 151 146 157 163 162 166 168 170 173 175 177 178 179 181 182 182 182 175 176 161 168 155 153 146 144 137 122 110 102 117 124 184 185 168 155 134 128 135 132 126
197 198 197 195 192 191 189 177 161 166 168 151 153 157 146 154 112 118 132 149 142 140 129 149 152 154 153 147 158 159 157 156 166 168 169 170 172 175 176 178 180 179 178 181 181 178 182 181 178 175 169 161 158 151 137 128 113 90 143 154 186 180 167 154 142 141 146 144 148
198 197 197 196 194 190 190 189 187 165 185 155 156 161 147 126 109 127 134 124 128 151 142 152 155 154 152 154 142 156 160 161 159 157 171 172 173 176 178 179 180 181 181 182 181 181 181 179 177 169 168 167 161 153 142 128 120 123 160 168 188 180 161 139 144 148 149 150 149
200 198 190 196 194 187 189 181 188 187 161 181 159 150 145 123 111 139 134 100 103 137 136 157 156 156 147 156 150 154 165 167 156 168 172 172 172 166 177 180 180 182 179 182 181 178 172 173 171 167 165 156 152 151 141 131 122 150 166 189 188 175 145 137 151 152 153 155 156
201 198 195 193 196 194 190 191 180 178 187 186 166 159 146 121 128 139 151 109 109 126 143 158 151 143 147 147 147 157 168 171 161 171 173 174 175 167 167 178 174 177 178 181 180 180 177 175 172 167 160 137 140 145 140 130 132 162 166 189 123 167 132 142 149 152 155 155 151
203 201 199 188 191 190 193 191 188 190 177 189 187 153 174 157 124 151 167 150 111 138 147 156 146 141 147 150 145 156 158 159 156 167 173 174 175 169 177 175 177 181 178 177 176 178 174 174 169 165 159 152 149 145 138 139 133 155 148 100 165 164 152 144 149 155 154 150 151
204 203 201 198 194 194 194 192 181 188 187 190 173 170 165 142 85 130 183 172 146 135 147 136 134 131 145 145 150 156 161 160 164 168 174 172 168 170 174 178 176 173 182 181 178 174 174 171 168 166 159 155 148 146 144 147 150 141 68 134 169 103 156 140 149 151 125 93 112
205 204 200 200 199 197 194 192 183 177 185 172 175 176 161 131 86 85 189 199 187 141 147 146 129 129 141 140 153 152 150 163 161 167 165 168 171 171 169 177 178 178 180 181 177 174 175 173 169 164 161 153 148 145 144 147 152 97 64 128 177 175 157 136 137 144 130 56 -13
203 203 200 198 196 196 195 193 181 185 179 180 198 182 141 120 113 89 166 202 205 135 135 139 140 147 138 138 144 158 162 164 166 169 170 171 172 171 175 177 181 180 179 182 181 177 170 171 169 169 164 154 147 144 143 141 77 138 132 166 162 142 109 117 2 134 147 143 120
203 200 201 199 176 186 194 193 174 179 174 190 191 166 166 153 108 88 158 207 153 123 120 135 137 132 147 144 152 157 162 167 167 166 169 170 174 174 174 177 181 181 182 183 181 181 180 179 176 174 168 161 150 140 134 172 148 150 153 165 116 140 141 134 136 151 164 173 180
204 202 197 199 195 195 198 196 192 191 195 185 181 153 136 140 127 90 102 207 135 104 131 133 133 155 161 152 150 157 167 168 165 168 174 172 176 174 175 179 181 180 179 182 184 181 182 179 178 176 174 169 151 174 173 170 153 139 168 166 158 150 145 144 157 162 154 138 183
205 203 202 193 197 192 198 191 192 185 195 177 167 155 139 137 119 104 189 206 133 122 117 122 125 160 159 152 160 165 165 170 168 173 169 175 174 178 176 175 179 181 180 181 185 185 184 183 181 179 177 178 177 176 170 155 132 123 169 166 158 141 137 144 161 156 162 160 185
205 192 200 199 195 194 187 197 196 190 164 190 181 164 154 151 132 174 180 200 191 125 119 125 135 160 162 150 157 154 161 169 171 174 173 172 171 174 174 176 176 179 183 184 186 186 184 184 182 182 181 180 175 163 159 149 119 123 168 166 161 146 134 140 151 152 162 171 184
206 205 203 200 199 194 193 182 196 193 192 193 194 169 173 164 117 190 198 189 197 126 101 148 151 155 154 162 165 166 160 170 172 173 171 172 174 176 176 175 177 179 180 177 178 179 181 183 183 182 169 173 150 159 132 127 116 142 166 160 161 152 141 142 149 149 159 172 181
210 207 204 199 199 196 193 192 195 189 198 196 195 194 171 144 123 175 198 199 195 178 147 157 157 150 161 159 166 161 164 170 172 173 174 173 176 177 176 173 176 177 176 177 176 179 180 182 183 179 152 161 151 146 139 137 123 138 152 160 163 159 149 147 158 143 152 160 190
204 203 207 199 199 195 196 196 193 197 196 189 195 198 195 154 125 167 194 197 196 195 140 154 149 150 159 162 164 165 164 171 172 174 174 175 176 174 175 176 176 177 176 175 172 176 180 180 183 178 159 168 155 150 147 138 125 146 147 167 167 165 162 153 163 156 154 152 169
204 203 204 203 198 191 190 195 199 197 178 196 196 195 198 194 182 158 166 199 197 198 146 172 153 164 161 168 167 165 161 170 173 175 175 174 174 176 170 174 176 177 176 172 175 176 178 184 182 172 162 159 156 153 149 142 152 151 153 170 170 167 167 162 168 162 159 160 162
204 202 201 201 195 200 197 195 196 189 179 189 192 197 199 196 161 141 167 198 199 199 186 178 170 172 172 165 171 170 169 173 175 174 174 175 175 172 178 176 179 177 176 174 176 175 182 184 181 173 166 159 156 154 161 153 155 158 158 141 168 167 168 164 169 161 168 160 164
203 201 202 198 196 199 194 193 192 187 191 178 179 187 191 199 192 143 128 199 200 200 195 185 173 172 173 170 169 172 174 175 173 175 175 175 175 176 176 177 179 176 175 174 176 175 175 184 181 175 171 166 156 150 165 159 163 164 167 147 164 166 166 161 167 163 165 170 171
201 200 200 195 194 200 192 195 189 196 193 193 191 188 188 197 184 188 174 200 200 200 198 182 182 177 175 175 172 174 171 175 175 175 177 177 175 177 176 176 176 174 176 173 175 176 180 183 181 178 171 163 158 155 169 167 173 165 174 170 153 152 153 160 161 160 160 161 162
199 199 199 194 196 199 195 189 191 194 175 172 187 190 185 191 190 171 163 199 200 199 198 176 185 160 166 167 176 175 177 178 178 179 179 178 178 178 177 179 178 176 174 174 177 176 175 177 181 176 171 164 162 162 173 172 173 177 171 169 161 158 149 145 157 160 153 152 157
200 199 198 192 182 197 197 194 193 194 187 191 188 193 188 191 192 173 143 193 200 200 198 181 165 155 161 175 172 170 171 178 180 181 180 181 181 178 180 179 177 176 177 176 178 175 174 172 175 174 168 166 160 167 169 178 170 172 175 173 164 161 150 148 157 156 153 153 151
196 195 197 192 196 201 197 199 190 194 192 188 197 196 181 184 189 155 182 158 199 200 199 163 191 183 169 169 159 164 178 181 184 183 182 183 183 182 180 181 178 175 174 177 176 174 175 172 171 170 167 167 163 170 177 188 185 176 168 172 169 165 148 148 152 155 144 137 159
193 196 197 198 198 201 199 199 197 187 198 195 197 192 193 179 170 188 186 186 199 200 200 200 183 172 177 167 170 172 183 186 184 186 186 186 185 185 183 182 180 179 178 174 174 172 171 171 170 168 169 170 168 178 184 191 188 183 172 154 171 168 159 150 150 155 160 171 171
196 191 195 197 198 200 200 199 199 199 195 195 193 193 193 198 191 196 199 200 200 201 200 200 186 170 166 168 166 181 187 185 190 189 188 187 188 186 185 184 182 181 180 177 172 168 166 164 166 163 166 166 171 177 193 192 186 182 179 176 165 174 164 156 149 155 161 143 174
189 188 192 196 197 200 199 198 198 198 199 197 194 194 188 197 181 168 185 201 200 201 176 179 184 160 179 152 179 185 186 189 189 190 190 189 189 188 187 186 184 183 181 176 175 172 163 160 164 167 167 168 171 175 193 193 190 176 180 175 178 176 165 160 154 162 169 164 177
