trunk/EcoCrop/data/climate/tmin_9.asc
NCOLS 660 
NROWS 360 
XLLCORNER -20 
YLLCORNER -30 
CELLSIZE 0.1666667 
NODATA_value -3.4e+38 
[rows 124 to 154 of 360, columns 276 to 344 of 660]
205 206 207 208 210 211 212 213 214 214 214 214 215 214 213 213 214 213 213 212 211 210 210 210 210 212 212 213 214 215 215 216 217 217 218 218 220 220 220 220 219 219 218 218 217 217 214 212 207 192 177 148 155 151 145 137 133 132 125 130 157 143 133 133 127 119 100 92 116
206 205 208 209 210 211 212 214 214 214 214 215 214 214 214 213 212 213 213 212 211 211 210 210 211 211 212 213 213 215 215 216 216 218 218 219 219 220 220 219 220 219 219 218 217 216 214 212 191 165 183 152 153 146 138 133 130 127 127 126 150 147 125 103 102 121 128 100 76
205 208 208 208 209 211 209 213 214 214 214 214 214 213 214 213 212 213 213 213 211 211 211 211 211 212 212 213 214 214 215 216 217 218 218 219 220 220 220 220 220 219 218 218 218 216 216 213 207 201 185 161 141 143 139 136 129 127 127 134 138 123 130 118 135 111 125 129 118
204 204 206 206 209 211 210 211 214 214 213 213 214 213 213 213 213 213 213 213 212 211 211 211 211 212 213 213 214 214 215 216 217 218 219 219 220 220 220 220 219 219 217 217 217 216 214 213 211 202 200 150 125 152 147 151 139 131 130 117 135 116 147 109 137 133 126 122 94
204 204 204 207 210 208 208 212 212 212 213 213 213 212 213 213 213 213 213 212 212 212 212 211 212 212 212 212 214 215 215 216 216 218 219 219 220 220 221 220 219 218 217 217 215 214 212 211 210 206 198 154 138 147 155 144 136 132 128 117 115 128 145 147 145 138 123 130 115
204 199 202 206 206 208 208 211 210 211 212 213 213 212 213 213 213 213 213 214 213 212 212 211 211 211 212 212 213 214 215 216 217 218 219 219 220 220 221 221 220 219 218 217 214 212 210 208 204 201 201 171 156 158 158 156 137 136 132 134 124 124 119 130 143 134 135 98 130
200 201 204 206 202 207 206 207 210 210 209 212 212 212 213 212 212 213 213 213 213 212 211 211 211 211 211 212 213 213 214 216 217 217 219 219 219 221 221 222 221 221 219 216 214 211 207 203 199 196 201 204 196 159 157 136 135 133 129 120 125 105 107 116 142 129 131 78 131
198 201 204 203 200 202 204 209 208 209 209 210 211 211 212 212 212 211 211 211 211 211 211 210 210 211 211 212 213 213 214 215 216 217 219 219 220 221 221 222 221 221 219 217 214 209 205 199 194 191 192 190 192 162 130 146 129 128 124 109 109 107 122 128 139 131 123 113 129
197 200 203 202 199 201 205 207 209 207 210 209 209 210 211 211 210 210 210 210 210 210 211 210 211 210 211 211 212 214 214 215 215 217 218 219 219 221 222 222 223 223 221 217 213 208 203 198 192 189 188 189 187 166 120 140 133 128 118 104 109 113 108 131 128 128 110 123 121
197 198 201 201 199 203 203 207 206 208 206 208 209 207 210 210 210 209 209 209 210 210 210 210 209 210 211 211 212 212 213 215 215 217 217 219 219 221 222 222 223 224 222 218 213 208 203 198 193 188 183 184 181 147 115 127 107 124 115 103 87 110 113 104 112 112 122 128 113
197 197 201 201 201 203 203 203 206 204 206 206 208 205 208 207 208 208 209 209 209 209 209 209 209 210 209 210 211 211 213 214 215 216 217 219 219 220 222 222 223 222 221 217 214 208 203 198 193 190 183 181 177 179 153 109 120 105 108 121 120 123 116 97 122 122 122 101 129
195 196 199 200 199 204 202 203 204 205 206 205 206 206 206 205 207 207 207 208 208 208 209 209 208 209 210 210 211 211 212 213 214 216 217 218 219 220 221 222 221 221 220 217 212 209 204 199 195 190 187 186 179 172 163 139 96 98 103 113 118 118 140 132 91 116 109 81 168
191 195 198 197 199 202 201 202 204 204 204 205 207 202 203 204 205 206 206 207 207 208 207 208 208 209 208 209 209 210 212 213 214 215 216 217 219 219 220 220 221 220 219 217 213 209 204 201 196 192 187 180 183 179 165 137 135 137 122 113 101 121 93 109 146 146 163 124 169
190 194 198 196 199 199 202 203 204 205 202 202 203 202 202 205 203 205 205 206 206 207 207 207 207 208 208 209 209 210 211 212 214 214 215 216 218 219 219 220 220 219 219 217 213 209 206 201 197 195 190 185 175 169 169 143 125 124 122 128 114 136 120 119 119 138 128 137 159
191 195 193 197 197 200 201 205 202 201 200 203 202 201 201 202 201 202 203 204 206 206 206 207 207 207 208 207 209 210 210 212 212 214 215 216 216 218 218 219 219 219 219 216 214 210 207 202 198 194 192 186 181 148 150 160 154 108 112 158 153 141 156 152 170 119 139 133 175
190 189 194 195 198 199 202 200 201 200 202 202 202 200 204 201 202 200 201 203 202 205 205 205 205 206 207 207 208 209 210 211 212 213 214 214 216 217 217 218 218 218 218 216 214 210 208 202 199 195 193 190 185 171 114 150 156 135 122 122 171 164 183 171 156 153 138 189 121
191 194 195 197 199 199 199 201 199 196 200 201 199 198 202 199 200 200 202 203 201 202 204 205 206 206 206 205 206 207 210 210 211 212 213 214 215 215 215 217 217 217 217 215 213 210 208 204 201 197 193 187 186 186 174 167 138 138 145 160 184 158 128 186 88 171 171 141 127
193 193 196 197 197 201 198 198 197 197 197 202 198 198 200 198 199 197 198 201 200 202 203 203 204 205 206 207 206 206 207 210 211 211 212 213 213 215 215 215 215 215 214 213 212 210 207 204 202 198 193 185 187 180 179 173 174 150 159 150 193 188 185 104 137 134 177 177 136
194 194 192 193 197 199 197 197 196 196 198 197 197 197 199 198 194 198 199 198 199 201 201 202 202 203 206 207 207 206 209 209 210 210 211 212 213 213 214 214 214 214 213 212 212 210 208 203 203 196 189 163 177 183 164 132 162 135 163 198 194 148 188 160 121 166 150 173 91
193 192 191 193 194 196 197 196 194 196 198 197 191 195 197 198 195 196 195 198 200 198 202 202 201 202 203 204 206 207 208 209 209 210 210 211 212 212 212 212 212 212 212 211 210 209 208 206 204 201 175 165 175 163 158 148 157 135 178 203 201 188 195 145 98 175 171 102 125
193 194 192 190 191 193 194 195 193 194 196 197 193 194 195 195 194 193 195 196 198 199 198 199 200 203 202 203 204 205 208 208 209 209 210 210 211 210 211 211 211 211 210 209 209 209 208 206 204 203 200 195 177 176 169 160 181 176 185 190 203 194 191 145 178 154 172 146 159
195 194 195 195 195 193 190 193 196 193 196 197 194 191 193 195 194 191 192 193 195 197 194 198 197 201 201 204 204 204 206 206 207 209 209 209 209 209 209 210 210 209 209 209 209 208 208 207 205 205 203 202 165 179 177 161 191 198 199 209 197 190 203 155 108 174 196 179 167
192 196 195 193 194 191 189 190 193 193 194 195 195 189 191 190 192 190 191 192 193 194 195 196 196 200 198 200 204 203 206 206 206 208 208 208 208 208 208 208 207 207 207 206 207 208 207 207 207 206 205 204 161 171 188 163 194 204 199 211 170 215 194 172 167 203 193 111 164
197 197 198 193 191 191 189 187 191 193 192 193 192 189 189 187 190 192 190 191 192 191 193 193 194 198 199 200 203 202 202 205 205 206 207 207 207 207 206 206 206 205 205 206 206 206 206 207 208 207 206 202 194 195 199 191 201 210 214 217 216 216 193 167 196 200 196 158 170
198 197 197 194 193 191 191 188 188 190 188 190 189 186 184 186 187 189 186 188 189 189 191 191 191 197 197 199 199 200 202 204 205 206 207 205 206 204 204 204 204 204 203 203 203 203 205 206 207 208 209 203 204 199 208 207 207 214 217 218 219 218 192 172 164 210 205 167 164
193 198 196 196 193 192 191 188 186 189 189 185 188 189 188 186 186 187 186 185 186 184 188 187 187 192 195 195 197 200 201 202 205 206 207 204 203 203 202 202 202 201 201 201 201 200 200 204 204 207 209 209 211 212 213 214 217 220 222 222 224 214 188 182 159 211 190 163 164
193 191 194 191 192 191 189 187 187 185 185 183 187 188 185 186 185 185 185 184 182 182 184 187 187 188 192 193 194 199 199 200 205 206 205 203 201 200 200 199 198 198 198 199 197 197 196 196 199 205 208 211 214 216 193 218 215 207 226 226 226 216 198 185 214 213 159 166 146
194 192 192 191 191 192 188 187 187 184 183 186 185 186 183 184 183 184 183 181 179 181 181 183 183 185 190 192 190 195 197 200 201 205 202 198 199 197 196 197 186 196 195 194 195 192 193 191 198 203 209 210 215 217 217 155 212 206 228 229 229 220 208 188 215 213 176 174 169
192 192 190 191 190 189 189 187 186 185 182 183 180 185 182 183 182 182 181 181 177 176 175 179 183 185 187 188 190 188 193 198 201 200 199 191 194 193 192 192 192 190 192 192 189 184 187 184 195 203 208 213 215 217 219 195 217 216 226 232 231 227 210 200 215 212 129 179 169
193 192 189 190 188 190 188 186 185 184 181 183 180 182 180 180 179 179 179 180 179 178 176 179 183 184 185 188 188 187 185 193 198 196 197 188 189 190 186 188 192 192 190 188 161 163 159 172 193 201 194 212 216 218 221 220 217 223 211 234 232 228 218 202 215 205 168 177 170
191 186 191 189 186 187 187 185 185 183 181 183 181 180 179 180 180 180 180 178 179 179 178 177 181 182 183 184 186 186 186 192 197 195 194 191 187 184 184 185 182 189 179 185 154 133 159 176 190 197 203 210 216 219 222 221 219 210 207 234 233 229 220 208 206 197 187 183 174
