trunk/EcoCrop/data/climate/tmin_3.asc
NCOLS 660 
NROWS 360 
XLLCORNER -20 
YLLCORNER -30 
CELLSIZE 0.1666667 
NODATA_value -3.4e+38 
[rows 0 to 29 of 360, columns 345 to 413 of 660]
67 75 80 87 89 91 92 95 97 93 93 87 91 92 88 98 101 95 89 88 87 89 89 91 89 89 91 92 90 92 95 97 96 99 98 98 99 100 98 99 101 103 103 104 106 107 109 111 111 111 112 112 113 114 114 117 117 120 121 123 125 126 128 130 130 -3.4e+38 -3.4e+38 -3.4e+38 -3.4e+38
66 69 73 84 90 91 93 96 94 93 91 91 97 97 97 99 96 94 91 89 89 88 90 90 91 90 91 92 92 94 95 96 96 98 97 97 98 100 101 99 99 102 104 105 106 107 109 112 113 112 113 113 113 114 115 117 118 120 122 124 126 131 130 133 133 -3.4e+38 -3.4e+38 -3.4e+38 -3.4e+38
75 82 86 87 85 88 96 96 95 90 87 98 98 98 99 96 95 94 92 90 89 89 89 89 90 91 90 96 90 92 94 94 95 97 96 97 98 100 100 102 101 102 104 105 108 108 109 110 111 112 114 113 114 115 116 117 121 121 122 126 129 132 135 136 -3.4e+38 -3.4e+38 -3.4e+38 -3.4e+38 -3.4e+38
81 84 86 87 87 91 96 89 94 89 90 90 95 98 99 99 94 94 91 91 89 88 87 88 89 89 91 93 91 91 91 93 93 95 96 96 98 99 102 102 103 105 107 107 109 109 109 111 112 114 115 114 116 116 116 119 120 122 124 125 130 137 -3.4e+38 -3.4e+38 -3.4e+38 -3.4e+38 -3.4e+38 -3.4e+38 -3.4e+38
80 84 85 87 87 91 90 89 91 91 95 87 79 93 99 96 95 92 91 91 90 90 88 88 87 88 89 90 93 89 91 90 92 95 94 97 97 98 101 102 103 106 107 107 109 110 110 111 114 114 115 115 116 117 118 121 121 122 125 128 132 137 139 144 -3.4e+38 -3.4e+38 -3.4e+38 -3.4e+38 -3.4e+38
77 84 84 88 87 87 91 91 90 89 87 87 89 89 91 92 93 93 91 91 89 89 89 89 88 88 92 93 90 90 92 92 94 96 95 96 96 99 101 102 104 106 107 108 109 110 111 113 114 115 116 117 119 119 121 121 121 123 125 128 130 134 138 139 -3.4e+38 -3.4e+38 -3.4e+38 -3.4e+38 -3.4e+38
78 80 87 86 90 85 86 90 93 91 88 88 88 88 90 91 90 91 91 91 89 90 90 89 89 89 88 89 90 89 91 91 95 94 95 96 97 97 101 103 104 106 108 108 109 110 111 113 115 116 117 118 120 125 121 121 122 123 125 127 129 133 136 135 -3.4e+38 -3.4e+38 -3.4e+38 -3.4e+38 -3.4e+38
80 84 83 82 84 88 86 92 93 93 91 88 88 88 90 89 90 90 89 90 90 89 91 89 89 89 89 91 89 90 91 92 93 93 93 97 99 102 100 102 103 105 108 108 110 110 112 112 116 116 117 120 125 122 123 123 123 124 125 126 128 129 131 134 135 -3.4e+38 -3.4e+38 -3.4e+38 -3.4e+38
83 84 81 78 84 87 87 91 94 95 91 89 90 87 88 88 89 89 89 90 89 89 89 90 89 89 88 89 90 90 88 92 90 93 95 95 98 99 100 101 104 105 107 110 109 111 111 114 115 116 118 124 124 123 124 124 124 124 125 126 127 127 128 130 132 -3.4e+38 -3.4e+38 -3.4e+38 -3.4e+38
80 82 80 78 82 85 87 90 92 94 91 90 90 88 90 87 89 89 88 89 90 89 89 90 89 89 90 90 90 89 90 92 91 93 96 96 98 98 102 103 106 106 108 109 111 112 112 115 115 116 119 123 125 124 124 124 124 124 125 125 126 127 126 129 130 130 -3.4e+38 -3.4e+38 -3.4e+38
80 84 78 81 87 87 91 92 94 93 91 90 87 87 89 88 88 88 88 88 89 88 88 87 89 88 89 89 91 90 90 91 94 93 94 97 99 99 102 104 105 106 109 110 112 112 113 113 115 115 115 115 122 123 124 124 125 124 125 125 126 126 127 128 129 129 129 -3.4e+38 -3.4e+38
78 78 83 88 88 91 92 94 95 90 90 88 88 87 87 87 89 88 87 88 89 89 88 88 87 88 89 91 90 92 92 92 93 95 96 101 100 102 103 106 106 106 109 110 111 113 113 113 115 115 115 117 120 122 123 123 125 124 125 126 125 126 127 126 129 128 130 -3.4e+38 -3.4e+38
83 82 82 89 92 94 94 95 96 89 89 88 88 88 87 89 88 89 89 88 90 90 90 87 86 87 86 91 90 96 95 93 94 96 97 100 102 104 104 107 107 109 109 110 113 114 114 116 115 116 116 118 121 122 124 126 125 126 126 126 126 126 126 126 129 130 132 132 -3.4e+38
85 84 81 89 92 93 96 96 95 91 91 88 88 89 87 90 92 91 94 93 90 89 87 86 85 85 86 89 89 95 96 96 97 96 100 100 104 104 106 106 107 108 111 110 113 117 115 115 117 117 119 119 121 123 125 126 125 127 125 126 126 126 125 128 130 131 132 134 -3.4e+38
85 86 86 87 93 93 94 93 94 91 91 91 90 91 88 69 97 94 96 96 93 89 91 70 66 82 83 88 90 92 96 97 99 100 101 103 104 105 107 109 108 109 113 113 113 114 115 115 117 119 118 120 123 122 125 125 129 127 127 127 129 131 129 130 130 133 134 137 -3.4e+38
79 84 85 87 91 92 91 91 93 92 93 92 92 93 97 85 96 97 95 90 94 92 91 72 84 85 84 87 89 93 96 98 101 101 103 105 106 106 109 109 113 113 115 114 113 112 114 115 116 119 121 121 122 124 124 125 126 128 129 130 129 130 130 132 132 134 135 136 138
70 81 86 87 92 94 91 94 93 94 95 96 93 93 97 94 94 94 95 92 93 87 77 82 84 87 87 90 84 93 96 99 102 103 104 106 107 106 110 110 110 114 117 115 113 115 115 116 118 119 120 122 122 124 124 126 125 127 128 129 129 129 130 131 133 136 137 139 139
69 90 90 92 90 90 93 94 95 91 90 84 90 94 91 94 98 95 96 93 85 84 81 79 85 87 90 83 84 90 98 100 101 107 105 107 108 110 111 114 114 115 116 115 114 116 115 117 119 120 121 123 122 125 125 125 127 128 129 129 129 130 130 133 130 138 138 140 142
63 88 97 102 95 88 90 92 92 90 92 92 91 90 92 94 98 96 85 88 84 84 88 86 86 91 88 87 92 95 97 100 104 105 109 110 112 111 113 116 116 117 116 114 113 116 116 117 118 120 122 124 125 124 126 126 127 129 126 129 132 131 133 135 132 139 138 139 141
80 73 107 93 90 94 88 91 92 93 90 89 91 92 95 94 96 93 87 90 92 94 94 90 89 96 92 92 90 93 99 103 105 106 109 112 111 113 116 114 119 118 116 115 115 114 117 117 119 120 121 122 126 127 126 127 127 128 128 129 131 131 133 134 136 135 139 140 141
107 89 111 94 96 99 88 87 90 91 92 90 92 90 91 85 88 96 96 97 95 95 98 100 101 85 98 97 96 100 101 103 105 107 109 114 114 114 116 118 119 117 118 116 115 115 118 120 119 120 122 121 125 125 125 127 126 127 129 128 131 131 133 134 136 136 139 138 142
105 120 111 113 114 91 82 81 86 89 93 90 91 84 85 82 90 96 100 102 100 101 99 99 99 105 106 104 100 99 97 100 109 111 114 116 118 120 119 120 117 118 116 118 117 115 116 120 119 120 121 122 123 124 127 127 126 128 128 129 132 133 134 133 135 134 138 141 143
102 106 124 124 125 116 103 87 82 86 91 100 99 86 81 85 93 100 103 104 106 105 102 106 108 108 109 108 108 105 108 109 109 111 115 118 121 124 120 120 119 120 120 121 116 116 116 118 121 119 121 122 123 124 127 126 127 129 129 130 133 134 136 136 136 138 139 140 145
112 87 108 132 121 122 114 113 105 109 99 114 106 99 86 91 97 101 97 107 109 109 109 109 112 113 114 113 113 111 113 112 112 117 120 121 124 122 122 122 124 117 121 119 121 117 116 119 121 123 121 122 124 126 127 127 128 129 131 131 134 135 136 137 137 137 137 141 146
107 100 107 134 136 124 117 125 116 113 117 117 107 93 78 84 97 103 106 108 107 111 112 112 114 113 116 117 117 116 118 119 118 120 124 126 126 123 121 119 124 121 122 123 124 112 117 121 119 125 121 123 125 128 126 128 128 130 131 134 135 135 136 138 138 139 142 141 147
131 135 137 137 140 140 122 130 125 120 122 119 106 96 70 81 99 103 105 106 106 110 112 114 111 115 118 120 120 121 122 123 123 126 126 124 124 123 122 122 125 125 120 124 122 123 115 118 122 121 129 130 129 127 127 127 130 131 132 134 135 137 136 139 139 141 140 144 146
142 138 131 137 143 145 143 139 130 118 122 122 113 101 85 84 99 103 102 105 105 106 107 110 116 117 119 119 121 123 124 123 125 124 126 122 123 123 124 124 123 125 123 125 123 126 124 117 124 126 129 132 133 126 126 129 130 132 134 136 136 138 137 139 140 140 141 143 147
128 108 132 119 135 142 144 143 134 116 114 121 113 103 86 89 103 109 104 107 108 110 111 114 113 119 120 123 124 124 124 119 123 126 123 120 121 120 123 126 123 127 125 124 124 124 128 127 121 127 128 132 133 133 125 130 131 133 135 136 137 137 138 140 142 142 142 144 148
135 113 114 123 132 125 136 136 139 119 116 121 117 109 103 102 109 116 112 110 111 113 114 118 121 123 124 126 127 124 123 123 125 125 123 118 120 120 124 126 124 125 128 126 125 124 128 130 132 130 125 123 132 134 136 128 131 134 135 138 138 139 140 141 143 144 144 144 145
139 117 103 126 124 131 123 116 134 126 124 125 117 116 112 115 118 122 120 119 115 112 117 119 122 123 126 127 127 126 126 122 124 125 124 115 121 124 125 128 126 121 128 128 126 127 128 130 131 130 122 127 125 134 135 138 131 132 136 138 138 139 139 142 143 145 146 146 147
