trunk/EcoCrop/data/climate/tmin_9.asc
NCOLS 660 
NROWS 360 
XLLCORNER -20 
YLLCORNER -30 
CELLSIZE 0.1666667 
NODATA_value -3.4e+38 
[rows 62 to 92 of 360, columns 69 to 137 of 660]
261 261 261 261 261 261 261 261 261 261 261 261 261 261 261 260 260 260 260 260 260 259 260 260 260 260 261 260 261 261 261 261 261 261 261 261 261 261 261 261 260 262 260 261 262 265 258 259 261 262 259 262 263 265 265 263 262 258 248 249 248 246 244 242 240 236 235 237 238
261 260 261 261 261 260 260 261 260 260 261 261 260 260 259 260 259 259 259 259 259 259 258 259 259 259 260 260 260 260 260 261 260 260 260 260 260 260 259 259 260 258 259 261 261 261 262 258 261 257 258 262 264 264 265 263 261 259 255 251 249 246 243 243 238 237 241 238 239
260 260 260 260 261 260 260 260 260 261 259 260 260 259 258 258 259 258 258 258 258 257 258 258 258 258 259 260 259 259 259 259 259 260 259 259 258 259 258 259 258 259 259 257 258 259 260 259 256 257 259 262 263 264 264 262 259 256 251 250 249 250 242 243 242 239 241 242 243
260 260 260 261 260 260 261 260 260 260 259 258 259 259 258 258 257 257 257 257 257 257 258 257 257 258 258 258 258 259 258 258 258 258 258 258 258 256 256 257 258 256 256 258 256 259 257 257 256 258 260 260 261 264 264 261 261 257 254 253 252 252 249 246 242 240 243 244 245
259 260 260 261 260 260 259 260 258 259 259 258 258 258 258 257 257 257 256 257 256 256 256 257 256 256 256 257 256 258 257 257 257 257 256 256 256 256 257 256 255 254 254 254 255 254 254 253 255 256 258 259 260 261 264 263 262 252 257 255 255 254 250 247 243 241 243 245 245
260 260 260 259 260 259 259 259 259 259 257 258 258 257 257 256 256 255 256 255 255 255 255 255 255 255 255 255 255 256 256 256 255 255 255 255 255 254 254 255 254 253 253 253 253 253 256 253 253 255 258 258 259 262 263 263 262 262 260 259 254 253 251 248 246 246 247 249 247
263 260 260 260 259 259 259 258 259 258 257 257 256 256 256 256 256 255 254 254 254 254 254 253 253 254 253 254 253 254 253 254 253 253 253 254 253 253 253 252 252 252 252 251 250 251 252 251 252 255 257 256 259 261 263 262 261 262 257 256 256 253 251 249 248 247 247 249 248
261 258 259 259 259 259 259 259 259 258 257 256 256 256 255 255 254 254 253 253 253 252 251 252 252 252 251 252 252 253 253 252 252 252 252 252 251 252 250 251 252 251 252 251 250 251 252 251 253 255 255 254 258 262 262 262 262 259 258 260 257 256 253 251 249 250 251 250 250
263 263 261 258 259 259 258 258 259 258 258 256 256 255 255 253 253 253 252 252 251 250 250 250 250 250 251 250 250 251 251 251 250 251 250 250 250 250 249 249 250 249 250 250 249 250 251 250 253 254 255 255 258 259 261 261 262 260 261 260 259 255 253 252 251 250 251 252 252
262 264 263 257 258 258 258 257 257 257 258 256 256 254 254 253 253 252 251 251 249 249 249 248 249 248 249 249 249 250 250 249 249 248 249 249 248 249 247 248 247 248 248 249 249 250 249 251 250 252 255 254 256 259 259 261 261 260 260 257 257 256 253 252 252 253 251 252 252
261 262 263 266 258 257 256 258 257 256 256 256 254 254 254 252 252 251 250 250 249 248 247 247 247 247 248 247 248 248 247 248 247 248 247 247 247 246 246 246 246 246 247 248 248 249 250 250 252 252 254 254 256 259 259 258 259 258 259 256 256 255 254 253 253 253 254 253 254
262 262 263 268 267 265 256 256 257 256 255 255 254 253 252 251 251 251 249 249 247 247 246 245 245 246 245 246 246 246 247 247 246 246 246 246 245 244 244 244 244 245 245 245 247 247 248 249 250 251 254 253 257 257 257 257 258 257 256 257 255 255 255 254 254 254 255 255 254
262 262 262 263 262 264 258 256 255 255 255 253 253 252 251 250 250 249 248 247 246 246 245 245 244 244 244 245 245 245 245 245 244 244 245 244 244 243 243 243 243 243 244 245 245 246 247 247 249 250 251 253 255 254 257 257 257 256 255 256 255 254 256 256 256 255 255 254 254
261 261 260 261 261 262 264 261 255 254 254 253 252 251 250 249 249 248 246 246 245 245 243 243 243 243 242 242 244 243 243 244 244 244 243 243 242 242 242 241 242 242 242 243 245 245 247 247 249 249 251 251 253 255 256 256 255 255 255 253 253 255 254 256 255 256 255 255 253
260 260 260 260 260 260 259 259 259 254 253 252 251 250 248 248 247 246 245 244 244 243 241 241 241 241 241 241 242 242 243 243 243 243 243 242 243 242 241 240 240 241 242 242 243 245 245 246 247 250 248 251 252 254 254 256 255 255 256 253 254 254 256 255 256 256 255 253 252
258 258 259 258 259 259 262 255 253 252 251 250 249 248 247 246 244 245 244 242 242 241 241 240 239 240 239 239 240 240 241 241 242 242 241 241 241 240 239 239 239 240 241 242 243 244 245 245 246 248 249 250 254 253 255 255 255 254 253 254 252 253 253 256 255 256 254 251 247
257 257 256 257 258 261 260 250 250 249 248 247 246 246 245 244 244 243 241 241 240 239 239 238 238 238 238 238 240 240 238 240 242 242 242 241 241 240 239 238 239 239 241 242 243 244 245 247 248 248 249 251 254 255 254 254 255 253 253 252 252 247 253 254 255 255 249 249 249
256 254 255 256 258 259 259 250 247 247 246 245 244 244 243 242 241 241 241 240 238 238 237 236 236 236 236 237 238 237 239 241 241 242 242 241 241 240 239 239 238 241 242 241 242 245 245 246 248 252 252 253 255 255 254 253 252 252 251 252 252 250 252 255 254 254 252 247 250
253 253 254 255 256 256 256 248 243 243 243 243 243 241 241 240 240 238 239 238 237 236 236 234 235 233 234 234 236 235 238 240 242 242 241 241 241 240 240 240 241 240 242 241 243 244 244 248 249 253 255 255 254 254 252 250 250 251 250 250 249 250 251 254 253 253 249 250 246
251 251 251 252 251 253 253 252 247 240 239 240 239 239 238 239 238 237 237 236 235 234 233 232 231 232 232 232 234 235 238 239 242 241 241 241 240 241 241 239 241 239 242 245 242 243 244 247 250 252 258 257 255 252 251 249 249 249 248 248 248 249 247 251 251 248 248 252 247
248 248 247 248 248 247 248 246 242 241 237 237 237 237 236 235 236 235 234 233 232 230 231 229 230 229 228 230 230 233 236 239 239 240 240 240 240 241 238 240 240 240 242 246 245 245 246 247 250 253 260 255 253 250 249 248 248 247 247 249 247 249 248 251 253 251 250 251 249
244 244 243 243 243 243 241 240 237 236 233 233 233 232 234 232 233 231 233 231 230 229 228 229 230 227 221 227 228 231 234 236 238 239 239 240 240 239 239 242 242 242 243 245 245 246 247 248 250 253 252 254 249 248 246 246 245 244 245 247 247 248 248 250 253 252 249 248 247
241 239 239 237 237 235 235 234 234 232 232 229 230 229 230 232 229 230 229 227 226 229 229 228 227 225 226 226 228 229 231 234 235 237 239 238 240 240 240 242 241 243 244 245 245 245 245 246 248 248 250 248 247 245 242 241 242 244 243 245 248 247 247 248 250 252 250 249 249
237 237 234 231 231 230 230 230 229 229 228 228 226 227 225 228 229 228 225 225 228 229 230 229 228 226 226 226 226 228 230 231 234 236 236 237 238 240 241 242 242 243 245 244 245 241 245 247 246 244 245 245 244 242 239 240 240 242 243 245 245 246 246 247 248 249 250 248 247
233 232 229 229 226 226 225 225 225 226 225 224 224 223 224 225 226 228 227 228 229 229 229 229 228 227 227 226 226 228 230 231 233 234 236 237 237 239 242 243 244 246 245 244 244 245 243 245 245 245 245 243 240 237 237 239 239 239 242 243 242 243 246 246 245 247 248 245 245
229 227 226 224 223 222 220 219 220 220 222 221 219 220 221 223 224 225 227 228 229 229 230 229 228 227 227 227 227 227 229 230 231 231 235 235 237 239 241 244 246 246 246 245 246 245 243 242 244 244 243 242 240 236 236 239 237 238 241 242 241 242 244 245 245 245 246 245 244
224 224 222 222 221 218 215 215 215 217 216 219 218 218 218 220 223 225 227 228 228 229 229 229 229 229 228 227 226 223 228 229 230 231 229 234 237 238 240 243 234 246 244 245 244 244 245 244 242 239 242 239 239 238 236 237 238 238 239 241 240 242 243 243 243 242 244 243 242
223 222 221 219 217 216 213 212 214 214 216 216 216 215 216 219 221 224 226 227 228 229 229 230 230 229 229 228 225 228 227 227 229 199 223 232 235 219 235 241 242 244 243 244 243 243 243 243 243 239 240 241 239 237 237 236 236 238 240 240 240 241 241 243 240 241 241 241 237
221 221 218 219 218 214 214 212 213 213 214 214 214 214 217 219 221 223 225 226 228 230 230 230 230 230 229 229 227 226 217 209 226 224 230 233 234 235 238 238 240 241 240 241 241 240 241 241 241 241 242 242 238 236 237 238 238 238 239 240 237 241 240 239 240 236 238 240 236
221 219 220 217 215 214 213 212 212 213 213 214 212 215 215 217 220 222 224 227 229 231 231 231 230 229 230 229 214 215 209 208 214 224 228 231 232 234 236 237 238 238 238 238 239 237 236 236 238 239 241 239 238 237 239 238 239 238 240 240 239 239 240 239 240 235 235 236 235
220 220 217 217 214 213 211 209 211 212 212 214 214 214 215 217 219 222 225 227 229 231 232 232 230 229 231 229 221 215 209 211 226 227 229 230 232 233 234 234 235 234 235 233 233 232 233 233 235 239 239 238 239 236 236 237 238 240 241 238 239 237 241 239 239 234 234 234 229
