trunk/EcoCrop/data/climate/tmin_5.asc
NCOLS 660 
NROWS 360 
XLLCORNER -20 
YLLCORNER -30 
CELLSIZE 0.1666667 
NODATA_value -3.4e+38 
[rows 210 to 239 of 360, columns 207 to 275 of 660]
195 194 196 200 196 199 204 186 186 192 196 199 192 183 194 179 184 197 195 192 193 188 182 187 197 193 202 200 194 198 190 205 201 199 200 199 193 192 190 197 200 195 197 196 195 199 199 199 199 196 199 201 203 199 199 198 199 194 193 198 192 194 191 193 193 192 198 199 201
192 200 194 196 195 194 197 188 187 185 198 188 197 185 200 179 174 187 183 183 192 176 179 191 194 195 198 192 189 191 189 201 198 197 201 194 192 199 200 203 204 197 199 200 198 197 199 198 200 197 198 201 199 203 199 198 202 194 193 198 192 190 190 193 195 195 198 198 200
207 208 201 187 198 192 192 179 182 185 189 187 198 181 194 181 181 183 177 175 187 171 176 192 181 184 194 198 188 186 190 186 195 200 195 187 189 193 200 195 197 201 195 202 203 200 195 199 197 200 196 194 201 201 199 193 197 193 192 192 188 192 189 193 193 191 195 193 197
214 209 199 196 193 190 175 183 177 181 193 186 200 182 180 177 184 175 175 170 170 168 169 187 172 183 176 179 187 182 183 183 193 196 197 195 192 192 202 194 193 193 195 197 195 203 200 198 198 196 198 196 194 201 195 194 196 194 189 193 188 186 192 191 189 189 192 196 195
210 205 188 196 185 182 176 184 173 187 193 188 196 178 177 186 175 173 172 172 166 165 170 170 167 182 172 176 179 178 181 185 188 195 191 193 193 195 193 193 194 192 192 195 192 197 199 199 196 197 195 194 199 203 194 200 192 189 188 188 190 193 188 186 187 190 191 195 188
203 203 191 178 182 180 179 185 186 189 191 196 194 177 172 185 167 165 173 164 167 169 164 170 166 173 168 170 174 175 178 183 186 193 189 188 196 193 194 192 190 191 192 191 189 192 196 199 197 193 192 193 200 201 184 202 200 190 185 185 188 190 188 191 188 187 186 189 186
202 198 184 175 182 177 181 184 187 181 193 184 188 188 169 171 166 171 169 161 165 166 164 162 165 168 166 167 168 181 173 188 188 187 179 190 195 193 190 191 187 188 193 188 188 193 191 196 194 187 186 191 198 194 198 201 198 189 184 183 183 184 187 187 181 183 184 189 190
202 171 183 174 178 178 179 185 183 182 185 176 178 185 166 163 185 164 162 166 161 162 160 163 166 162 168 165 166 179 186 185 187 184 188 188 187 188 188 188 188 188 191 187 186 187 188 190 190 185 183 188 189 192 199 196 190 185 185 186 183 185 182 180 184 182 174 186 180
203 171 185 173 175 176 175 181 180 173 177 166 166 187 181 165 172 161 165 163 155 158 162 162 161 160 164 165 166 171 183 186 175 185 181 186 185 189 191 187 188 186 187 185 187 182 184 187 183 180 181 182 181 191 191 191 195 192 189 185 179 180 179 178 178 178 175 183 173
204 202 173 171 172 174 171 171 169 169 171 166 161 187 176 159 160 165 159 159 156 157 159 154 161 162 159 161 162 166 167 179 178 182 174 181 183 188 191 190 189 184 183 183 181 181 180 179 176 175 174 179 178 186 185 190 187 191 187 187 184 177 177 176 175 176 169 175 169
204 202 184 176 167 169 170 166 166 162 168 166 159 182 166 167 162 164 167 156 155 154 151 152 154 159 157 162 164 165 166 165 178 178 179 183 182 189 188 190 189 186 181 178 178 180 174 175 175 170 171 174 173 178 180 184 183 185 186 184 187 183 174 176 174 172 170 164 168
206 200 195 174 165 165 166 161 161 162 165 173 165 173 181 169 171 160 170 155 152 156 148 155 156 153 157 161 163 159 161 170 180 177 179 176 182 181 183 183 180 184 181 173 173 176 173 174 173 169 169 169 173 169 177 176 180 183 183 185 180 182 171 169 168 167 171 166 163
200 197 176 156 161 162 156 165 163 163 172 175 170 173 178 168 168 165 168 158 151 152 150 150 150 156 158 155 157 162 171 163 174 171 180 175 184 176 182 179 184 180 176 181 175 175 174 172 174 170 168 166 172 170 175 176 177 182 181 180 172 173 166 166 167 169 172 167 164
202 193 193 154 156 157 162 166 156 163 166 172 175 174 178 170 169 163 161 165 161 149 149 147 147 153 151 154 155 156 158 160 174 172 174 174 182 179 181 175 178 176 174 176 175 171 172 170 167 171 165 166 171 170 174 175 178 177 175 174 172 168 169 171 168 165 162 168 165
202 199 187 174 154 153 157 157 157 168 174 179 173 169 168 176 174 164 162 164 164 153 148 146 145 149 150 150 153 155 158 158 171 168 172 173 178 176 178 176 176 175 170 171 172 170 168 167 170 169 164 165 170 165 169 173 165 171 173 165 169 162 164 164 169 165 159 168 168
212 204 171 175 152 148 152 154 155 159 171 168 172 174 169 168 173 164 164 160 163 160 153 156 144 145 147 148 150 153 159 159 171 170 167 170 174 173 174 175 175 178 167 172 171 169 167 167 170 170 167 165 167 167 170 168 172 167 170 165 167 166 162 170 168 165 167 173 172
198 200 175 180 152 149 149 150 151 153 155 173 168 168 166 166 161 160 160 160 158 157 158 155 141 143 144 146 151 151 154 157 163 164 166 170 171 169 172 178 171 176 171 172 168 166 166 166 170 168 162 165 166 165 167 167 170 166 165 166 166 164 162 167 165 169 170 174 168
199 188 187 182 155 147 145 146 149 151 153 150 163 160 162 164 158 162 158 159 156 157 156 152 150 144 144 145 149 149 151 152 155 156 160 171 169 171 169 175 165 177 164 171 169 165 164 163 164 165 164 163 166 163 167 163 166 166 164 163 163 165 162 164 167 176 177 176 173
191 187 185 174 153 150 147 146 145 147 150 149 162 159 159 160 153 158 157 158 162 155 154 148 140 141 142 143 147 148 149 152 153 155 157 161 163 167 169 167 167 172 168 170 168 163 163 161 166 165 165 164 163 162 163 158 167 165 164 161 161 159 161 163 164 167 172 177 175
194 197 187 182 175 151 143 144 143 143 143 159 162 157 160 157 152 154 159 157 155 155 151 149 138 142 141 141 144 145 146 150 154 155 157 156 160 168 161 161 165 171 171 166 168 163 164 160 167 165 159 162 157 160 163 159 159 164 164 162 162 163 161 163 163 161 160 176 176
213 204 185 184 174 145 145 142 141 137 144 152 158 160 160 157 153 158 158 162 156 151 153 147 146 141 137 142 144 144 145 147 148 154 152 154 157 160 158 161 161 165 168 158 167 156 160 158 165 160 157 163 162 161 156 156 165 159 159 162 159 160 161 162 164 165 175 173 175
185 190 176 180 175 149 142 143 141 135 138 145 149 158 157 155 156 159 156 157 159 157 149 146 142 144 140 139 141 145 145 145 147 151 150 152 160 160 159 163 163 156 162 159 165 159 157 162 162 155 159 155 156 158 158 160 164 162 157 160 162 162 160 161 162 165 163 167 163
207 187 188 175 166 160 134 143 142 138 135 140 145 153 153 143 154 157 159 152 157 149 150 146 142 141 139 139 139 141 141 143 146 149 149 156 156 156 160 160 156 153 158 152 162 157 153 158 161 153 153 155 156 153 156 154 162 159 157 159 158 160 159 163 169 172 166 169 171
210 185 186 179 180 156 148 142 141 139 137 134 142 148 152 153 156 156 158 155 149 147 144 142 140 144 138 138 136 138 140 142 143 144 147 150 149 152 153 156 149 150 157 150 152 157 152 151 161 154 153 152 152 153 154 156 158 159 160 157 157 158 159 160 165 166 168 171 179
197 188 185 181 168 161 157 154 141 142 141 139 132 145 131 147 155 155 158 154 150 151 145 143 142 143 141 139 135 140 138 139 142 143 144 145 144 152 149 148 150 148 149 148 154 150 150 150 158 151 151 151 150 152 152 156 161 153 156 155 154 157 158 163 164 174 174 175 177
209 195 170 178 179 169 159 156 150 141 137 137 134 131 135 135 153 156 158 154 150 149 148 146 145 141 142 138 136 135 138 138 139 141 141 144 142 147 143 149 145 145 150 146 147 148 148 151 151 154 149 149 150 149 150 157 156 155 154 153 155 157 157 160 168 164 172 172 174
206 206 196 190 180 172 157 155 146 138 135 133 132 131 132 135 155 154 156 146 149 148 149 145 144 143 139 141 134 132 135 137 137 138 139 144 139 140 141 146 142 143 146 150 147 147 149 147 147 157 152 149 149 149 150 155 152 150 152 152 155 159 161 163 167 164 167 166 162
207 196 186 180 176 165 160 147 142 138 134 131 134 132 136 136 132 155 153 149 145 148 149 147 143 139 138 137 136 134 132 133 135 135 136 136 136 137 138 139 140 140 145 147 146 145 145 146 146 155 150 150 152 152 149 153 148 150 151 154 156 156 161 163 160 157 161 157 159
208 198 192 153 168 156 155 150 146 141 135 131 130 132 134 134 134 154 154 152 144 145 147 146 146 143 140 137 130 132 132 133 133 133 132 133 136 136 137 136 139 140 144 141 145 148 145 144 146 152 151 152 150 150 151 150 148 148 152 150 156 159 154 156 153 152 160 154 144
189 190 174 144 160 147 134 141 142 134 135 132 135 135 135 131 136 142 141 144 135 140 143 145 146 141 138 136 127 125 127 129 130 131 131 133 134 133 133 135 136 136 138 142 142 146 146 144 145 146 148 151 150 147 150 147 144 146 147 149 151 153 149 151 147 149 146 127 130
