trunk/EcoCrop/data/climate/tmin_2.asc
NCOLS 660 
NROWS 360 
XLLCORNER -20 
YLLCORNER -30 
CELLSIZE 0.1666667 
NODATA_value -3.4e+38 
[rows 310 to 340 of 360, columns 207 to 275 of 660]
162 165 162 158 158 159 151 134 168 163 159 154 148 148 150 152 156 157 154 153 153 155 156 158 160 162 163 164 166 167 168 170 172 172 173 175 175 176 176 177 178 179 179 180 183 184 184 184 185 184 184 184 184 183 183 182 182 182 181 179 178 177 176 176 174 173 172 172 170
159 158 157 155 155 159 170 173 168 160 157 154 154 153 158 161 159 158 149 152 153 157 159 159 161 161 162 164 164 166 168 171 172 173 173 174 175 177 178 178 180 180 179 181 181 183 183 184 184 184 184 184 183 183 183 182 183 181 180 179 177 177 175 174 173 172 170 170 169
154 155 154 154 154 161 169 164 164 161 160 156 164 165 166 157 149 157 149 153 155 157 158 159 161 163 162 163 164 165 167 168 171 170 173 176 177 177 178 178 180 179 181 181 182 182 183 183 183 184 184 184 183 182 183 182 182 181 180 179 177 176 175 173 172 171 170 168 167
149 152 153 155 162 162 161 171 169 168 171 171 165 165 164 155 146 150 156 158 159 161 162 162 163 163 165 164 164 164 165 166 169 175 176 177 177 178 179 180 180 180 181 181 182 183 183 183 183 183 184 184 183 182 183 183 182 181 181 179 177 175 175 173 172 170 169 167 165
144 148 151 155 158 156 168 168 170 176 160 165 144 155 148 161 145 156 160 160 161 161 163 165 166 166 166 164 162 164 165 173 175 176 178 178 180 180 181 179 180 181 181 182 183 183 184 184 184 184 184 183 183 182 182 182 182 181 180 179 177 176 174 173 172 170 169 167 165
139 145 150 155 157 158 168 157 162 158 147 150 140 145 147 157 144 151 158 162 165 160 166 166 166 167 166 164 164 166 170 173 175 176 175 176 177 177 177 178 179 180 180 180 181 182 183 183 183 183 184 183 183 182 182 181 181 181 179 178 178 176 174 174 172 170 168 167 165
140 145 152 156 161 163 161 141 153 139 147 136 154 148 136 147 148 156 161 164 166 166 167 168 169 167 168 165 167 169 171 173 174 174 174 175 174 175 176 177 178 178 178 180 180 181 181 181 182 182 182 183 183 182 181 181 181 181 180 178 177 177 175 173 171 171 168 167 164
150 149 152 156 156 155 151 154 157 142 143 148 147 142 148 147 155 154 165 167 168 166 168 170 170 170 167 164 166 170 172 173 173 173 173 174 174 175 176 176 177 177 178 179 178 180 180 180 180 181 181 181 182 181 181 180 180 180 180 179 179 176 175 174 172 171 169 166 164
153 152 151 152 155 154 150 157 163 161 160 142 136 147 155 160 165 167 168 168 168 168 169 170 171 171 169 167 168 170 173 173 173 173 174 174 175 175 176 176 176 177 177 178 179 179 178 179 180 179 179 181 180 180 180 179 179 179 180 179 178 176 175 174 172 171 169 167 166
154 155 154 154 155 153 152 159 162 152 151 129 135 150 161 168 169 171 172 171 172 171 171 171 172 173 170 169 170 172 174 173 173 174 175 175 176 176 177 177 177 177 177 178 179 179 179 179 179 179 178 178 179 178 179 179 178 178 179 179 178 176 174 174 173 171 169 169 172
155 155 157 157 155 154 152 159 160 158 135 133 140 149 159 167 173 175 174 175 173 173 173 173 174 177 172 171 173 174 174 173 174 175 176 177 177 177 178 178 178 179 179 179 178 178 179 179 178 178 178 177 178 177 178 178 177 176 177 177 177 176 175 174 173 172 170 174 174
156 155 154 158 156 153 160 155 152 155 115 123 143 153 161 167 173 177 178 177 176 176 176 176 175 174 173 173 174 174 174 173 174 176 177 176 177 178 179 180 180 179 180 179 180 179 180 179 179 178 178 178 177 178 177 176 176 176 176 175 175 175 174 174 174 172 171 172 173
155 154 152 154 155 153 151 150 143 118 120 136 149 161 164 166 173 176 179 179 178 178 177 177 176 176 174 173 174 174 174 174 176 176 177 178 179 179 180 180 181 181 181 181 181 180 181 180 178 179 178 178 177 176 175 176 176 175 174 175 175 174 174 173 172 172 170 171 170
154 154 152 151 153 151 152 153 153 149 145 127 150 160 163 167 173 177 180 182 181 180 179 179 177 177 176 173 173 174 176 177 177 178 179 180 181 181 182 182 182 182 182 181 183 182 181 181 179 180 179 178 177 177 177 176 175 174 174 174 173 172 172 171 170 168 167 170 170
155 154 150 150 149 150 150 150 149 115 114 137 149 156 161 166 172 179 182 184 184 184 184 181 180 178 175 174 174 176 177 178 179 180 181 182 183 183 183 183 183 183 183 183 183 183 182 181 181 180 180 180 178 177 176 176 175 175 174 174 172 171 171 172 168 168 171 173 177
155 152 151 151 145 143 142 141 140 134 118 137 145 151 156 165 170 180 185 186 186 186 186 184 181 179 178 176 176 178 179 180 181 182 183 183 185 185 184 185 184 184 184 183 183 183 183 183 182 181 181 179 179 178 177 176 176 175 173 173 172 170 169 169 167 165 169 175 176
-3.4e+38 150 149 146 144 139 136 146 147 135 139 130 139 147 152 155 168 180 187 188 190 188 187 186 183 182 180 179 180 182 181 183 183 184 185 186 186 187 186 186 186 185 184 184 183 183 182 182 183 182 181 180 179 178 177 176 176 175 174 173 171 169 168 168 166 167 171 172 178
-3.4e+38 154 147 146 144 143 141 151 152 128 112 128 137 144 145 152 171 184 189 191 195 192 187 185 184 183 183 182 182 183 183 185 185 186 187 188 189 188 188 187 186 185 184 183 184 183 183 183 182 182 181 181 179 177 178 178 176 176 174 172 171 169 167 167 165 170 175 179 184
-3.4e+38 -3.4e+38 148 143 145 148 148 152 147 141 113 128 138 143 149 159 177 192 192 194 193 188 186 186 185 185 184 183 185 185 185 186 187 189 190 190 190 189 190 189 188 187 185 184 183 183 183 183 183 182 181 181 179 180 179 179 177 176 174 171 170 167 166 164 166 173 170 170 177
-3.4e+38 -3.4e+38 148 143 140 139 137 135 144 130 129 128 137 146 150 162 177 181 188 187 186 184 183 184 185 186 186 186 186 187 187 188 189 190 192 192 192 191 191 190 188 187 186 184 184 184 183 183 182 182 181 180 181 181 179 178 177 176 175 173 172 170 168 164 166 165 170 180 180
-3.4e+38 -3.4e+38 147 141 138 136 135 139 139 139 137 138 134 146 151 156 171 175 181 178 179 181 181 184 185 187 186 188 188 188 189 190 190 192 193 194 194 192 192 191 190 188 187 185 184 184 184 183 182 181 182 182 181 180 179 178 178 176 174 174 173 171 170 166 163 167 172 175 177
-3.4e+38 -3.4e+38 147 141 140 137 134 126 129 144 143 131 132 144 140 155 161 175 180 176 178 182 181 184 186 187 188 188 190 190 191 192 193 193 194 194 195 194 193 192 190 189 188 186 185 185 184 183 183 182 181 182 181 179 179 178 177 176 175 174 174 172 170 167 166 166 165 168 174
-3.4e+38 -3.4e+38 150 139 136 135 142 131 127 146 135 147 144 140 140 146 159 173 179 180 182 181 184 184 186 188 189 189 191 192 193 193 194 194 196 195 196 195 194 192 191 189 188 186 185 184 184 183 182 181 182 181 179 179 179 178 176 176 175 175 173 172 170 168 167 164 164 160 170
-3.4e+38 -3.4e+38 149 142 136 133 133 144 146 148 136 124 130 143 141 149 164 174 181 183 184 185 185 187 187 188 189 191 191 192 193 194 195 194 196 196 196 195 193 193 190 190 188 187 186 184 183 183 182 182 181 180 179 179 177 177 177 175 175 174 174 174 170 169 169 166 164 161 160
-3.4e+38 -3.4e+38 144 139 136 137 138 144 147 143 144 142 134 146 155 149 161 173 180 185 186 188 186 187 186 188 189 191 192 193 193 194 196 195 195 196 195 194 193 192 190 189 187 186 186 184 183 182 181 182 181 180 178 176 174 174 175 175 175 174 172 171 171 170 169 168 165 162 158
-3.4e+38 -3.4e+38 146 139 136 136 137 139 143 147 135 130 133 145 159 158 164 174 181 186 190 191 190 190 188 189 191 193 192 192 193 194 195 195 195 195 194 194 192 192 190 188 187 186 185 183 181 182 182 181 180 179 178 174 172 171 172 174 173 172 171 171 169 167 165 166 165 160 155
-3.4e+38 -3.4e+38 -3.4e+38 140 136 137 138 141 142 140 123 148 137 149 160 164 163 174 180 189 192 193 192 190 191 191 190 191 191 192 192 192 194 194 193 194 193 192 192 190 188 188 187 185 185 183 182 182 182 181 179 177 176 175 172 170 171 173 171 170 168 169 168 168 166 161 160 156 151
-3.4e+38 -3.4e+38 -3.4e+38 141 137 139 144 140 152 154 149 150 152 141 162 170 167 175 180 192 192 189 188 187 188 191 191 191 191 191 190 191 193 192 193 192 193 192 191 189 188 186 186 185 184 183 183 182 181 180 178 176 176 176 175 174 171 168 168 168 166 165 166 165 163 161 159 156 153
-3.4e+38 -3.4e+38 -3.4e+38 -3.4e+38 139 136 144 146 144 136 149 152 155 143 161 175 170 177 183 193 189 189 185 188 187 192 191 190 188 189 190 191 191 190 191 191 190 190 190 188 187 186 184 183 184 184 183 183 182 179 178 174 176 174 173 171 170 166 165 165 162 160 161 161 160 156 158 155 154
-3.4e+38 -3.4e+38 -3.4e+38 -3.4e+38 143 141 139 143 145 145 132 141 127 140 159 174 180 177 181 194 186 193 192 186 192 192 189 186 188 188 188 188 189 190 190 190 190 189 188 187 186 186 184 183 183 184 183 183 181 181 180 177 175 173 172 169 166 161 159 160 160 159 160 155 156 157 159 157 152
-3.4e+38 -3.4e+38 -3.4e+38 -3.4e+38 140 139 134 137 132 124 125 124 139 144 155 166 176 178 182 191 191 194 196 195 192 187 187 185 184 187 184 184 188 192 191 189 189 188 188 187 186 185 185 184 184 184 183 183 182 180 179 177 175 172 170 168 164 160 157 158 162 162 161 158 155 156 158 155 154
