trunk/EcoCrop/data/climate/tmin_2.asc
NCOLS 660 
NROWS 360 
XLLCORNER -20 
YLLCORNER -30 
CELLSIZE 0.1666667 
NODATA_value -3.4e+38 
[rows 279 to 309 of 360, columns 276 to 344 of 660]
180 176 168 165 166 168 170 169 166 172 189 193 196 205 206 206 208 209 205 191 168 164 172 176 169 171 173 169 165 167 174 165 170 172 171 178 172 178 181 190 195 202 211 217 220 213 217 227 230 226 229 225 218 225 226 223 215 198 191 190 194 192 202 208 209 214 219 219 217
174 169 165 165 161 162 164 164 170 183 199 205 205 205 206 206 207 206 183 181 168 164 168 168 160 163 168 165 160 153 161 170 177 178 175 181 181 190 186 192 175 196 208 213 210 207 213 216 214 226 228 226 227 215 216 222 220 211 205 197 195 199 196 205 213 220 220 221 225
171 168 168 166 162 164 165 166 172 199 204 205 205 205 203 186 186 187 180 173 166 164 165 170 166 155 168 167 159 155 158 164 165 174 177 181 184 185 185 186 178 185 195 207 206 201 204 213 215 217 220 222 225 220 209 222 218 209 197 199 203 201 203 210 213 220 222 222 227
173 170 170 167 165 164 170 180 186 206 205 205 204 199 193 179 189 196 184 178 169 166 163 166 165 152 154 157 147 154 158 153 169 173 180 179 184 175 180 178 183 187 195 197 197 196 203 203 210 214 218 221 219 223 197 223 215 202 197 200 202 205 210 214 216 215 222 226 229
175 170 173 169 167 169 166 188 204 206 206 195 192 198 199 193 191 190 191 185 175 172 166 162 162 165 159 153 144 158 160 166 174 176 174 169 169 176 174 168 181 189 194 186 188 193 197 202 208 215 214 212 217 222 209 222 209 195 198 202 208 210 215 214 214 219 224 224 229
174 174 177 170 170 177 179 205 207 206 200 197 193 197 195 188 193 188 184 187 183 179 170 160 162 163 154 152 141 152 142 155 172 169 168 167 172 168 167 176 182 180 186 186 186 189 196 202 203 210 211 214 216 222 225 221 199 193 202 206 210 212 215 220 220 221 222 228 232
183 182 176 173 171 190 204 207 207 201 201 195 181 193 192 195 191 186 184 183 182 181 173 170 162 158 154 143 147 150 153 154 162 167 162 164 166 168 170 176 167 182 176 182 184 190 197 196 199 206 206 210 215 218 222 219 208 201 206 211 214 217 219 222 223 225 226 229 232
184 187 188 177 178 197 203 207 202 181 177 175 185 191 189 192 190 181 183 182 183 179 177 167 163 155 152 150 150 148 145 149 159 157 155 157 159 168 166 168 159 157 177 188 184 188 192 193 199 203 206 209 214 213 220 217 213 209 213 211 217 221 223 226 227 229 230 -3.4e+38 -3.4e+38
192 202 194 196 202 202 208 207 191 193 182 185 188 184 183 188 187 183 182 184 181 177 173 171 165 159 155 151 148 149 156 146 150 154 154 151 159 162 160 163 145 176 163 190 189 191 195 196 201 206 209 213 215 219 220 216 217 217 217 219 221 224 227 229 231 232 -3.4e+38 -3.4e+38 -3.4e+38
187 188 196 205 203 204 201 192 188 181 183 186 185 186 175 180 182 174 181 180 177 174 170 169 166 161 161 155 152 151 151 146 146 147 144 141 149 152 151 160 143 159 164 194 194 193 193 198 200 208 215 215 220 221 219 214 209 214 219 222 224 227 230 232 234 235 -3.4e+38 -3.4e+38 -3.4e+38
188 189 194 202 201 191 185 185 184 180 178 177 177 181 178 173 173 168 169 178 177 173 170 167 163 160 161 162 156 153 150 146 144 140 143 135 140 147 136 149 130 138 189 194 197 194 195 194 200 204 211 218 220 220 214 207 213 219 222 223 226 230 232 235 236 -3.4e+38 -3.4e+38 -3.4e+38 -3.4e+38
182 193 195 198 189 181 179 177 179 178 176 176 174 175 172 171 167 165 162 161 174 171 169 168 165 162 159 160 156 151 149 146 147 152 147 146 141 136 129 129 134 185 192 194 196 195 196 194 143 208 213 220 220 210 210 214 217 221 225 226 230 232 236 237 -3.4e+38 -3.4e+38 -3.4e+38 -3.4e+38 -3.4e+38
185 185 190 185 176 172 176 172 180 176 174 173 172 171 170 167 167 169 165 166 167 169 164 163 161 159 156 157 151 151 147 150 152 154 153 150 150 144 155 153 170 135 190 196 189 199 196 197 194 207 218 220 219 212 213 215 220 225 228 229 232 236 240 -3.4e+38 -3.4e+38 -3.4e+38 -3.4e+38 -3.4e+38 -3.4e+38
178 179 179 175 175 176 174 174 177 176 177 174 173 172 173 173 173 170 164 160 164 164 161 161 161 158 156 154 150 151 145 151 156 149 161 161 156 155 160 154 143 167 185 193 198 200 201 200 199 216 220 222 213 214 218 220 225 227 231 232 234 237 -3.4e+38 -3.4e+38 -3.4e+38 -3.4e+38 -3.4e+38 -3.4e+38 -3.4e+38
177 178 178 177 175 175 174 174 174 176 178 174 170 170 166 169 170 168 161 162 157 158 160 160 157 155 155 151 152 149 142 147 154 160 165 168 166 161 165 166 162 188 189 190 192 195 197 201 205 217 221 222 213 217 221 223 228 230 232 233 -3.4e+38 -3.4e+38 -3.4e+38 -3.4e+38 -3.4e+38 -3.4e+38 -3.4e+38 -3.4e+38 -3.4e+38
177 178 177 176 175 174 174 175 176 177 177 173 171 167 168 164 162 164 163 158 157 152 153 154 153 152 154 152 149 150 149 153 160 164 173 175 172 164 157 152 149 189 190 191 192 189 197 205 211 218 221 223 217 220 223 227 230 233 -3.4e+38 -3.4e+38 -3.4e+38 -3.4e+38 -3.4e+38 -3.4e+38 -3.4e+38 -3.4e+38 -3.4e+38 -3.4e+38 -3.4e+38
178 178 176 175 174 173 173 174 176 178 177 174 172 167 164 165 162 159 160 158 157 154 150 154 148 149 155 150 147 145 152 159 157 168 172 175 176 168 171 169 162 184 190 194 190 195 207 211 211 218 223 224 222 224 228 230 233 -3.4e+38 -3.4e+38 -3.4e+38 -3.4e+38 -3.4e+38 -3.4e+38 -3.4e+38 -3.4e+38 -3.4e+38 -3.4e+38 -3.4e+38 -3.4e+38
178 177 176 174 174 174 172 174 176 176 176 173 171 165 165 162 159 157 158 156 156 153 149 149 152 149 149 148 144 142 151 157 165 168 167 170 176 174 170 169 133 184 187 193 194 201 211 213 215 220 225 228 226 230 232 232 234 -3.4e+38 -3.4e+38 -3.4e+38 -3.4e+38 -3.4e+38 -3.4e+38 -3.4e+38 -3.4e+38 -3.4e+38 -3.4e+38 -3.4e+38 -3.4e+38
177 178 176 175 175 173 173 173 175 174 174 170 166 162 161 160 159 155 155 154 153 152 151 151 156 156 154 151 150 150 151 161 166 166 171 168 175 183 182 161 151 176 189 193 193 216 216 214 218 221 226 229 230 234 235 235 -3.4e+38 -3.4e+38 -3.4e+38 -3.4e+38 -3.4e+38 -3.4e+38 -3.4e+38 -3.4e+38 -3.4e+38 -3.4e+38 -3.4e+38 -3.4e+38 -3.4e+38
179 178 176 176 175 173 173 172 172 172 171 166 163 160 163 161 160 155 150 147 153 153 153 157 162 160 163 161 157 156 156 156 163 168 170 175 176 187 195 178 158 143 128 185 209 213 216 219 219 221 225 232 -3.4e+38 238 -3.4e+38 -3.4e+38 -3.4e+38 -3.4e+38 -3.4e+38 -3.4e+38 -3.4e+38 -3.4e+38 -3.4e+38 -3.4e+38 -3.4e+38 -3.4e+38 -3.4e+38 -3.4e+38 -3.4e+38
180 178 178 176 175 173 172 171 169 169 165 164 162 159 156 162 158 154 153 148 147 156 159 166 167 163 166 165 160 159 159 155 164 165 168 173 182 188 186 158 152 156 168 210 213 214 215 217 221 225 228 231 234 -3.4e+38 -3.4e+38 -3.4e+38 -3.4e+38 -3.4e+38 -3.4e+38 -3.4e+38 -3.4e+38 -3.4e+38 -3.4e+38 -3.4e+38 -3.4e+38 -3.4e+38 -3.4e+38 -3.4e+38 -3.4e+38
179 179 178 177 175 173 171 168 167 165 161 157 157 153 155 159 155 154 158 158 155 154 162 165 174 172 170 168 162 164 165 161 165 162 156 178 181 192 191 176 170 181 198 210 212 212 217 213 215 221 226 230 232 -3.4e+38 -3.4e+38 -3.4e+38 -3.4e+38 -3.4e+38 -3.4e+38 -3.4e+38 -3.4e+38 -3.4e+38 -3.4e+38 -3.4e+38 -3.4e+38 -3.4e+38 -3.4e+38 -3.4e+38 -3.4e+38
180 179 178 176 174 172 169 165 162 161 158 155 150 151 150 146 149 160 160 162 159 164 165 169 175 178 173 174 174 164 165 161 176 180 180 181 187 194 189 165 173 183 201 206 212 213 214 206 213 221 225 228 -3.4e+38 -3.4e+38 -3.4e+38 -3.4e+38 -3.4e+38 -3.4e+38 -3.4e+38 -3.4e+38 -3.4e+38 -3.4e+38 -3.4e+38 -3.4e+38 -3.4e+38 -3.4e+38 -3.4e+38 -3.4e+38 -3.4e+38
181 180 178 176 173 171 167 162 161 157 158 154 147 145 150 146 156 162 166 164 163 161 165 171 168 178 174 174 176 171 178 181 182 184 174 186 190 194 181 175 169 186 203 211 211 211 209 211 216 219 224 225 -3.4e+38 -3.4e+38 -3.4e+38 -3.4e+38 -3.4e+38 -3.4e+38 -3.4e+38 -3.4e+38 -3.4e+38 -3.4e+38 -3.4e+38 -3.4e+38 -3.4e+38 -3.4e+38 -3.4e+38 -3.4e+38 -3.4e+38
181 179 177 175 174 171 167 165 162 160 160 155 151 150 153 154 152 162 166 167 167 167 167 151 172 174 180 180 178 182 175 184 182 185 183 188 187 193 183 183 188 206 209 208 207 204 208 215 217 218 221 223 226 -3.4e+38 -3.4e+38 -3.4e+38 -3.4e+38 -3.4e+38 -3.4e+38 -3.4e+38 -3.4e+38 -3.4e+38 -3.4e+38 -3.4e+38 -3.4e+38 -3.4e+38 -3.4e+38 -3.4e+38 -3.4e+38
180 180 177 174 173 172 170 171 169 165 165 162 159 162 165 165 166 166 166 171 168 169 172 171 178 178 181 179 180 185 183 192 190 192 189 192 189 193 192 190 204 200 206 201 202 207 212 216 217 218 220 221 224 226 -3.4e+38 -3.4e+38 -3.4e+38 -3.4e+38 -3.4e+38 -3.4e+38 -3.4e+38 -3.4e+38 -3.4e+38 -3.4e+38 -3.4e+38 -3.4e+38 -3.4e+38 -3.4e+38 -3.4e+38
181 180 178 175 173 174 173 175 174 172 169 167 167 169 172 171 173 169 167 172 172 170 175 179 181 184 184 183 189 189 193 195 195 195 193 193 194 195 195 196 200 201 200 200 204 210 213 215 216 216 218 218 221 224 226 -3.4e+38 -3.4e+38 -3.4e+38 -3.4e+38 -3.4e+38 -3.4e+38 -3.4e+38 -3.4e+38 -3.4e+38 -3.4e+38 -3.4e+38 -3.4e+38 -3.4e+38 -3.4e+38
181 180 179 175 174 173 174 178 178 177 173 170 170 173 174 172 175 174 172 177 178 177 181 180 183 186 191 189 191 194 196 196 197 198 198 197 195 198 200 206 208 202 208 206 208 211 212 213 212 214 215 217 220 223 -3.4e+38 -3.4e+38 -3.4e+38 -3.4e+38 -3.4e+38 -3.4e+38 -3.4e+38 -3.4e+38 -3.4e+38 -3.4e+38 -3.4e+38 -3.4e+38 -3.4e+38 -3.4e+38 -3.4e+38
175 178 177 175 175 175 176 180 183 182 175 172 174 173 173 175 172 181 176 182 182 182 182 186 187 188 191 194 193 195 195 198 196 200 200 201 196 201 211 211 212 210 209 210 210 211 211 212 212 211 214 212 216 220 -3.4e+38 -3.4e+38 -3.4e+38 -3.4e+38 -3.4e+38 -3.4e+38 -3.4e+38 -3.4e+38 -3.4e+38 -3.4e+38 -3.4e+38 -3.4e+38 -3.4e+38 -3.4e+38 -3.4e+38
173 173 172 172 173 176 178 180 182 181 178 177 176 175 176 178 179 183 180 183 187 186 188 189 192 192 193 196 198 196 194 196 198 197 199 201 208 203 208 214 218 218 216 216 214 213 212 211 207 209 210 209 214 218 223 -3.4e+38 -3.4e+38 -3.4e+38 -3.4e+38 -3.4e+38 -3.4e+38 -3.4e+38 -3.4e+38 -3.4e+38 -3.4e+38 -3.4e+38 -3.4e+38 -3.4e+38 -3.4e+38
171 170 170 172 175 178 180 181 181 180 180 180 182 181 181 182 183 184 184 183 188 190 183 192 194 198 199 197 198 198 200 199 198 192 195 199 205 204 207 210 214 217 220 215 211 210 206 204 201 204 205 207 212 217 222 225 -3.4e+38 -3.4e+38 -3.4e+38 -3.4e+38 -3.4e+38 -3.4e+38 -3.4e+38 -3.4e+38 -3.4e+38 -3.4e+38 -3.4e+38 -3.4e+38 -3.4e+38
