trunk/EcoCrop/data/climate/tmin_5.asc
NCOLS 660 
NROWS 360 
XLLCORNER -20 
YLLCORNER -30 
CELLSIZE 0.1666667 
NODATA_value -3.4e+38 
[rows 240 to 269 of 360, columns 207 to 275 of 660]
190 182 161 153 132 152 143 143 134 129 133 134 135 135 135 136 136 138 137 135 132 132 136 140 142 139 137 129 128 123 126 126 127 135 133 129 130 133 131 131 132 138 137 137 140 141 145 143 144 147 145 148 146 144 147 144 141 142 141 142 145 150 143 144 147 152 124 112 112
186 170 161 152 148 149 129 137 132 128 134 136 135 136 137 139 139 140 141 136 136 127 131 135 136 130 134 136 125 122 122 123 127 129 128 129 128 128 129 130 132 131 134 136 139 140 146 144 142 142 146 144 143 141 141 136 138 138 136 137 139 146 137 139 137 140 118 106 106
182 164 153 151 142 137 125 118 132 125 132 135 133 134 134 137 137 137 137 138 136 133 134 135 128 125 128 129 128 119 121 122 123 123 128 126 124 132 129 126 131 129 132 134 137 138 142 143 140 141 140 140 139 136 133 132 130 134 134 132 136 138 134 136 135 130 122 105 106
179 160 153 150 145 139 136 120 120 111 119 132 135 134 134 134 136 137 134 136 130 133 122 127 132 126 126 127 129 119 118 120 120 121 122 123 125 124 124 124 125 127 129 132 134 141 139 139 136 135 137 132 134 134 132 131 130 128 126 129 134 136 132 131 129 121 123 118 110
174 168 157 146 143 132 133 123 117 113 113 131 128 134 135 134 134 132 134 133 131 125 126 122 126 129 124 124 119 117 117 118 120 122 122 121 123 122 122 123 127 125 126 131 131 134 138 137 132 131 132 131 128 128 124 128 128 124 125 122 122 126 125 129 118 117 119 119 111
159 169 160 151 143 136 126 114 116 111 116 128 130 130 132 128 133 132 132 131 128 122 117 118 126 123 124 121 114 114 115 118 120 119 119 119 120 121 122 121 123 124 127 126 127 128 129 128 126 123 125 121 120 119 117 119 118 118 118 120 118 120 121 119 116 115 114 115 107
182 174 162 150 134 131 130 113 114 115 111 114 118 129 127 126 120 125 127 130 127 122 122 117 121 123 118 117 114 112 114 116 117 117 118 119 118 120 119 119 120 120 121 123 124 124 124 123 121 119 118 117 117 115 115 117 114 117 115 115 112 117 118 115 112 110 111 107 105
189 181 163 147 137 130 125 112 111 107 107 112 118 115 128 110 120 126 124 127 124 120 114 115 115 117 113 114 114 114 118 117 121 120 119 118 119 118 117 117 118 118 119 119 119 120 120 118 117 116 114 113 113 115 114 114 113 111 110 107 107 108 108 108 106 108 108 103 100
186 196 165 141 134 127 128 119 109 105 118 118 114 115 116 114 118 121 122 125 124 117 112 113 116 110 110 110 114 115 119 114 118 117 117 116 118 117 117 116 115 115 115 115 115 114 115 112 113 111 110 109 109 113 112 111 108 100 101 103 101 103 104 103 101 99 103 103 97
188 183 168 149 138 132 129 124 112 110 112 109 114 105 107 106 115 122 120 122 119 119 114 113 108 108 110 108 109 110 112 115 116 116 117 115 115 116 114 113 112 112 111 111 111 110 110 108 107 107 108 107 109 108 110 110 106 101 99 96 103 102 102 98 97 98 98 97 95
182 174 151 150 139 134 124 123 108 111 114 112 111 103 104 104 115 120 120 114 114 109 111 102 109 109 106 108 113 114 114 115 114 117 118 113 113 112 112 111 109 109 108 106 106 106 106 106 105 104 105 105 103 105 104 104 101 94 98 100 98 96 93 95 93 96 93 91 91
180 157 149 131 137 128 123 111 111 112 110 109 110 105 101 105 111 116 116 114 106 101 98 99 103 104 107 109 108 105 113 111 112 111 111 114 109 112 111 108 107 106 104 102 102 101 101 101 101 100 99 101 101 99 100 98 96 92 97 98 95 97 92 93 95 92 95 91 88
170 164 137 136 135 129 122 118 117 107 108 103 105 101 100 108 111 116 116 111 102 95 96 98 100 98 103 108 107 104 107 107 107 108 108 109 110 110 109 106 104 102 100 98 97 97 97 96 97 98 97 98 92 95 83 89 90 91 94 97 95 98 96 98 96 94 92 93 83
163 111 123 131 130 116 120 118 115 108 102 104 103 99 99 106 111 117 114 108 100 99 97 96 94 95 100 108 105 108 112 107 109 105 108 108 105 108 106 104 101 99 97 96 93 92 92 92 92 94 95 97 94 86 92 93 88 94 96 97 89 95 95 101 98 94 92 91 85
146 146 142 120 121 92 119 118 110 105 101 101 98 99 98 105 112 113 109 106 99 97 96 93 98 102 97 97 99 105 107 111 110 108 103 104 104 104 102 100 97 95 93 91 89 88 88 87 89 91 92 92 94 89 91 92 94 91 90 99 91 97 100 99 94 95 92 91 86
138 127 119 123 113 114 112 110 103 97 97 101 99 99 100 102 108 112 108 102 99 97 95 94 100 102 105 104 105 105 109 106 103 105 107 107 100 101 100 96 94 92 89 87 85 83 81 82 84 85 88 91 90 90 89 99 93 92 92 98 100 99 99 98 97 97 95 91 90
140 128 124 125 105 96 105 105 100 97 99 99 100 100 101 107 109 107 106 103 98 98 92 92 96 99 100 99 108 98 101 100 110 101 100 103 101 101 98 94 91 88 86 84 81 79 78 76 79 84 83 82 91 96 97 96 98 101 100 99 99 96 100 98 98 95 94 92 89
124 131 103 105 114 107 101 106 103 100 101 100 101 100 104 110 110 102 107 104 97 97 92 98 92 95 98 102 98 98 103 100 101 101 104 98 96 95 93 91 90 87 84 81 78 77 74 73 77 85 89 91 96 96 102 99 100 98 99 95 97 98 98 96 97 94 92 91 90
135 129 124 101 104 101 100 105 103 103 103 105 105 101 105 108 107 105 104 103 95 95 94 93 97 93 98 99 103 100 104 105 110 101 101 96 94 91 90 89 87 85 83 80 78 76 75 75 81 88 93 98 100 101 102 103 100 101 99 99 99 100 98 95 93 92 89 89 86
139 129 114 94 100 97 101 101 103 102 102 107 106 103 107 109 106 104 102 99 96 92 93 96 96 93 98 100 99 107 104 106 103 103 103 98 93 93 89 85 83 82 82 80 77 77 77 79 83 90 96 101 105 105 104 103 101 101 100 100 99 96 96 94 93 94 91 89 89
121 91 105 102 97 98 101 99 101 98 104 109 105 107 107 108 107 102 101 96 97 90 92 93 95 92 95 99 106 106 104 109 102 107 97 95 94 92 89 84 82 81 79 78 78 79 80 82 87 92 98 106 108 108 106 104 102 101 99 99 97 95 98 95 94 91 92 89 89
86 96 100 95 93 100 101 102 101 96 101 107 104 104 106 103 100 101 97 95 92 93 96 94 96 94 94 103 105 101 109 105 103 100 97 99 93 87 84 82 80 78 78 78 80 81 82 85 89 94 98 106 111 108 107 105 103 101 101 98 97 95 95 96 95 93 93 94 89
91 96 99 98 98 102 100 100 97 100 100 106 102 106 104 101 98 98 94 90 91 92 95 98 97 99 96 102 104 106 110 109 109 104 100 96 89 84 82 79 76 77 76 78 80 83 85 88 92 96 100 104 108 108 108 106 104 105 98 97 96 96 98 96 96 94 94 91 93
99 97 98 94 102 102 100 100 98 97 98 99 100 101 102 95 97 90 88 89 85 90 87 92 93 95 93 95 97 106 100 102 105 99 99 98 88 84 80 79 74 74 74 79 81 85 87 90 94 99 101 105 108 109 109 107 105 103 104 100 98 98 98 97 96 95 96 97 96
100 101 105 101 100 103 105 105 101 97 99 100 98 96 98 94 93 90 87 87 87 89 84 89 94 93 92 96 95 103 97 102 100 98 94 90 87 90 86 78 75 73 75 78 83 86 90 94 96 100 104 107 109 110 111 108 106 103 101 99 98 100 97 96 95 96 96 98 97
103 104 104 105 101 104 104 104 102 98 99 97 95 99 94 92 90 86 82 82 81 82 84 90 87 92 90 94 96 99 101 99 99 94 92 88 89 83 85 79 76 75 78 82 85 89 93 96 100 103 106 110 111 111 111 110 108 105 102 100 97 97 96 97 96 97 96 98 98
102 105 102 106 106 107 102 102 99 96 101 95 95 98 93 88 85 82 79 79 81 80 82 83 87 88 93 94 96 94 95 95 98 96 90 90 85 85 81 81 78 79 80 86 88 92 95 98 102 106 109 112 112 113 113 112 111 109 103 100 98 95 94 97 93 95 92 94 97
102 103 105 106 103 100 102 100 98 98 98 99 97 94 94 90 84 81 75 74 76 79 81 85 86 87 88 90 93 93 95 99 93 90 90 88 85 83 81 82 79 80 83 87 91 95 99 102 105 109 113 115 115 115 116 114 110 106 105 101 100 97 97 95 94 95 92 97 96
99 101 102 107 106 105 102 101 99 100 99 98 99 93 96 88 84 81 76 75 77 81 82 82 84 87 87 90 91 91 93 91 96 91 88 88 90 87 83 82 83 84 86 89 94 97 101 105 109 113 116 118 119 119 117 114 112 108 108 102 100 98 97 95 94 92 95 96 96
96 100 103 109 108 107 108 104 102 103 99 100 98 95 97 88 84 84 80 80 80 80 82 84 89 89 89 89 93 91 90 91 89 89 88 87 90 87 88 85 86 86 89 93 97 100 104 107 112 116 119 122 122 121 119 116 113 109 106 103 101 98 97 97 94 93 94 95 97
