trunk/EcoCrop/data/climate/tmin_3.asc
NCOLS 660 
NROWS 360 
XLLCORNER -20 
YLLCORNER -30 
CELLSIZE 0.1666667 
NODATA_value -3.4e+38 
[rows 60 to 89 of 360, columns 207 to 275 of 660]
147 146 146 144 145 143 143 142 139 138 140 137 136 139 140 138 129 119 133 90 121 131 112 60 30 97 130 140 144 135 140 143 146 146 146 147 148 147 146 147 143 147 145 144 143 140 139 138 140 132 129 129 132 130 124 127 130 123 125 122 122 121 128 126 125 126 128 127 127
148 148 148 147 146 144 145 144 138 141 143 139 139 142 144 139 138 131 117 134 139 136 132 77 48 108 122 139 146 147 149 145 147 150 148 149 150 150 148 147 149 146 142 142 138 140 140 137 131 130 130 129 132 134 127 132 129 128 124 125 126 126 128 128 130 129 127 129 129
150 149 148 147 146 148 147 146 144 146 144 142 143 146 146 143 143 142 133 129 142 140 139 131 124 135 143 147 152 152 156 153 149 151 150 153 151 151 150 152 151 149 142 139 140 141 143 133 137 131 130 136 136 131 131 131 131 127 127 127 130 128 128 131 131 131 131 131 130
150 149 147 148 149 147 148 146 147 147 145 146 149 149 145 147 147 143 144 145 147 146 145 147 149 145 148 151 153 158 155 158 151 153 155 154 153 155 154 153 152 146 144 141 140 138 138 138 140 132 134 134 135 130 130 129 129 128 129 133 131 132 132 132 133 133 133 133 132
150 150 149 150 151 150 149 150 151 149 151 148 152 150 150 146 151 149 150 151 143 148 149 155 156 154 147 151 147 161 160 158 158 158 155 156 155 153 157 155 148 146 144 151 150 141 146 142 135 134 132 141 134 130 130 129 130 130 131 131 133 136 135 135 135 135 134 134 136
151 153 152 152 151 152 152 153 156 154 154 154 156 155 153 152 153 151 153 151 153 153 153 158 161 162 150 157 152 156 162 156 161 160 161 162 159 158 158 158 156 156 155 152 149 139 141 146 145 139 144 129 131 130 132 132 131 132 132 135 137 136 137 137 137 137 137 137 138
152 153 153 154 155 155 156 157 158 157 156 156 158 158 158 155 156 156 156 157 158 158 160 162 163 165 163 158 162 163 165 164 166 163 162 164 163 164 166 160 156 160 158 157 154 150 152 152 146 147 140 141 129 129 130 131 133 133 135 137 138 139 139 140 139 138 139 138 137
155 155 155 155 157 157 159 160 160 159 158 159 159 159 160 158 159 158 161 159 161 162 161 164 166 170 171 168 167 169 168 167 167 167 167 163 162 161 162 161 161 160 161 160 157 157 153 153 149 147 137 136 131 130 130 129 130 133 136 136 139 140 141 140 141 141 139 139 137
155 156 156 157 158 159 163 163 161 160 161 162 162 161 162 162 162 162 162 162 162 163 166 168 169 172 172 170 171 170 171 170 170 169 168 170 169 164 162 163 158 158 161 159 157 156 154 151 145 147 138 143 127 128 129 131 141 131 140 140 139 141 141 143 142 142 141 141 140
156 158 158 159 160 161 164 165 164 164 165 165 166 166 167 166 168 165 165 166 165 167 167 169 169 172 173 173 172 172 172 171 172 173 171 174 169 173 165 166 155 162 161 160 159 157 155 155 154 153 150 147 141 146 146 143 143 143 140 139 141 143 142 143 143 143 143 142 140
157 158 160 161 163 163 165 167 167 167 167 168 168 168 169 170 169 169 168 170 169 170 171 171 175 172 176 174 174 175 174 175 173 173 173 175 171 170 171 169 167 168 167 166 162 161 162 160 159 155 154 152 152 148 147 145 143 139 137 140 143 144 143 144 144 144 143 142 142
160 160 161 163 165 166 167 168 170 170 169 170 170 171 171 171 173 172 172 171 171 173 175 180 179 179 177 176 178 177 177 176 178 176 176 174 174 173 171 172 171 170 169 167 167 166 164 163 162 159 156 157 155 151 148 139 140 139 140 143 144 144 145 145 145 144 143 143 143
161 161 163 165 166 168 169 170 170 172 172 173 172 174 174 174 175 175 175 174 174 175 177 177 183 183 183 181 179 178 179 180 181 178 179 179 179 174 174 170 170 170 170 170 169 168 167 166 163 160 158 157 153 150 141 139 141 143 144 144 145 146 145 145 145 145 144 144 144
163 164 165 166 169 170 171 172 173 174 175 176 176 176 177 181 181 177 177 177 178 179 180 180 181 184 184 184 180 181 182 181 181 181 182 180 182 180 178 172 166 166 168 166 163 165 164 163 162 153 151 149 137 136 137 135 136 141 144 146 147 147 146 146 146 144 144 144 145
165 166 169 168 171 173 174 175 176 178 178 179 181 181 184 184 185 185 185 180 181 182 184 184 184 182 184 184 186 185 185 185 185 185 183 184 183 181 182 181 164 157 158 167 153 157 146 149 150 143 133 135 137 136 136 139 142 145 146 147 147 147 147 147 145 145 145 145 144
167 169 170 172 175 176 177 178 179 180 181 182 183 184 185 186 187 188 187 187 187 188 188 188 189 188 188 189 189 189 186 187 186 186 187 186 186 186 185 182 180 166 162 158 150 146 145 137 143 142 135 134 134 134 136 140 142 146 148 148 148 148 148 147 146 146 146 145 147
171 172 175 176 177 179 181 182 182 183 184 184 186 187 188 189 189 190 191 191 191 193 192 193 193 191 193 193 192 191 189 189 189 189 190 189 189 188 186 186 186 178 181 169 152 143 140 140 140 136 137 131 136 138 139 141 146 149 149 150 148 148 148 148 147 147 147 146 147
174 175 176 177 181 181 183 185 185 186 187 187 188 188 190 192 192 192 193 194 194 194 195 196 195 195 194 193 192 191 190 191 191 192 192 192 192 191 191 190 190 186 189 178 171 153 148 142 141 140 138 139 134 140 141 142 149 150 151 150 150 149 149 149 147 147 147 148 148
176 177 178 180 182 183 185 187 188 188 189 190 190 191 192 194 193 195 195 196 197 197 197 197 198 196 194 195 195 193 193 194 193 193 193 194 193 194 193 194 194 193 183 179 165 170 154 149 144 141 143 139 138 145 145 148 151 151 151 151 150 149 149 148 148 148 149 147 146
178 179 181 182 183 185 187 188 189 190 190 191 193 194 194 194 196 197 197 198 198 198 199 198 197 196 196 197 196 194 195 196 196 195 196 196 195 196 195 195 195 196 193 192 187 170 177 163 148 149 142 139 144 148 153 153 153 153 151 151 151 150 149 148 148 148 146 145 146
180 182 182 184 185 186 188 189 190 192 193 194 194 195 196 197 198 198 198 198 199 199 198 198 198 199 198 196 196 197 197 198 198 198 197 197 197 197 197 196 197 197 194 190 187 184 177 169 150 146 150 148 152 156 156 155 154 153 152 152 150 150 149 149 149 146 145 143 146
182 183 185 185 186 188 189 190 191 192 194 194 196 196 196 197 199 199 199 200 201 200 200 199 199 199 199 198 199 200 200 200 200 200 199 200 200 199 199 197 196 196 195 191 187 177 176 164 162 146 147 151 152 152 154 154 154 152 151 151 150 149 150 150 147 144 141 144 144
184 185 186 187 189 190 192 192 192 194 195 195 196 196 197 198 198 199 201 201 202 201 201 202 202 200 201 200 201 201 202 201 201 201 201 202 202 200 199 198 197 195 194 190 186 175 170 171 162 145 151 152 150 152 154 154 153 150 150 149 149 148 150 144 143 140 142 145 144
185 186 188 188 189 191 192 194 194 195 195 196 195 195 197 197 199 200 200 201 201 202 202 202 203 203 201 202 202 203 203 203 203 203 203 202 202 202 201 199 197 196 192 189 183 181 178 170 157 159 151 151 154 152 150 147 147 145 146 150 148 148 149 146 140 140 142 143 137
186 188 188 189 191 192 194 194 195 197 197 198 199 198 198 199 199 199 200 202 202 203 204 205 205 204 204 204 204 205 205 206 206 205 206 205 205 204 201 201 199 196 191 189 185 182 179 172 164 161 158 158 154 155 151 147 147 145 149 151 145 141 144 139 138 132 142 142 130
189 190 189 191 192 193 194 194 196 197 198 201 200 200 201 201 201 201 202 204 203 205 206 206 207 205 205 206 207 207 207 207 208 208 207 207 206 205 203 203 200 196 195 186 184 179 174 164 160 163 161 161 158 156 155 154 152 149 151 149 146 142 139 139 140 133 126 126 135
190 190 191 192 193 194 195 196 197 198 199 200 201 201 201 202 202 204 204 205 205 206 208 208 207 206 207 208 208 208 209 210 209 209 209 209 208 207 205 202 199 197 193 190 184 165 162 161 161 163 162 158 155 155 151 149 150 146 146 141 143 142 137 142 140 136 123 124 139
190 192 191 193 195 195 196 197 198 200 201 201 202 203 203 204 204 205 205 206 207 208 208 208 208 208 208 210 210 211 211 211 211 211 211 210 210 208 206 205 200 197 193 173 179 168 161 164 164 164 162 159 154 154 151 147 141 148 144 142 144 137 137 131 136 128 126 134 138
191 191 193 194 195 197 198 200 200 201 202 202 203 204 204 205 206 206 207 208 208 209 210 210 209 210 211 211 211 213 213 213 213 213 213 212 211 210 207 205 202 198 193 183 168 164 162 163 164 161 159 158 154 151 149 142 137 140 139 141 137 138 130 135 120 124 136 141 143
191 193 194 195 196 198 199 200 202 202 203 204 205 206 206 207 207 208 208 210 210 210 210 211 210 211 212 213 214 214 215 215 215 215 214 214 213 211 209 205 203 194 193 185 169 167 166 164 161 161 159 156 154 150 147 143 138 133 136 139 131 134 138 133 125 132 140 138 137
