trunk/EcoCrop/data/climate/tmin_11.asc
NCOLS 660 
NROWS 360 
XLLCORNER -20 
YLLCORNER -30 
CELLSIZE 0.1666667 
NODATA_value -3.4e+38 
[rows 60 to 89 of 360, columns 276 to 344 of 660]
135 135 135 134 133 131 129 133 134 137 140 142 143 141 142 147 145 145 145 147 148 147 148 149 150 152 155 155 155 157 157 159 162 163 164 166 166 168 171 174 175 178 179 181 181 183 184 185 187 186 186 187 188 188 186 184 180 185 187 170 182 186 152 175 162 206 225 -3.4e+38 -3.4e+38
136 136 136 134 132 131 130 135 139 140 140 142 142 144 145 146 145 146 147 147 148 148 150 150 151 152 153 154 155 157 158 158 161 164 166 165 169 171 174 176 178 180 181 160 183 184 185 186 188 187 188 189 190 190 185 190 185 186 186 186 186 184 180 183 186 214 227 233 -3.4e+38
138 138 136 136 134 131 131 135 138 140 142 144 143 145 148 146 148 148 148 148 149 150 148 153 151 154 154 156 157 159 159 161 161 163 166 168 171 173 175 178 180 180 183 184 186 186 187 188 188 189 190 192 192 193 191 192 191 191 191 189 186 186 183 195 195 169 226 -3.4e+38 -3.4e+38
139 140 138 137 135 131 132 131 138 142 141 145 146 145 145 148 146 149 151 150 151 151 152 154 154 154 154 157 159 160 161 163 165 166 167 171 174 175 178 180 182 183 183 185 186 187 189 190 190 191 192 194 193 195 195 195 194 195 192 192 187 186 184 191 195 211 227 238 -3.4e+38
141 139 142 139 137 130 131 132 137 142 143 146 146 146 146 147 146 148 152 152 153 154 154 154 155 154 154 157 160 163 165 166 166 169 172 175 177 178 181 182 184 184 183 185 188 189 191 192 191 193 195 195 196 196 196 197 198 195 193 195 190 188 178 191 162 209 227 239 -3.4e+38
142 141 143 137 136 133 134 132 138 142 144 145 146 147 148 148 149 151 153 153 155 155 156 156 157 154 156 159 160 164 167 168 170 173 175 176 181 181 182 185 184 185 184 186 189 192 191 192 194 194 195 196 197 198 198 199 198 198 195 192 193 183 180 187 195 204 223 237 -3.4e+38
142 141 142 139 137 136 138 137 139 142 144 146 148 147 148 149 149 152 153 156 155 157 158 159 159 159 159 162 164 167 169 171 174 178 179 180 183 186 187 186 183 185 184 188 190 193 194 194 195 196 196 197 198 198 199 187 198 196 181 191 187 189 191 176 171 180 212 232 242
143 141 142 140 141 139 135 138 142 144 146 146 148 149 149 149 151 152 152 158 157 158 159 161 160 161 162 165 166 168 171 173 179 180 182 181 187 185 185 187 187 186 185 189 191 194 195 195 197 197 197 198 197 196 198 198 197 195 193 194 192 195 192 167 179 177 164 227 237
145 143 142 142 142 141 140 140 142 144 146 147 148 149 151 151 153 152 155 157 159 160 160 163 163 163 165 169 170 169 171 176 180 184 184 188 188 188 188 186 187 185 180 188 191 194 196 197 197 198 198 199 199 199 200 199 197 194 197 197 197 199 197 191 187 178 163 193 232
145 143 143 143 144 143 138 138 143 144 145 146 146 151 152 152 156 158 159 158 160 161 162 162 164 165 168 171 173 174 177 177 182 186 189 189 190 188 188 177 187 187 187 189 193 194 198 198 199 199 200 201 201 201 201 200 198 199 198 197 199 201 200 196 190 181 167 212 228
146 146 146 148 144 143 138 138 138 144 146 146 148 152 154 156 157 159 158 159 160 161 164 164 167 168 169 173 175 177 180 180 186 188 191 191 189 190 190 188 186 186 186 190 193 195 199 201 200 201 201 202 201 202 201 198 199 200 199 199 200 200 202 196 188 174 176 212 220
147 147 147 148 146 144 141 141 143 148 150 150 152 152 153 154 157 157 157 160 159 163 165 166 167 169 173 174 177 181 181 184 189 190 190 192 190 191 191 190 189 185 186 190 193 194 199 202 202 202 202 201 202 201 201 202 201 201 195 200 200 200 199 191 192 147 181 209 220
148 147 146 146 145 148 145 145 150 152 153 154 154 155 156 156 155 155 158 161 162 162 165 168 170 174 174 176 177 183 184 187 188 190 192 193 192 191 189 188 189 188 190 188 193 195 199 202 202 202 202 203 201 202 202 202 203 204 204 204 202 199 198 198 194 185 203 216 226
148 146 146 145 149 147 152 151 150 155 153 156 156 158 160 161 160 161 164 164 167 167 170 171 173 174 174 177 181 181 184 187 189 190 192 194 192 192 194 194 193 187 192 192 193 197 200 203 203 202 202 202 202 202 202 204 205 204 204 205 202 200 200 202 198 199 217 200 226
149 147 146 149 151 152 154 154 155 157 158 157 158 159 162 163 163 163 164 166 169 169 168 170 171 172 178 181 181 181 183 184 188 191 193 193 194 196 193 195 197 196 194 195 197 199 200 201 202 202 202 203 202 202 203 204 204 199 206 207 207 204 203 208 202 222 219 227 227
148 148 149 150 151 153 154 154 153 158 157 158 160 162 162 163 166 167 168 169 168 169 170 170 169 174 180 180 177 180 183 184 189 191 193 191 191 194 194 195 195 197 196 196 199 200 199 199 199 201 201 202 202 203 204 205 205 206 206 208 206 203 206 213 209 200 220 220 225
151 151 151 153 153 153 154 153 156 158 159 159 159 163 164 164 165 167 169 168 167 169 167 167 169 176 182 181 176 180 180 186 189 193 192 190 188 193 193 193 194 196 194 197 199 198 199 197 199 200 201 201 202 203 202 203 204 205 206 206 207 207 207 214 210 208 209 215 222
151 151 151 151 153 153 150 152 155 157 158 157 161 163 165 166 166 167 170 169 169 167 167 167 174 179 181 182 174 175 181 184 192 194 194 192 192 192 192 191 193 196 196 196 198 200 198 197 198 199 200 200 201 201 202 203 204 204 205 206 207 206 209 214 208 204 178 212 221
149 150 147 150 151 152 147 152 154 157 158 160 162 164 166 166 166 168 169 167 169 166 178 179 181 182 181 183 178 174 181 187 192 196 195 194 194 194 193 192 193 195 200 202 201 201 200 197 197 199 200 200 199 200 201 201 203 203 205 206 207 205 209 212 208 201 201 213 219
148 147 146 147 151 153 144 151 153 156 159 161 162 165 166 168 168 169 170 164 165 176 179 180 179 181 184 184 184 178 180 188 184 195 198 197 195 195 195 195 199 197 198 200 203 202 199 198 199 198 198 198 198 199 200 200 201 201 202 204 205 207 207 208 205 200 204 216 218
148 143 144 146 147 154 145 150 154 156 159 161 162 165 166 168 170 171 172 162 177 178 179 179 173 176 185 181 184 176 181 187 190 195 197 199 197 195 196 194 198 200 201 202 201 201 198 198 198 198 197 197 197 197 197 198 199 200 200 202 204 205 206 205 203 203 212 216 216
145 145 143 145 148 154 145 151 153 156 159 161 163 166 168 169 172 173 174 177 178 179 179 180 177 179 184 183 182 182 183 188 189 194 199 199 196 195 197 198 201 199 200 200 196 197 197 197 195 197 196 196 196 196 195 196 196 197 197 199 201 204 204 204 203 198 210 216 216
141 137 141 146 148 152 146 148 152 155 158 160 164 166 169 171 173 175 175 176 177 181 180 179 179 180 181 181 182 179 183 188 190 195 198 199 197 195 197 200 198 197 196 197 192 192 194 194 194 194 194 195 194 194 194 194 195 194 196 197 199 201 203 204 204 200 210 215 217
137 135 142 146 147 152 142 146 151 154 159 161 164 167 170 171 174 173 174 175 176 180 182 182 181 183 180 178 176 177 183 187 192 196 200 200 199 195 196 200 197 192 192 193 190 188 190 192 192 191 192 192 193 192 192 192 192 192 193 194 196 199 202 202 203 207 211 214 216
131 140 145 144 145 150 151 150 151 155 158 160 164 168 171 173 175 174 173 173 177 179 182 183 183 183 184 182 179 179 185 189 191 198 200 199 199 196 198 200 198 193 191 190 187 185 188 189 190 188 190 190 191 191 191 190 190 191 191 192 193 197 202 201 201 204 208 213 217
139 143 146 140 143 144 150 150 149 154 156 161 165 169 172 174 175 174 172 173 176 179 183 183 182 184 183 182 181 182 189 192 195 198 199 199 198 198 200 201 198 196 192 190 187 185 185 188 187 187 188 188 189 189 189 188 189 189 190 192 193 198 202 197 198 201 203 209 214
139 144 144 141 138 142 146 151 150 150 157 162 167 169 172 174 176 174 173 171 174 177 182 183 185 185 183 182 184 180 189 193 197 200 200 198 200 202 204 208 201 196 191 189 186 186 184 186 186 185 187 186 187 187 187 187 187 188 189 193 197 202 207 204 196 199 195 204 210
142 138 128 118 132 142 145 150 148 151 155 160 167 170 173 174 175 175 172 170 172 178 182 186 182 186 186 185 182 184 188 190 195 200 201 198 198 201 205 204 200 194 189 187 185 185 185 184 185 184 186 185 185 185 186 186 186 187 191 194 199 203 202 207 184 190 187 171 204
139 135 122 102 124 144 146 148 147 154 155 162 165 169 173 175 175 175 172 171 172 179 182 185 183 185 183 181 184 187 189 193 195 199 201 200 200 199 202 200 196 191 186 184 182 184 185 185 185 185 185 185 184 184 186 186 187 188 193 197 200 203 206 205 193 198 193 188 193
138 138 136 140 143 150 149 149 150 151 153 160 164 169 172 175 176 176 173 173 176 179 183 185 188 189 183 187 188 189 193 194 196 197 199 200 198 200 200 198 193 188 183 182 182 181 183 184 185 186 186 186 186 185 186 188 190 192 196 200 201 202 202 200 199 192 189 184 180
