trunk/EcoCrop/data/climate/tmin_5.asc
NCOLS 660 
NROWS 360 
XLLCORNER -20 
YLLCORNER -30 
CELLSIZE 0.1666667 
NODATA_value -3.4e+38 
[rows 0 to 29 of 360, columns 483 to 551 of 660]
137 164 196 210 213 216 217 217 218 219 221 221 220 217 215 207 200 189 186 182 184 183 187 191 192 192 197 196 196 198 200 200 200 184 152 156 151 142 100 131 159 159 209 222 220 229 210 187 172 187 181 168 182 164 188 183 183 210 237 242 246 247 247 248 249 250 251 249 248
162 137 155 199 214 217 220 221 221 223 223 221 220 215 209 198 191 178 179 173 176 177 183 186 188 192 200 201 201 201 202 204 202 169 157 163 128 113 125 133 125 226 219 244 244 248 214 208 183 189 175 184 193 197 187 201 168 233 242 245 246 246 247 247 249 249 249 249 247
144 136 160 137 186 212 217 220 218 218 219 219 210 212 204 193 181 163 170 166 169 169 168 166 171 189 204 204 203 204 206 206 204 194 181 160 144 130 116 131 176 234 250 261 264 261 253 213 188 198 194 198 199 203 209 207 211 244 246 247 247 246 247 247 249 248 248 247 247
129 143 158 165 151 174 211 216 212 212 212 213 201 201 202 193 183 168 159 151 159 159 160 160 182 201 203 205 206 206 207 207 206 184 156 122 139 121 96 108 147 206 259 263 266 261 253 250 224 205 216 210 205 213 193 212 231 243 247 247 247 247 247 248 248 247 248 246 247
133 145 137 154 181 157 188 210 191 205 207 201 186 181 196 205 196 182 187 171 173 163 180 186 196 202 204 204 206 206 208 209 192 153 156 124 85 94 103 150 149 239 261 265 266 265 263 227 207 196 211 203 208 217 217 218 239 247 249 247 247 247 247 247 248 248 247 247 249
153 142 125 151 191 202 196 200 200 202 208 197 201 174 193 216 209 205 199 191 191 191 190 191 196 200 201 206 208 209 199 194 177 176 140 131 111 89 119 132 155 242 263 264 266 265 265 260 248 246 241 225 219 220 231 216 248 250 249 248 247 246 246 247 247 248 249 250 251
150 134 135 149 180 194 212 208 215 217 220 221 222 221 227 226 221 214 210 205 202 196 197 197 200 201 203 199 186 152 200 198 173 152 120 112 98 71 103 163 211 251 263 265 266 267 266 264 256 210 215 211 234 241 235 248 252 251 250 248 247 246 246 247 248 249 250 251 253
152 139 113 148 155 177 205 215 215 226 228 228 232 236 237 235 230 224 218 215 211 205 201 196 194 154 178 181 175 205 204 197 171 137 126 119 98 98 95 158 196 260 263 266 267 268 268 267 263 257 253 252 253 244 250 252 255 253 251 249 246 244 246 247 248 250 251 253 254
162 155 130 85 146 169 184 221 223 222 230 233 239 237 241 239 235 230 226 222 214 195 183 173 183 177 182 212 212 212 211 195 140 127 135 101 83 147 121 190 207 260 263 265 267 268 270 270 270 264 262 260 257 255 258 256 256 254 251 250 248 245 247 249 250 251 253 254 257
175 169 159 163 164 177 156 201 220 228 232 235 238 240 241 240 238 234 230 225 211 209 209 209 209 215 214 213 213 212 208 195 142 142 135 113 155 156 132 219 241 258 262 264 266 267 270 271 270 269 266 265 263 261 259 258 256 256 254 252 250 249 248 250 251 253 254 257 259
176 178 175 173 174 183 150 140 191 214 226 236 240 241 241 240 237 234 231 229 226 222 220 217 216 215 213 213 212 209 200 174 156 149 122 139 150 100 163 179 180 260 262 263 265 267 269 271 271 268 267 265 263 262 259 259 258 257 255 254 252 251 251 253 253 255 256 258 261
176 182 182 180 180 183 172 141 179 182 209 231 237 241 240 239 237 233 231 228 226 224 221 219 217 215 214 212 208 203 180 172 138 152 147 152 146 145 143 167 182 229 261 262 264 265 267 268 268 267 264 264 262 261 261 260 260 258 257 254 255 253 252 253 254 257 258 260 262
174 185 185 185 172 174 180 172 164 149 182 213 230 236 238 239 237 234 231 227 226 223 221 218 217 214 212 208 204 171 157 164 139 156 154 136 161 153 188 133 226 188 259 261 262 263 265 265 265 264 263 262 262 261 260 260 260 258 257 254 255 255 255 256 258 259 260 262 262
193 202 197 185 170 182 175 185 186 129 177 197 212 227 230 232 234 232 230 228 225 222 220 220 216 213 206 195 180 155 157 160 159 162 171 167 141 180 185 180 169 212 257 259 260 261 261 262 262 261 260 261 260 260 259 260 259 257 257 256 256 256 256 258 259 260 261 262 263
219 199 201 191 181 180 192 195 172 194 156 198 213 218 221 222 224 225 226 224 221 219 215 210 176 202 181 149 160 157 162 173 172 156 175 164 172 156 159 147 149 247 255 257 257 258 259 259 260 260 259 260 259 259 259 259 259 259 257 257 256 256 258 259 261 261 261 263 263
214 223 220 195 181 175 192 198 199 187 199 178 190 204 206 206 211 216 207 194 213 208 207 197 181 165 161 168 161 167 154 178 172 175 177 171 136 183 190 203 229 248 253 255 255 255 256 257 257 258 255 258 258 258 258 258 258 257 257 257 256 257 259 260 260 262 263 262 263
236 236 229 212 188 188 138 192 196 201 198 204 198 184 174 163 195 215 197 182 200 190 176 170 176 176 171 156 174 170 148 175 172 184 177 166 163 189 210 204 223 248 251 253 252 253 254 255 255 254 254 256 257 256 257 257 258 257 257 255 252 255 258 261 262 262 262 262 262
238 235 218 194 199 178 193 195 199 201 202 203 207 209 209 211 213 210 210 203 186 185 188 186 179 170 175 183 182 161 187 119 193 182 163 187 185 189 182 218 226 249 250 251 250 251 252 253 254 253 254 255 256 255 256 257 258 256 256 255 255 257 260 261 262 263 263 262 263
219 213 202 196 192 189 183 185 190 191 185 188 197 196 194 203 206 208 211 207 204 197 188 178 178 182 181 178 191 196 152 201 185 188 168 170 192 188 202 221 229 248 249 250 249 248 250 252 252 251 253 253 253 255 255 256 257 257 256 256 255 256 257 260 262 261 262 263 264
184 173 184 202 206 201 200 199 207 212 204 182 183 209 205 200 201 202 207 206 204 199 190 184 177 176 181 183 156 198 190 207 173 195 180 198 173 186 205 213 231 248 248 249 249 248 250 251 250 251 251 252 252 252 255 256 255 256 257 254 254 254 256 257 259 259 260 263 265
197 211 204 171 209 205 196 207 210 218 225 232 229 220 213 209 208 207 207 204 199 191 187 191 185 186 187 187 211 209 211 218 213 208 204 223 208 188 213 225 232 248 249 249 248 248 248 249 249 249 252 250 251 252 253 254 255 255 256 255 255 254 256 257 258 258 261 264 266
209 221 211 211 225 226 226 227 229 230 233 208 214 227 226 214 222 220 218 208 215 203 208 204 187 171 208 214 216 219 221 227 222 198 228 230 205 196 221 199 209 228 249 249 247 248 247 247 248 249 250 250 251 251 251 253 252 255 255 255 257 256 258 258 259 260 264 266 268
234 235 218 229 225 236 233 229 237 245 247 242 233 231 236 236 234 238 225 220 218 216 207 190 212 217 216 205 218 224 225 231 222 217 241 240 223 197 195 234 223 210 222 248 249 248 247 246 247 249 250 250 249 251 251 252 252 254 254 256 256 258 257 259 261 264 266 268 269
235 212 228 236 225 228 246 251 249 250 252 256 262 260 258 254 246 236 223 217 217 212 218 218 218 206 211 223 230 230 219 232 228 224 243 247 233 199 227 225 238 223 242 244 245 249 249 248 249 249 250 250 251 250 251 251 250 253 255 255 256 256 257 258 264 266 268 270 269
247 243 252 253 249 254 252 250 252 253 249 258 261 262 250 253 238 195 202 209 217 205 196 214 217 224 222 230 233 231 240 240 232 203 248 250 251 243 230 240 243 222 216 231 236 249 251 252 251 251 251 251 250 250 250 250 250 253 254 255 256 256 257 260 264 267 270 271 273
247 252 255 256 256 256 255 245 254 256 259 259 260 260 257 253 250 245 242 232 230 215 230 230 208 226 231 230 239 243 216 234 227 246 251 254 256 250 241 235 228 230 240 244 243 248 252 254 253 253 252 251 251 249 248 248 249 250 252 254 256 257 259 255 261 268 271 271 275
254 251 253 254 255 255 251 256 255 256 255 231 254 257 247 250 249 246 244 236 235 232 239 242 236 230 232 227 213 239 248 237 240 234 -3.4e+38 -3.4e+38 258 253 248 241 247 230 240 235 251 252 256 258 256 254 254 252 250 249 248 247 248 250 251 253 254 256 257 260 265 267 271 273 275
-3.4e+38 254 253 250 255 255 256 255 255 255 255 253 243 255 242 243 247 244 242 242 244 245 245 245 245 243 243 241 240 242 249 251 -3.4e+38 -3.4e+38 -3.4e+38 -3.4e+38 -3.4e+38 256 247 247 248 237 243 249 252 256 257 260 259 256 254 253 251 249 248 248 248 250 251 253 254 254 255 261 264 269 271 273 273
-3.4e+38 -3.4e+38 256 253 256 255 255 254 254 253 254 254 -3.4e+38 -3.4e+38 248 249 246 242 -3.4e+38 -3.4e+38 -3.4e+38 -3.4e+38 -3.4e+38 244 -3.4e+38 -3.4e+38 -3.4e+38 -3.4e+38 -3.4e+38 -3.4e+38 -3.4e+38 -3.4e+38 -3.4e+38 -3.4e+38 -3.4e+38 -3.4e+38 -3.4e+38 257 248 253 243 239 245 248 253 258 260 259 259 257 254 253 251 250 249 249 249 250 250 252 253 256 258 262 265 269 271 272 273
-3.4e+38 -3.4e+38 -3.4e+38 -3.4e+38 -3.4e+38 -3.4e+38 -3.4e+38 254 -3.4e+38 -3.4e+38 -3.4e+38 -3.4e+38 -3.4e+38 -3.4e+38 -3.4e+38 -3.4e+38 -3.4e+38 -3.4e+38 -3.4e+38 -3.4e+38 -3.4e+38 -3.4e+38 -3.4e+38 -3.4e+38 -3.4e+38 -3.4e+38 -3.4e+38 -3.4e+38 -3.4e+38 -3.4e+38 -3.4e+38 -3.4e+38 -3.4e+38 -3.4e+38 -3.4e+38 -3.4e+38 -3.4e+38 256 255 253 251 251 248 252 257 259 260 260 259 257 255 253 252 250 250 249 248 250 250 251 252 255 259 261 264 266 269 271 271
