trunk/PhD/0002-BaselineComparison/prec_1.asc
NCOLS 660 
NROWS 360 
XLLCORNER -20 
YLLCORNER -30 
CELLSIZE 0.1666667 
NODATA_value -3.4e+38 
[rows 248 to 278 of 360, columns 210 to 279 of 660]
106 117 131 139 156 176 188 189 199 213 215 212 214 209 205 202 200 201 208 212 212 209 215 215 216 212 212 210 214 212 214 216 217 218 220 221 223 225 226 228 229 231 234 236 241 244 250 256 258 254 248 246 245 245 249 247 243 241 236 232 228 225 224 220 219 224 226 231 234 236
105 119 131 143 157 177 189 197 209 211 221 220 222 213 205 206 204 206 207 212 213 220 218 217 219 218 216 216 214 214 214 215 217 218 218 221 222 224 225 226 227 229 231 235 239 243 246 250 251 249 247 243 241 241 244 245 245 240 238 234 234 232 229 229 230 233 238 241 244 245
112 125 136 155 164 186 192 196 206 212 220 222 222 213 207 207 213 213 219 216 225 219 218 222 219 215 215 215 214 215 214 212 218 217 219 220 221 222 223 224 225 227 229 232 235 238 242 244 245 246 244 243 240 240 242 241 242 242 241 241 237 238 235 238 239 242 246 250 254 255
139 136 150 162 181 188 192 202 207 210 217 222 220 216 211 211 214 223 229 230 230 224 224 222 220 221 223 216 217 217 218 218 215 219 217 218 219 220 221 222 223 224 226 228 231 234 237 241 241 242 242 240 239 238 239 237 239 242 240 242 242 240 242 241 245 249 256 261 265 265
139 145 157 171 179 186 201 202 210 212 217 220 216 216 211 210 217 227 233 233 231 229 230 225 222 221 225 221 221 220 220 220 218 217 216 217 218 219 219 220 221 221 223 225 227 230 232 236 238 243 240 249 242 239 236 236 236 240 239 241 240 242 243 246 248 257 258 267 274 272
149 156 178 178 184 191 200 208 208 210 216 217 216 215 208 213 219 229 229 231 233 234 233 228 222 224 221 217 222 219 222 219 218 219 216 217 217 217 217 218 218 218 219 220 223 225 228 231 234 237 243 239 237 239 235 235 237 243 241 243 240 242 247 249 252 259 261 268 272 272
159 167 192 183 187 199 205 208 210 212 212 214 213 211 211 215 219 227 230 232 234 230 226 231 232 229 225 222 218 218 218 223 220 219 217 216 217 217 217 216 216 215 215 216 218 221 225 229 233 234 239 238 237 236 238 240 235 243 240 239 242 247 248 253 254 260 266 267 270 269
158 174 181 192 198 208 212 211 208 211 211 210 212 210 210 214 221 225 228 230 233 227 225 224 226 224 225 220 222 224 221 219 218 221 218 217 217 216 215 215 214 213 212 212 214 218 224 227 231 235 237 239 233 236 238 239 237 237 238 241 244 246 248 251 257 259 263 266 267 267
154 179 194 200 209 212 213 209 209 209 209 209 207 208 211 214 217 223 225 232 232 230 228 226 229 221 230 228 228 219 225 225 221 218 217 217 217 216 215 214 212 211 209 207 209 216 222 230 237 234 233 234 235 234 233 234 236 237 241 240 244 246 250 254 257 262 262 263 266 265
171 163 183 200 204 208 209 206 207 206 207 205 202 204 212 210 215 222 223 229 225 231 230 229 226 229 231 226 228 226 225 221 223 222 220 220 218 215 215 214 212 210 207 205 203 214 222 227 231 231 233 230 233 234 235 235 239 239 240 242 246 248 253 257 258 261 264 262 261 261
172 175 185 193 196 203 203 202 200 200 204 203 201 204 207 210 212 221 223 224 227 225 230 226 227 225 229 226 224 218 225 222 225 224 222 220 217 216 215 214 212 211 209 207 208 216 222 226 228 230 232 232 232 234 234 235 236 237 239 242 246 251 255 259 262 264 263 262 260 254
176 178 184 187 194 198 199 200 196 196 200 199 198 201 204 208 213 217 222 225 223 224 229 226 226 229 222 226 224 225 223 220 222 223 218 221 220 218 217 215 214 213 212 212 214 218 224 226 228 229 231 232 233 233 233 234 235 238 241 244 247 250 253 258 262 263 260 258 254 250
171 179 183 186 193 195 199 196 192 194 193 196 197 199 203 207 212 213 222 221 223 223 228 227 225 220 221 225 221 226 219 225 224 221 219 220 220 220 217 217 216 216 216 216 218 221 225 228 230 231 231 232 232 232 233 234 235 238 242 240 245 248 253 257 262 260 258 253 250 244
173 180 181 185 188 192 198 196 191 193 193 194 198 202 201 207 210 214 214 214 218 218 224 226 218 219 225 220 223 225 224 224 219 220 223 222 221 221 220 219 219 218 219 220 222 224 227 230 231 231 231 232 232 231 231 231 235 237 239 241 242 246 249 252 253 255 252 248 242 243
171 176 178 184 189 194 194 196 191 194 193 194 198 200 200 205 210 211 212 211 211 214 215 220 217 217 218 216 219 218 219 219 219 223 224 223 223 223 222 222 221 221 221 223 225 227 229 230 232 232 231 231 230 231 228 233 235 236 237 238 240 242 245 246 249 248 246 242 239 241
171 172 176 182 187 192 195 196 195 195 195 194 199 198 204 207 206 213 209 215 213 216 215 221 221 221 214 222 221 217 220 216 215 222 222 224 223 225 224 224 223 224 224 226 227 229 230 231 231 231 230 230 229 230 230 228 232 233 233 234 236 239 241 240 240 240 242 237 237 235
167 172 174 177 183 189 195 196 194 195 196 194 198 197 199 201 204 205 207 215 213 210 216 219 217 220 213 219 216 216 217 218 220 220 215 216 223 225 226 226 226 225 227 228 229 231 231 231 230 229 228 227 228 229 229 229 231 232 230 234 234 236 235 236 234 235 235 235 232 234
162 169 172 176 181 187 193 195 194 195 192 194 195 196 198 202 202 208 210 211 208 215 212 216 215 215 212 212 214 213 216 217 218 216 219 215 220 223 225 225 225 226 227 230 231 232 232 232 229 227 227 226 226 227 227 228 229 230 230 231 230 231 231 231 230 230 229 229 228 228
160 164 167 175 179 185 191 191 194 193 188 192 194 196 196 199 200 201 207 209 212 211 213 210 212 211 214 214 213 210 210 214 213 216 216 219 219 221 222 224 223 226 228 231 233 234 234 232 229 226 225 224 224 222 223 226 227 227 228 229 227 230 229 231 229 227 225 225 225 225
157 163 169 171 177 181 185 187 186 187 189 186 188 192 193 196 197 203 204 207 207 209 211 212 212 212 211 209 205 210 211 211 211 212 215 216 215 220 221 222 223 224 228 231 235 237 236 232 229 226 224 222 222 222 224 222 224 223 225 224 225 224 225 227 223 223 223 224 222 223
154 158 162 167 171 176 177 180 182 181 185 181 187 189 190 195 195 200 198 202 205 208 207 210 210 209 209 207 208 202 206 207 207 204 208 212 215 215 217 219 220 222 225 230 236 239 237 232 228 224 222 220 221 220 221 219 221 221 220 220 222 222 223 221 220 219 219 219 220 221
151 154 157 159 165 168 170 174 174 177 178 176 184 187 186 189 190 194 197 200 201 200 204 206 208 204 206 206 204 204 204 204 203 201 205 205 210 211 213 214 215 217 221 226 235 243 238 231 226 222 220 219 219 218 218 218 218 218 218 218 217 219 220 217 216 215 215 218 223 222
151 151 151 154 158 161 162 167 168 170 171 174 178 181 182 183 187 192 191 195 197 200 202 203 206 202 203 203 201 200 200 199 199 200 202 203 204 207 208 209 210 211 213 219 227 238 233 226 220 220 219 217 216 215 216 215 215 215 215 216 216 216 218 214 213 213 215 216 220 217
146 147 148 149 150 153 155 160 163 166 165 170 170 177 179 182 182 187 190 191 193 196 196 200 201 196 199 200 198 196 195 196 195 196 196 199 201 201 203 203 204 205 206 207 210 218 221 217 214 216 215 214 212 212 212 213 213 214 213 214 215 215 213 211 210 210 214 217 213 215
143 142 143 144 145 147 150 154 155 160 163 163 168 169 175 177 180 183 185 187 189 191 194 195 196 195 196 196 195 195 193 192 189 192 194 196 197 197 197 198 199 199 199 199 201 205 209 209 208 211 210 209 208 209 210 210 211 212 211 211 213 213 210 209 211 205 209 209 205 209
139 139 140 139 140 142 144 148 150 154 158 161 164 167 169 170 174 178 179 180 185 184 187 191 191 190 192 193 191 191 190 189 184 190 192 193 194 193 192 193 194 194 193 194 195 198 201 203 201 201 204 204 205 205 207 208 209 209 209 210 211 211 210 210 208 204 201 198 197 201
136 136 136 135 136 137 139 142 145 149 153 155 157 161 164 166 170 171 176 178 179 183 183 185 188 187 187 189 189 189 190 191 192 191 191 190 190 190 189 188 189 189 189 189 190 192 194 195 193 194 197 197 199 201 202 205 204 207 208 209 210 210 210 208 204 200 197 194 190 196
134 133 133 132 133 134 135 138 142 143 147 151 154 158 160 163 166 169 172 173 174 177 178 181 181 181 184 185 186 187 188 190 192 190 188 187 187 186 184 184 183 184 185 185 185 186 187 189 189 187 192 194 196 198 200 199 203 204 206 207 208 209 209 205 201 198 197 197 195 198
133 132 131 130 131 131 132 135 137 141 144 147 151 154 156 159 160 165 166 170 171 173 172 175 176 177 180 181 182 183 184 186 187 185 183 183 183 182 180 180 180 179 180 180 181 181 182 182 182 182 186 189 192 194 194 199 198 201 205 204 207 208 208 204 202 200 197 198 200 202
132 132 130 129 128 129 130 132 134 138 141 144 147 150 153 156 159 161 162 166 166 169 170 171 170 172 175 177 178 177 179 180 181 180 178 178 176 176 175 175 175 175 175 176 176 177 177 178 179 180 183 185 188 190 191 195 198 200 202 204 205 207 207 203 203 199 198 201 203 207
132 131 130 128 127 127 128 130 132 135 138 141 144 147 150 153 154 157 159 161 162 165 166 167 167 168 170 172 172 173 174 174 174 174 174 172 172 171 171 171 171 170 171 171 172 172 173 174 175 177 178 182 184 187 188 192 193 195 200 203 203 203 201 203 201 198 199 200 203 204
