trunk/PhD/0002-BaselineComparison/prec_01.asc
ncols         128
nrows         64
xllcorner     -180
yllcorner     -90
cellsize      2.8125
NODATA_value  -9999
[rows 0 to 27 of 64, columns 63 to 125 of 128]
7.750666 7.911618 7.931812 7.952006 7.972201 7.992395 8.012589 8.032784 7.972305 7.858047 7.743788 7.629529 7.51527 7.401011 7.284694 7.160141 7.035588 6.911035 6.786482 6.661929 6.537375 6.446019 6.362961 6.279903 6.196846 6.113788 6.03073 5.960932 5.911022 5.861113 5.811203 5.761294 5.711385 5.661476 5.655988 5.650501 5.645014 5.639526 5.634039 5.628552 5.648837 5.686303 5.723768 5.761233 5.798699 5.836165 5.884377 5.975577 6.066778 6.157979 6.249178 6.340379 6.431579 6.579487 6.741571 6.903656 7.065741 7.227825 7.389909 7.569253 7.774485 7.979717 8.184949
12.14483 12.33835 12.12647 11.91459 11.70271 11.49082 11.16914 10.80752 10.4459 10.08428 9.742643 9.423855 9.105066 8.786279 8.498259 8.333312 8.168366 8.00342 7.838474 7.845845 7.865524 7.885203 7.904882 7.967103 8.050594 8.134085 8.217576 8.290691 8.348244 8.405795 8.463346 8.5137 8.517269 8.520838 8.524405 8.527974 8.423338 8.302053 8.180771 8.059487 7.961288 7.878479 7.795669 7.712859 7.623361 7.520485 7.41761 7.314734 7.206717 7.026729 6.846741 6.666752 6.486763 6.266749 6.036727 5.806706 5.576685 5.390959 5.243991 5.097023 4.950055 4.853304 4.894654
10.55247 10.20289 10.16572 10.12854 10.09137 9.890282 9.648209 9.406136 9.045588 8.606059 8.16653 7.87377 7.801167 7.728563 7.768704 8.259826 8.750947 9.242068 9.848186 10.4543 11.06042 11.20276 11.22916 11.25556 11.00022 10.55706 10.1139 9.697263 9.320418 8.943573 8.603701 8.411721 8.219743 8.027763 7.90761 7.787457 7.667305 7.429045 7.161259 6.893472 6.571937 6.214568 5.857199 5.642509 5.641836 5.641163 5.738531 6.228065 6.717598 7.207132 7.452432 7.697731 7.943031 7.661884 7.249127 6.836369 6.476689 6.152396 5.828102 5.682936 5.806463 5.92999 6.075073
32.4516 38.2071 43.87716 49.54721 51.03322 44.15114 37.26906 32.03129 27.61566 23.20004 20.4826 17.76516 15.51342 14.19311 12.8728 12.27798 12.04593 11.81387 12.21235 12.61084 12.77317 12.46317 12.15316 11.39996 10.42516 9.450363 8.996762 8.543161 8.241274 8.242814 8.244354 8.274246 8.318313 8.362381 8.69996 9.03754 9.450522 10.01431 10.57809 10.39585 9.840597 9.285343 7.90136 6.517376 5.488791 5.170998 4.853206 5.314148 6.164458 7.014768 7.650787 8.286808 8.41309 7.519893 6.626697 5.900195 5.25704 4.613885 4.979703 5.345522 5.923114 6.924252 7.925389
61.78278 78.62173 77.1703 75.71886 70.40842 57.38001 44.3516 35.85461 29.62331 23.39203 20.99162 18.59121 16.20814 13.85973 11.51133 10.47547 10.09587 9.716283 10.93117 12.14605 13.12097 13.61594 14.11092 13.21569 11.62535 10.03501 10.08024 10.12547 10.564 11.78916 13.01431 12.53172 11.19525 9.858786 8.45064 7.042493 6.315622 6.9513 7.586978 8.277495 8.995435 9.713372 8.603724 7.494075 6.575187 6.037817 5.500449 6.101191 7.270987 8.440784 8.603561 8.766339 8.489363 7.332879 6.176394 5.875863 6.003307 6.130751 7.400879 8.671008 9.40339 9.060278 8.717167
70.98127 78.3797 80.95081 83.5219 80.85162 75.09815 67.67181 55.46585 43.25989 36.4449 30.30378 25.53325 22.03542 18.81447 17.18557 15.55668 14.51751 13.64684 13.62842 14.84964 16.02811 16.09507 16.16203 14.67473 12.41031 10.65468 10.10743 9.560174 10.88932 12.36857 13.12078 13.29135 13.25969 12.33823 11.41678 10.70732 10.04605 9.404638 8.788054 8.159674 7.383794 6.607915 6.179293 5.896874 5.996914 6.86187 7.726827 8.204116 8.666491 8.546691 8.026669 7.575763 7.366763 7.157764 7.203328 7.293169 7.794866 8.740079 9.64414 10.21899 10.79384 10.50753 9.919806
67.77364 61.01316 65.6992 70.38524 73.72968 76.28496 76.35532 69.32597 62.29661 50.24176 37.55872 27.9895 21.3117 15.64768 15.81279 15.97789 16.33278 16.7419 16.41147 15.00534 13.65095 13.64176 13.63258 13.5815 13.50949 13.67683 14.41264 15.14846 15.11974 15.02986 13.48773 10.78381 8.692242 9.294986 9.897731 9.260526 8.341507 7.736276 7.523281 7.348392 7.649897 7.951404 7.639938 7.070396 6.985641 7.87046 8.75528 8.351544 7.898233 7.531998 7.225626 7.501582 9.815688 12.1298 12.26156 12.01374 10.52444 7.698208 5.192047 5.246434 5.300821 5.977554 6.872124
60.75971 76.96754 72.00734 67.04714 66.03748 65.02783 61.44976 57.87169 52.18462 46.49755 37.94994 29.40233 32.32956 35.25679 28.66908 22.08138 21.23178 20.38219 20.94917 21.51615 19.03052 16.54489 18.09215 19.63941 17.36134 15.08327 14.44598 13.8087 16.50809 19.20749 17.47772 15.74796 19.37717 23.00638 23.12385 23.24132 14.039 4.836681 4.916967 4.997252 8.20634 11.41543 7.919535 4.423644 5.51577 6.607897 8.445302 10.28271 8.406974 6.531241 6.953939 7.376637 8.358231 9.339825 9.301539 9.263255 8.806814 8.350373 10.59279 12.83521 15.81366 18.79211 20.21103
67.29494 85.36346 79.68284 74.79559 72.68513 69.3108 64.35661 52.95209 38.32242 24.02223 11.79066 15.77844 21.29167 29.85579 28.32003 18.70436 17.69012 19.13343 24.32249 27.09045 21.38457 19.6896 23.00826 25.97636 28.76918 23.66159 18.392 19.72678 21.27166 23.23676 21.35571 16.39774 18.31844 22.20448 27.56403 28.99165 16.65754 8.563465 5.769441 9.163725 15.65216 10.92015 5.251336 3.308591 4.446204 11.74453 14.31204 13.0949 9.89816 6.135822 10.24365 13.72813 15.03093 14.41719 11.40779 11.30077 12.64494 16.19813 19.8146 21.72828 21.90648 18.61371 17.24251
98.89948 87.50234 83.26566 82.9281 88.43922 70.73767 48.50581 31.36535 26.79625 30.60804 38.55912 44.51454 47.47647 40.06807 31.39325 28.02313 30.44517 36.72865 32.26699 28.13898 24.51142 27.5297 30.61096 27.29834 23.25496 18.72438 20.55485 22.35433 24.10732 25.12851 25.64901 24.89862 22.07699 17.87455 16.98359 16.46577 16.50768 12.08004 8.030485 9.962796 14.2663 20.1506 11.04029 5.826241 6.45658 9.360449 10.87744 4.573384 2.294773 2.69979 11.62097 19.68761 26.47245 25.28241 24.28928 32.05871 35.31261 35.55615 34.33672 35.50893 40.26862 42.73455 44.1633
114.9197 90.24416 118.882 141.7056 155.8079 101.4091 40.52724 22.21438 29.57331 54.04678 52.7835 46.78172 33.67217 28.20967 27.46169 37.92479 40.54007 37.92346 28.66523 26.4452 34.78246 41.73402 44.01014 28.97019 23.25465 23.75538 30.81395 30.92261 20.6064 15.15465 13.55668 22.50937 30.59251 38.09594 27.58904 23.71519 29.79089 26.3701 19.36259 7.504677 5.202503 9.270818 11.36025 11.20291 7.675403 8.575894 9.602255 6.704101 6.721196 8.68179 18.34445 22.42259 18.12399 25.51432 37.21257 54.45351 52.1169 36.72858 32.30814 36.55789 53.81293 64.04002 70.75799
95.28527 95.34476 103.5636 97.548 79.39754 51.84031 47.98835 60.41659 89.80645 64.11846 40.9194 29.16006 33.03056 43.01315 52.68264 46.2561 37.08547 34.11444 43.80126 43.62129 38.62304 30.42822 29.79895 26.42512 23.42855 25.83967 22.59916 19.83039 19.60221 32.83394 32.39542 22.38358 22.82117 31.37176 34.32595 15.39137 11.1857 14.84928 25.3815 29.95463 28.12668 22.09081 16.33007 14.68613 14.27437 13.66315 17.59036 21.62171 25.27833 28.64488 28.77761 26.80219 23.69293 30.32773 35.09157 32.76157 35.62088 50.39356 74.12899 87.86221 85.89406 78.99549 78.03835
63.26803 74.14849 87.70137 108.5641 113.3644 78.72978 67.57524 50.62125 38.35166 41.25034 53.80788 59.00782 56.97715 47.84286 42.10188 35.67111 33.70468 41.35671 49.76395 42.29714 34.86567 43.37886 54.76066 42.13205 25.88773 26.42239 26.94322 18.66674 15.1398 29.90921 37.35188 30.13186 23.66987 33.38668 37.74425 43.97613 38.98737 9.683015 3.278572 10.39807 19.33588 18.38635 6.20012 4.31486 5.702097 3.333356 2.433862 5.916555 13.32097 24.18666 22.70741 23.0313 31.47935 54.37255 51.76126 50.4327 63.22348 102.9702 122.9384 98.63103 70.34536 78.37866 97.93376
91.65248 81.76884 61.39688 70.16692 77.52197 67.51007 51.5015 61.11434 56.97404 44.21209 37.70672 34.6662 36.66254 42.45583 49.07387 49.43002 60.89949 58.30645 46.33507 34.59678 44.44161 53.44829 46.15607 26.3026 13.7022 25.74743 31.12756 26.44799 13.59076 11.60304 16.84984 48.25729 75.10324 40.14816 9.122934 14.50499 34.40468 45.15632 5.479651 1.507249 6.578601 9.105957 0.7834128 3.754888 9.31982 8.958505 3.696568 8.061573 16.72299 25.34142 31.15096 32.7444 38.48819 49.92734 56.86672 63.24309 85.1518 109.9818 105.3992 95.13278 98.86154 114.8615 103.7681
120.8332 94.0491 84.76421 88.8578 85.96745 76.75992 70.37116 72.07984 55.568 73.9864 68.60744 44.80439 34.2243 61.03691 80.6797 51.24735 47.33806 43.17603 38.87598 42.96762 47.92247 29.08363 25.92776 29.10246 35.70348 39.70912 33.1734 24.86294 53.19029 46.48764 24.74444 27.19884 63.50517 57.26167 9.762053 3.66638 9.556316 8.74544 0.5703934 1.609946 14.0734 5.24859 0.9447863 4.318493 9.030311 7.708498 6.002263 9.655272 7.766965 13.94888 30.42657 48.35295 53.10395 62.49503 74.10934 91.87534 105.8184 108.3072 103.5029 120.7955 126.4675 114.0555 106.0958
104.6674 79.8306 136.43 169.7417 162.6144 126.6155 79.06013 30.56494 17.10284 59.76966 80.28419 62.54101 42.0547 64.58156 88.58893 58.87919 56.5279 40.8732 30.13123 40.27888 23.12882 21.2009 23.35346 13.97346 7.597356 16.27162 32.54422 10.35841 5.618678 5.806565 3.937228 0.8735595 0.5070541 1.234037 5.878198 19.16607 15.24454 4.848528 1.560919 1.449993 1.648384 1.248795 4.293402 6.46604 4.940423 1.574764 5.024389 10.15354 12.4019 29.08541 53.07939 65.53066 55.02914 75.64041 79.16854 100.7936 120.231 125.9415 131.732 138.6788 127.4934 133.2528 144.5436
81.87786 57.23152 56.65099 79.46883 70.63029 46.62666 72.65077 77.32699 100.5054 102.1899 58.53843 35.29178 50.55576 57.34393 44.34539 74.62504 120.5311 37.87361 30.98115 49.00358 26.38273 10.10439 6.494934 9.883377 15.22816 22.95042 28.20377 23.9847 20.88327 39.00459 58.61311 22.24874 0.7082954 0.08517163 0.5089024 2.078292 0.7677558 0.786543 2.502588 1.393223 0.2408975 2.629043 5.606155 4.949439 2.493803 3.413168 10.63686 24.55886 27.0311 73.90573 90.30982 82.68251 102.2607 105.992 108.2914 146.7529 166.6255 169.1436 181.5657 182.8742 170.2349 174.6588 167.8677
146.2724 29.61641 28.68253 77.57147 79.21914 74.94913 69.08617 84.30103 97.03546 85.70873 54.38402 57.04685 120.7097 148.0701 104.5829 148.5371 216.2296 72.2891 27.02295 12.42954 8.443737 6.012651 2.318776 4.819611 13.94649 14.48809 43.94734 79.7075 45.41769 0.06486054 0.001214414 0.0004760856 0.0004103857 0.001634529 0.01244703 1.314957 0.5316848 0.1329426 0.254383 0.7215994 2.431906 3.744702 3.69316 4.109721 5.828698 9.370922 28.62868 83.34369 93.01823 120.3424 184.4146 171.0828 193.3043 207.5797 245.1126 306.6263 317.0115 310.2073 303.9721 270.8368 245.9613 242.7137 210.1871
45.17501 22.23063 60.83306 79.06774 78.18385 92.1311 97.22933 86.76639 98.15651 113.423 108.4063 129.3477 186.661 186.4317 118.81 69.95892 61.83023 104.7041 58.11241 17.90752 4.0783 21.48934 15.97847 6.90485 7.322557 10.13513 66.11308 103.8434 33.35595 0.07411266 0.0004205878 0.3642521 3.378794 10.35622 1.64281 8.751927 19.82664 6.93223 1.3016 2.512294 5.782445 6.820506 5.394489 9.247263 22.43815 29.9755 28.97062 96.32574 189.1928 196.9993 220.2969 145.6894 219.9862 332.641 376.577 363.5174 339.3016 334.9985 321.0224 282.799 257.2068 239.4978 216.2664
19.45115 19.74332 36.74667 21.16792 11.65961 29.0633 56.31469 113.0489 118.8653 94.6382 99.29929 123.9282 136.3146 94.24031 31.82462 24.8567 9.345716 12.01842 71.7838 51.07396 5.772477 1.869715 12.11812 11.72656 53.76482 111.7036 20.63736 14.67231 38.03798 49.73678 9.212234 1.317264 14.45457 12.03414 0.8960153 0.4829665 1.151147 7.213978 24.56002 18.91025 11.9946 16.73215 16.85471 17.33002 34.05569 53.21529 68.32443 126.7321 158.2748 118.1208 129.9049 161.6134 217.3255 301.9341 320.1335 287.407 284.8384 260.4603 227.3696 219.1951 204.4815 200.3662 191.5366
4.246965 1.362545 0.8470721 0.1631992 0.5325203 3.915537 4.610395 31.78107 52.85987 15.09442 45.9122 61.64503 74.76723 72.69249 33.94894 15.73287 7.022837 5.217953 3.712538 28.56928 17.33661 6.248242 8.992007 6.454208 6.380529 19.48699 9.271438 1.484856 6.116585 63.64774 63.89735 1.644859 0.08962093 0.03205181 0.4040305 1.655801 1.245427 35.78085 69.92088 38.35934 44.54046 36.25714 35.35113 43.66324 51.18097 61.52072 105.6994 150.0733 211.4458 199.3631 150.4895 177.4914 197.3878 202.4902 196.8182 178.937 195.3866 165.0576 163.5615 176.6258 143.793 147.4394 142.0067
0.04123092 0.06450199 0.1376029 0.1070871 0.119416 0.8867932 1.66031 2.709094 1.956896 1.124512 0.9476644 1.080703 2.752614 4.334807 4.761601 2.051201 1.830202 5.970817 6.180925 3.952444 21.84969 19.88479 15.1248 6.384286 0.9792811 0.7766485 2.033468 8.229014 9.724376 7.040376 26.7107 133.7192 132.143 68.14323 114.6485 85.99137 132.5674 137.1378 7.339455 14.93289 82.20615 45.78688 47.44243 92.74633 91.24709 91.96307 132.622 148.5822 161.174 148.4803 134.3728 150.6278 130.4175 143.7827 153.5196 140.5658 137.9791 122.8469 131.7206 122.3817 121.3522 115.9386 102.4361
0.01165029 0.01546116 0.002207977 0.0445115 0.03854563 0.08773898 0.1415678 0.2676379 0.1580337 0.1478567 0.2236203 0.05836546 0.2663589 1.033232 1.082251 2.667628 2.803573 2.552696 5.255955 3.199632 3.656339 2.756134 1.25672 0.6677716 0.3633688 0.2761442 0.01906924 0.7222937 7.325437 16.402 12.81661 15.86647 46.58228 42.25964 41.43556 19.00422 71.85838 106.2016 41.4279 71.48509 65.52429 55.30403 82.35749 111.6736 119.6479 108.8293 118.9947 111.016 96.06313 88.35429 92.62216 103.8176 110.599 128.4001 107.0464 105.4679 107.8911 94.51013 100.628 75.47266 88.53783 73.93996 64.24371
0.0166857 0.02557936 0.008217828 0.004646387 0.09162437 0.07008284 0.02643662 0.05545245 0.07109866 0.03134535 0.02019799 0.00933132 0.1055916 2.266937 4.808914 1.750823 2.311692 1.569103 1.949381 1.476383 0.3828902 0.3939877 0.9710103 0.5390368 0.2454344 0.333773 0.6421775 1.616978 2.748755 8.277131 20.14129 62.1372 111.2676 51.22436 47.74804 38.6248 34.33332 39.38503 55.09193 36.77238 21.25838 57.33547 59.79998 67.08894 136.3609 119.65 87.23526 80.07114 78.60664 87.21597 97.25855 103.0909 96.59861 100.0431 90.56197 96.88153 75.87237 65.07281 72.92106 57.70934 63.41388 44.58163 54.63681
0.01043611 0.01388066 0.006734876 0.0005165554 0.000646773 0.00183033 0.001121212 0.0003651238 0.002838249 0.01108861 0.002171072 0.01113648 0.005490929 1.423953 9.714335 2.98758 1.134643 0.6329235 0.05233124 0.04114654 0.03056862 0.04508729 0.8477261 1.179711 0.5467908 2.211354 2.866044 5.471582 9.402085 9.033978 12.861 40.33887 77.3336 35.95572 35.40721 30.40702 40.19851 42.83313 38.83604 29.68816 35.07825 67.44296 61.48088 106.0457 121.0378 115.1991 107.0013 114.9759 115.924 124.268 120.5817 124.54 113.7601 88.51755 76.14069 55.05788 57.37188 54.09977 45.1065 38.72467 44.16469 42.56935 42.6178
0.006932059 0.001934184 0.002322934 0.002127258 0.0002854372 0.0006970236 0.0006336866 0.0003597258 0.0004582712 0.0002180486 0.01579624 0.01344535 0.004354426 0.1741772 2.520734 5.233703 0.2488509 0.1917825 0.04267919 0.001485273 0.01597312 0.08666395 1.233927 3.461509 3.855525 4.265266 5.360045 10.16649 17.42765 22.1985 27.72096 44.31355 50.3898 53.69302 31.8583 17.55653 27.09543 28.12833 38.20631 82.54656 113.7388 118.5878 152.6314 135.1815 121.8311 176.8734 140.7269 154.3718 141.0206 138.5737 125.0407 93.69083 74.8112 56.56402 60.88877 50.08839 49.50847 39.06978 42.88262 43.93409 40.86702 48.05363 44.83498
0.002494981 0.001537331 0.001763732 0.0007538559 0.0007754604 0.0007006737 0.002368499 0.003225629 0.002473747 0.001313549 0.002031177 0.003110665 0.008840861 0.05267372 0.531628 12.77618 0.3234721 0.7224104 0.1446726 0.07014924 0.7480171 4.14492 15.49891 16.82806 10.47929 14.11026 15.59472 9.161794 22.71796 28.23976 38.02773 79.54417 56.18561 57.16896 55.26824 33.7532 39.47435 27.04111 30.46317 109.9092 125.7033 169.5498 177.3819 83.8559 134.3823 161.0248 170.467 171.2041 128.9522 111.8746 94.17085 68.60346 54.65145 45.34066 40.65125 36.99758 38.97793 36.11015 36.73885 33.12075 42.38974 42.04541 44.15184
0.003331116 0.002395113 0.001180146 0.001147519 0.0007347255 0.003326309 0.005520074 0.006268518 0.00647673 0.002531732 0.0008249812 0.006639915 0.002191246 0.1296335 0.8822933 11.14844 0.037429 0.2026672 0.3385 3.007917 30.05491 33.84844 30.78196 36.23939 46.04611 38.44263 43.79399 25.52707 52.7748 59.59311 105.9792 121.3963 114.883 136.5376 137.7199 94.83698 72.3324 51.48229 45.12946 104.5022 174.2304 217.4296 209.8822 161.8323 162.6573 212.229 217.3684 157.1201 144.5183 116.8469 84.77316 73.2194 55.86909 54.65721 47.87159 47.70583 46.28686 46.51892 48.48632 42.97175 51.52776 48.64364 55.37619
