trunk/PhD/0002-BaselineComparison/prec_01.asc
ncols         128
nrows         64
xllcorner     -180
yllcorner     -90
cellsize      2.8125
NODATA_value  -9999
[rows 0 to 27 of 64, columns 0 to 62 of 128]
8.800645 8.923774 9.046903 9.170033 9.29316 9.416289 9.539418 9.590509 9.593575 9.59664 9.599705 9.60277 9.605836 9.598598 9.550146 9.501694 9.453243 9.404791 9.356339 9.307888 9.271718 9.238617 9.205518 9.172418 9.139318 9.106217 9.03161 8.894741 8.757873 8.621004 8.484135 8.347266 8.210398 7.952852 7.695305 7.437759 7.180212 6.922667 6.665121 6.462996 6.297818 6.13264 5.967463 5.802285 5.637107 5.511526 5.544326 5.577126 5.609927 5.642727 5.675527 5.708327 5.860717 6.043004 6.225291 6.407578 6.589865 6.772152 6.945905 7.106857 7.26781 7.428761 7.589714
5.0187 5.21409 5.409481 5.604871 5.800261 5.854015 5.856266 5.858517 5.860767 5.818707 5.726008 5.633308 5.540608 5.419223 5.183095 4.946969 4.710842 4.474715 4.206626 3.936255 3.665883 3.395512 3.487188 3.759888 4.032588 4.305287 4.878732 5.903293 6.927855 7.952416 8.880447 9.181028 9.481611 9.782193 10.08278 9.329672 8.414463 7.499254 6.584045 5.824 5.167398 4.510796 3.854194 3.426798 3.457816 3.488834 3.519852 3.581931 4.078872 4.575812 5.072753 5.569694 6.285264 7.055492 7.825719 8.595947 9.275049 9.874417 10.47379 11.07315 11.56429 11.75781 11.95132
6.769003 6.639615 6.510227 6.380839 6.23184 6.077936 5.924033 6.173382 6.691566 7.20975 7.971892 9.099975 10.22806 11.12647 11.10622 11.08597 11.06572 9.456742 7.847761 6.238779 4.984117 3.818035 2.651953 2.194743 2.210112 2.225482 2.676188 3.7799 4.883611 6.055926 7.502656 8.949387 10.39612 10.06832 9.740516 9.412715 7.861795 6.005095 4.148394 3.092596 2.570734 2.048871 1.884704 2.25708 2.629457 3.011269 3.430827 3.850384 4.269942 4.803389 5.336834 5.870281 6.511529 7.179729 7.847928 8.651762 9.54602 10.44028 11.01992 11.12765 11.23537 11.25163 10.90205
9.428478 8.904227 8.379976 7.785923 7.052265 6.318607 5.67116 5.066819 4.462479 4.061554 3.66063 3.433615 3.554418 3.675221 4.335099 5.264515 6.193931 7.313469 8.433007 9.03056 8.584143 8.137725 6.806004 5.031632 3.25726 2.935837 2.614414 2.704659 3.618242 4.531825 6.666333 9.411305 12.15628 13.44285 14.72942 14.74912 12.23511 9.721093 7.979193 6.623349 5.267505 6.185513 7.103521 8.081529 9.179535 10.27754 10.08904 9.257287 8.425533 7.409985 6.394436 5.672083 5.536122 5.400159 6.025664 7.031902 8.038139 10.61432 13.19051 15.90186 18.88353 21.8652 26.69609
5.247732 5.45056 5.653388 6.273586 7.728525 9.183463 10.11483 10.78442 11.45401 11.27184 11.08966 10.56638 9.360888 8.155392 6.812487 5.400877 3.989267 4.005352 4.021435 4.62816 6.416163 8.204167 9.057377 9.44319 9.829001 7.750624 5.672245 4.203581 3.954348 3.705115 4.809222 6.589999 8.370775 8.97477 9.578763 9.335384 7.397261 5.459138 5.028984 5.352813 5.676642 10.65079 15.62494 20.14495 23.7567 27.36844 24.60622 18.65703 12.70783 9.580444 6.453054 4.356596 4.322005 4.287414 5.20601 6.601201 7.996391 11.50062 15.00484 19.3881 25.52942 31.67075 44.94383
8.716207 10.05362 11.39104 12.07525 12.37519 12.14475 10.39903 8.653322 7.821886 7.104733 7.386301 8.595301 9.850332 11.37002 12.8897 12.25016 10.9937 9.568179 7.896756 6.277436 6.012311 5.747187 6.125413 6.825314 7.49332 8.085571 8.677824 7.633967 6.459245 5.937742 5.938814 6.432925 9.096358 11.75979 12.41169 12.60642 11.65386 9.267187 6.923858 5.122293 3.32073 3.139713 3.641043 5.631341 10.59957 15.56781 19.47477 23.34092 20.24614 12.36588 5.942953 4.620684 3.298414 7.155129 11.91259 17.51688 24.03316 30.56229 37.19421 43.82614 50.32589 56.77938 63.58285
10.39626 10.61199 10.82773 10.89313 10.8701 10.92971 11.22541 11.52112 10.99646 10.36925 9.77209 9.202833 8.538492 7.327469 6.116446 5.79517 5.728107 6.865599 9.75526 12.52066 12.05642 11.59217 10.10072 8.095669 6.922962 7.727199 8.531435 8.778591 8.981189 8.611827 7.784899 7.097111 7.02153 6.945948 8.773478 11.03354 13.13836 15.04913 16.59705 13.60961 10.62217 8.138397 5.8667 4.790718 6.106165 7.421612 13.0203 18.78377 19.55387 16.89112 16.25403 22.7067 29.15937 36.83909 44.73222 44.13493 34.39398 27.07828 39.16459 51.2509 61.46362 71.02058 74.53411
24.0216 18.67332 13.32504 10.03571 6.746383 11.40436 16.06234 20.73432 25.40629 25.22601 25.04572 32.74759 40.44945 38.84595 37.24246 25.75513 14.26779 11.54518 8.82258 11.52203 14.22147 14.92648 15.63149 13.19626 10.76103 9.198406 7.635781 7.336453 7.037126 8.342561 9.647995 11.31636 12.98472 11.48962 9.994518 8.316814 6.63911 6.964278 7.289445 11.26028 15.23112 17.95528 20.67944 14.89776 9.116089 6.437421 3.758753 9.018367 14.27798 54.07011 93.86226 132.2933 170.7244 136.9996 103.2748 73.83788 44.40091 63.33985 82.27879 69.55035 56.82192 50.6869 44.55188
24.1509 23.08154 21.75089 19.50566 19.12899 21.08801 21.31029 20.6642 15.14477 9.519791 7.923843 7.962001 11.26837 14.14716 16.68389 20.76454 25.2863 28.34726 28.655 19.32645 12.8515 9.943542 12.78557 18.50259 20.08101 20.61273 16.90939 14.01077 12.72157 12.29478 12.55793 14.62411 17.20545 17.5449 17.17432 14.31861 11.72535 9.460156 7.768925 6.364675 19.2019 33.85891 48.83271 51.46365 29.40886 19.66784 19.77785 63.72814 120.2042 146.2035 158.5939 123.3532 107.0461 114.406 112.4273 105.7793 109.7234 113.9674 110.0182 94.34441 55.22159 42.64866 51.31565
32.31923 26.80634 23.91097 24.9419 23.90938 21.75763 17.19239 19.61549 26.69748 47.07043 67.17915 86.89153 82.74325 69.79054 45.48081 33.28621 29.16837 40.52444 44.49805 37.39799 24.27035 12.69167 13.33636 16.25857 20.69911 17.28587 15.92334 17.63688 18.36194 17.95769 14.02465 12.75021 13.24816 12.43255 11.00321 8.653288 14.02408 20.27852 22.34684 21.04889 17.50678 42.80812 66.60925 88.16007 69.98212 54.08938 87.06624 168.3393 281.8098 236.4709 180.6591 109.1379 146.888 196.33 183.2682 151.0683 106.1097 140.8564 154.1994 135.4366 112.544 94.94566 102.6543
51.53653 46.39154 42.8623 41.75668 38.90621 35.68101 32.70176 39.94775 54.01056 70.25089 88.07363 108.27 137.9017 166.8927 183.8849 164.4271 120.6693 78.0901 46.47008 31.28886 22.16915 16.06274 15.94807 16.76148 18.19362 15.5856 15.55417 19.38765 20.9166 20.54144 14.85427 13.29921 14.49891 18.04604 17.91264 12.25845 13.37011 17.14451 24.80399 27.42503 26.68711 47.52877 81.10985 133.8001 132.0425 116.1821 98.35789 125.2439 181.9368 157.9772 147.2501 156.3718 198.0833 223.4179 150.655 116.9656 109.325 147.2197 163.1497 146.1329 142.2063 140.1883 132.7146
85.84343 86.58363 79.1439 67.26334 63.72542 68.86345 77.21493 85.69602 100.1862 109.0323 109.8104 94.26741 93.92794 107.9753 142.6472 165.6968 187.119 211.6103 196.042 138.2031 49.40516 29.65835 23.56606 23.43968 20.65091 20.93599 22.0216 23.31111 20.9979 19.76415 19.00252 15.27062 12.66413 11.54139 12.94555 14.63829 17.19649 20.75322 23.08704 27.94457 36.02655 51.24017 74.2723 98.14129 118.6249 161.2581 167.3325 137.1302 165.7697 192.0275 210.6296 207.0368 179.6904 150.6718 128.6798 148.6033 150.2252 133.3488 110.2425 121.1932 138.5909 131.4212 109.4975
86.4744 88.37408 90.09969 94.82528 105.7249 109.52 104.6045 97.6311 95.25295 107.095 119.4953 125.7491 119.1518 118.6688 127.6623 134.4056 127.1723 171.6454 222.0485 214.1171 83.58679 39.42185 24.01846 20.41839 11.66346 13.89273 18.33651 19.59883 12.28378 13.82024 17.57828 20.25473 18.54642 20.07309 20.25429 20.43584 21.96359 27.04558 27.36847 28.42931 35.72517 58.94511 63.64497 66.38366 83.72004 111.6268 137.0156 151.4798 146.6126 187.0204 216.3246 230.4489 225.3169 201.42 188.5555 176.9192 156.7068 123.481 131.0441 144.0299 127.0721 73.27592 57.49254
97.06908 97.15379 100.7035 103.4315 103.0457 100.8063 106.9164 118.7252 123.6357 107.3381 88.91272 93.30526 97.87172 98.94641 116.5248 161.5623 164.3038 165.6894 212.1274 290.5262 271.7624 203.2485 114.5053 36.12313 14.9763 10.17879 14.72945 21.85139 17.28497 16.46418 18.412 20.68488 19.64149 24.49075 22.83243 19.89254 21.23857 36.73811 42.29904 43.94696 48.27877 61.97725 76.63221 91.16385 102.1426 107.2252 103.9506 130.6191 139.6438 144.1492 162.5657 200.5077 230.035 230.0703 205.8765 185.0159 183.8179 166.8829 151.0761 148.1323 141.4061 117.0243 100.2681
117.635 115.2936 114.8711 111.5253 111.4769 116.2066 115.3124 108.901 119.7514 127.0163 133.1385 143.2222 151.1247 114.5511 105.3426 116.3787 122.683 137.5902 182.5899 250.3857 240.8031 210.6134 148.1283 74.241 20.03488 6.845699 8.259307 18.42444 15.99781 11.31779 13.47765 22.86462 27.24298 29.2905 33.38943 37.81142 40.50813 40.93109 41.24025 48.07092 57.00751 67.98216 82.31289 98.38087 110.7305 109.5802 115.5946 127.6243 128.7556 129.5967 146.5408 177.3253 205.1207 231.1271 238.9379 219.3173 182.7715 154.2446 133.119 126.692 137.7271 153.1085 150.7619
114.6561 118.1965 119.4321 115.8688 114.6615 123.1792 140.4326 137.0195 138.2286 132.2405 118.1057 109.291 120.3537 132.4907 142.6677 121.8956 107.9687 124.9579 156.0333 134.2637 123.4596 122.0592 111.3971 119.6605 113.9781 22.16042 4.979826 8.665388 10.46021 9.374536 10.02686 16.11272 23.32425 44.54881 48.75444 46.62646 40.87888 36.42041 44.07113 60.20163 72.87917 81.50139 99.24809 119.2844 121.911 111.8364 118.9203 116.8475 114.0961 121.8139 148.7718 196.4584 224.546 222.1185 208.7742 184.4088 156.4857 142.5185 139.6766 132.0384 137.5816 143.5734 133.9576
167.9148 151.9969 139.0862 143.7966 139.1001 137.0884 148.3839 151.7092 146.6853 147.1529 151.0902 152.0735 146.1168 124.058 119.0248 118.0451 97.13476 112.1473 115.5643 129.1489 216.4655 196.8058 84.20347 51.41607 80.96902 60.03733 13.53253 7.440866 6.404897 7.258312 10.08024 12.48891 18.76787 31.54855 39.46574 37.71436 36.4513 52.12299 68.9063 83.9871 102.7841 118.7281 125.8714 134.7556 148.2611 144.6135 134.671 117.1219 126.3634 168.9685 202.037 231.9248 238.2152 212.8746 185.4067 167.5714 149.0879 125.0179 105.3849 112.2644 156.7717 190.6318 144.5804
180.5662 171.8604 164.1532 164.4648 166.1674 165.7924 169.9225 163.3513 150.3329 141.8862 132.3345 124.9715 127.9835 115.6139 106.1623 109.718 92.51305 87.78407 84.07336 84.95831 111.5197 119.6155 65.65442 23.98085 22.74022 29.60467 26.57301 15.90761 6.349433 5.366844 10.72249 17.00437 28.19365 39.2487 37.41154 44.41185 49.12208 56.4191 80.07588 96.93599 136.0636 186.6792 214.0721 240.7162 267.4881 261.9703 255.4866 227.8156 210.2923 226.4563 216.8695 209.0325 188.9525 163.1434 145.8784 121.0306 102.1056 103.2651 105.6909 102.6594 122.6482 172.6072 205.0687
182.0871 217.8931 200.4843 177.6306 173.2446 163.1717 161.8294 161.7962 161.8161 160.3777 151.0567 137.4003 123.5821 109.6649 96.59621 85.39401 85.70041 58.73536 67.7103 66.11415 50.42721 54.73815 54.71939 34.06334 19.33224 23.50874 25.69598 16.39504 10.12788 10.58373 20.35534 27.7695 33.33987 39.35135 40.77892 60.41402 59.24938 86.02948 180.2414 230.7351 234.3301 235.6484 235.8159 244.4907 248.7826 217.9391 214.4513 215.4759 200.2013 184.2857 162.8725 168.4019 152.3683 133.4053 126.1881 112.5542 103.3919 92.2179 72.47473 81.38279 113.1235 98.28103 77.44394
166.3938 153.6744 125.9743 138.999 147.8839 129.5504 142.7977 140.6637 141.9108 130.6724 118.6232 125.3826 98.89022 93.36436 83.7295 61.4525 72.97701 43.39678 29.26719 35.94806 26.59886 29.45918 18.25068 13.48583 20.33548 50.92158 42.29505 21.78036 20.80414 18.78286 27.53801 43.05969 43.18364 56.12655 65.98973 62.55844 57.66606 117.3693 217.9021 174.5214 176.958 195.6932 165.3964 145.3468 134.6785 129.9673 135.3293 119.8017 114.0978 128.4746 111.7416 109.82 109.4024 101.3988 98.96745 76.69705 75.4048 73.82961 51.17497 79.51768 78.56093 41.06177 27.34447
120.6448 113.8581 119.8459 117.9218 99.60865 92.53455 113.6529 112.6904 129.4958 134.5524 111.0316 114.8 86.8522 75.00994 70.66505 45.66048 47.25397 35.95068 28.31718 22.87578 18.21523 17.25714 11.98127 9.530313 16.63523 34.60992 31.101 22.23822 53.85386 54.64732 43.90398 61.12088 48.53189 48.02477 60.48459 49.4615 78.97333 187.6473 126.7597 130.1387 127.1811 102.8489 110.8517 114.2354 107.1821 103.2125 104.1217 104.2351 96.93681 93.71397 90.48409 99.18119 95.72448 89.20926 87.76971 73.38306 64.35238 45.77062 45.24735 43.98178 23.93711 25.32511 39.06325
83.77899 79.20206 79.27865 73.7645 81.29499 83.81473 88.77095 100.3076 101.3901 103.1689 91.14881 88.17781 73.39096 58.25845 44.63894 37.35774 32.00511 21.97963 20.00724 12.9335 12.48697 8.403868 8.243911 18.93688 18.22103 34.81666 118.8348 63.05765 46.19461 67.94758 49.42305 63.98019 75.31887 70.28387 53.76201 52.32373 127.6949 130.6972 87.57484 107.3531 107.097 112.4303 113.7509 92.95435 94.09879 86.34577 73.96815 78.87834 82.16139 84.01132 81.54688 79.80357 71.35228 66.09796 54.21882 51.55226 40.45518 24.20028 31.0841 15.46769 5.813968 1.825908 0.2651507
61.67324 58.12069 66.45432 62.83327 68.38822 62.3706 71.7182 100.4842 96.88353 104.759 98.42538 81.24273 65.70508 60.04323 44.01599 35.33178 30.6789 25.97481 23.90839 11.80872 12.53188 7.918204 7.591867 24.94247 41.76973 71.86615 100.9192 64.8151 50.51118 66.44739 96.44337 81.32293 52.28793 66.07034 44.72049 56.41708 100.1023 124.484 104.4131 111.4006 92.50133 95.91985 84.16553 76.68831 75.07492 70.96794 76.55675 76.31803 66.43398 71.11726 72.47932 68.94614 61.42683 56.3315 47.23229 33.53367 21.7974 15.6415 6.674799 0.9078314 0.3729973 0.0604924 0.007986668
49.68979 43.30367 59.59141 52.37511 54.14993 64.98499 87.20683 88.16856 86.75509 91.98714 79.78773 86.62263 76.14818 62.71413 53.46221 48.48936 44.19382 31.91067 26.85134 22.03915 16.97558 19.10517 24.71167 32.3533 92.32619 122.6288 55.50553 115.5575 152.587 59.90357 57.44039 102.4398 59.37342 111.0227 119.669 106.2496 132.274 117.1513 82.14142 80.75908 102.0549 76.23099 67.29029 82.14207 69.77898 67.28548 67.0265 63.20386 66.7334 66.76562 57.08685 57.27539 48.51198 30.68439 26.08608 14.92738 6.246211 3.913419 0.5599393 0.0690218 0.01838158 0.03586955 0.01800385
50.50893 57.70461 58.66118 51.77628 70.88031 65.55987 82.86187 88.29941 99.49042 98.11501 92.55576 96.38598 89.24427 79.71033 76.36243 69.07513 69.31754 67.17028 54.27769 56.32931 58.69285 60.47699 86.82115 57.40211 102.8532 146.4435 70.3829 64.87212 73.91574 96.07738 79.31862 70.06058 81.17825 167.8379 171.4235 127.9355 122.5699 119.2811 111.3003 82.81631 77.64025 88.26361 86.59953 62.30354 67.25176 83.97448 81.52756 73.87975 67.65977 62.65658 63.03011 50.5437 44.45246 30.65647 13.23009 5.314166 2.137572 0.8098838 0.02821878 0.01127051 0.03671503 0.02892252 0.009245089
44.76799 56.0493 50.00893 57.08848 63.62393 63.86386 90.75108 90.182 82.60699 84.82459 107.6714 97.0106 104.3151 104.1572 96.80536 90.53658 87.855 98.2772 97.47025 104.5273 133.2184 119.5158 112.8254 124.4352 117.4095 124.8171 74.31334 22.0854 5.260602 59.61934 102.4583 56.10109 95.48783 111.876 179.3418 160.2712 140.3286 82.5473 86.6394 120.4357 96.61198 67.55273 77.00201 87.46052 92.28216 70.72418 78.24123 82.88635 74.58921 59.70016 55.95023 44.36513 22.20127 12.06526 4.274581 1.400579 0.3299197 0.200407 0.03448566 0.008862983 0.002687547 0.006081918 0.007099724
50.36052 53.53496 56.9934 67.7845 60.65905 81.27634 87.456 89.33889 108.4724 98.45078 116.2568 109.7588 132.9712 114.5332 115.9799 117.305 130.5143 127.1813 157.6947 163.0222 164.799 168.5163 142.2513 162.7993 113.9198 63.51474 66.30839 21.57627 0.510662 1.893396 3.302323 51.39435 129.1968 115.986 115.0923 94.38393 90.39228 104.6441 135.2631 118.5866 138.2944 133.3388 109.0486 68.52157 66.7781 73.01423 71.25283 53.52489 53.02347 53.6319 32.19562 30.26326 17.36135 6.19806 1.976611 0.5985124 0.110321 0.06464712 0.01598222 0.01164879 0.007038887 0.004773584 0.005148335
62.66734 68.05353 83.4395 90.88502 99.04604 117.6418 125.393 149.1394 154.9201 149.9411 175.6725 177.3503 211.5294 214.2626 253.2218 200.044 232.919 214.322 215.5532 217.4345 200.1395 193.9091 182.7463 144.9025 130.9203 98.6426 33.63041 70.47739 53.09516 33.64396 16.2531 7.577532 1.158323 14.46075 63.59393 63.52785 90.09457 46.0595 44.23331 53.12155 75.08514 53.08566 88.15795 110.6848 72.11045 57.52687 53.76793 54.38867 39.74924 41.69233 42.99565 23.44515 15.9299 8.035357 3.04593 0.8593517 0.2017961 0.04392344 0.05716601 0.007887851 0.002076701 0.005514239 0.001894777
