trunk/PhD/0002-BaselineComparison/prec_01.asc
ncols         128
nrows         64
xllcorner     -180
yllcorner     -90
cellsize      2.8125
NODATA_value  -9999
[rows 28 to 55 of 64, columns 63 to 125 of 128]
0.001285549 0.0004823271 0.0009348879 7.642815e-005 0.0260923 0.009025177 0.004120074 0.007277796 0.008160706 0.0050601 0.01442246 0.06321491 0.0166084 1.929717 13.10028 15.13897 0.3999156 0.5361332 3.299354 14.52331 49.03167 87.58543 90.7974 80.19947 96.62448 86.61929 129.8204 65.25016 54.68916 60.12283 122.9876 165.5578 192.4009 186.9429 214.0467 190.4869 165.6535 141.8946 101.4092 132.9276 183.8504 235.9958 292.3962 261.3351 237.22 242.2823 230.5411 214.1119 211.7149 187.1362 173.2448 151.0529 133.1431 130.484 119.9036 115.8429 112.1615 109.8177 110.7116 113.0778 105.6665 118.9857 127.5298
0.01376391 0.006471458 0.01287667 0.01258565 0.01136351 0.03134666 0.007248864 0.04551202 0.03456223 0.3218302 0.4311794 1.028134 1.965377 7.931396 36.57563 14.79977 0.4163219 1.598521 4.107127 17.37361 121.3366 136.1838 123.9037 136.1266 166.8451 157.6591 142.2326 147.8859 135.8129 131.2731 243.0703 242.3633 277.9934 293.683 331.0066 272.2033 252.01 220.911 287.5709 249.8565 277.9793 296.1306 291.2243 313.9626 325.1501 312.5284 290.7008 346.0855 346.4926 326.0988 304.3346 279.2638 293.2694 274.1627 271.2721 259.4541 258.7028 264.0034 236.3975 242.3044 233.5245 243.7274 227.4
3.912062 2.894357 3.521262 7.577468 8.912058 11.14143 2.075686 1.696531 3.833414 6.732199 8.330457 8.802353 16.53981 20.41921 22.44793 8.205701 2.293263 3.383322 12.0776 86.80215 161.5682 126.3859 165.8321 181.7176 163.7773 184.8761 154.2793 171.2981 180.9827 193.5708 213.9589 240.2147 289.5521 318.1767 297.1556 291.0933 299.4575 287.4251 285.3836 265.3474 270.1041 230.0602 382.9935 362.1728 358.5346 343.3142 343.1317 349.9411 371.0345 376.6572 384.6534 351.1884 315.4546 291.1237 295.4114 286.5208 243.2315 224.6847 223.7449 217.9442 201.1437 192.4658 176.0599
30.89828 37.61557 36.86585 68.80572 99.79787 140.3957 64.88594 52.33348 56.86236 59.81938 58.73445 69.96349 79.85901 68.31501 35.16747 9.451232 9.592971 16.15924 106.0803 145.6475 126.5636 178.4774 162.9947 159.744 152.1262 151.4283 157.7404 160.3488 179.9598 231.5574 212.0202 257.7412 247.406 263.8218 283.59 317.991 242.2216 255.7823 245.8163 340.4927 289.9921 368.5349 376.9181 256.107 445.6768 351.9683 386.7639 347.6604 332.111 267.8302 249.3054 266.5512 255.5516 229.6707 150.7561 136.7221 142.7838 123.0186 91.87832 84.20774 71.7393 76.62641 58.30387
16.48154 30.34718 46.69839 65.90533 108.3535 211.86 196.6461 141.6315 147.2558 158.5929 184.5971 286.6852 180.2912 188.6528 150.6269 20.49279 19.44192 102.2231 94.85741 169.3122 211.2715 238.9521 199.5438 228.0652 231.1928 195.5305 176.228 186.2491 201.5727 220.5389 218.4273 223.7778 224.0865 264.6818 253.1117 267.0212 310.7101 308.8843 268.9258 255.1191 254.7838 306.0841 232.9928 283.7953 364.3246 220.3215 363.7881 329.4267 323.176 238.6403 195.9917 156.5182 146.9917 155.2061 149.8138 106.1528 66.32628 77.68277 56.92294 58.31234 43.29866 43.24091 39.30248
106.6123 132.6334 121.9487 152.8402 184.5743 205.6472 260.5959 225.0326 222.2106 222.085 232.9935 356.4841 237.964 254.2 183.4597 34.67334 56.4569 175.3822 160.1786 249.9842 253.4622 279.8588 318.1208 301.8679 289.6272 314.7538 294.304 293.6938 285.0338 284.2824 296.1753 268.8311 267.7805 258.8881 291.6389 332.4068 336.4368 340.6983 286.0068 259.5929 295.3326 259.4069 260.7749 372.5976 278.1639 202.1384 325.7646 293.4875 346.8081 391.8923 409.484 271.0583 203.2346 119.3724 121.314 153.6526 98.01263 105.3806 91.4491 91.88982 87.57304 78.50471 70.17384
167.2 176.1183 189.4796 217.7114 228.4946 266.5655 272.1656 277.5398 255.9506 290.4995 270.3296 249.6654 249.5529 268.9094 181.4341 60.51197 148.2392 129.3703 244.6114 300.1005 367.9063 356.102 318.4216 352.0452 357.7299 331.7037 318.1574 317.4422 318.9879 310.9987 282.5046 281.7385 293.1954 294.3169 296.1058 304.9486 298.095 345.9881 310.3123 354.2593 290.0226 323.6536 316.6428 300.5764 248.324 265.2793 247.4042 263.3548 280.9243 298.8951 276.8937 235.7777 327.329 276.877 154.3542 173.1921 173.4378 153.0784 183.269 192.6509 194.6893 183.0577 183.1251
106.7976 116.003 140.9553 134.6817 213.9252 185.0543 180.4521 235.6555 257.2741 272.7659 291.7269 270.065 297.9829 233.8035 192.3719 125.1741 180.0894 274.9574 304.5319 317.4958 327.5064 291.1507 290.5279 268.5355 254.7454 259.2883 291.819 295.0669 263.4529 272.5441 258.8036 261.4575 214.4676 242.8677 226.7158 234.4632 250.4265 239.2048 225.716 256.8769 235.784 265.6591 243.1077 293.9757 285.1973 250.5892 264.3205 292.4519 284.5928 287.2503 298.5543 210.8631 170.5044 167.2372 197.7621 231.5428 238.8996 255.2765 278.5939 290.2083 302.2032 305.8008 318.0725
48.31653 59.23411 58.86477 58.53661 104.6945 83.57938 198.9764 255.9314 252.2298 285.7498 304.7961 246.2642 238.7615 270.415 260.3728 194.4853 166.6095 250.3781 211.9249 257.8619 259.9576 214.8912 217.2845 190.8547 203.664 203.1954 174.6192 199.39 206.1278 215.0511 183.7405 186.8045 164.9372 166.6333 149.1781 157.0513 140.3787 168.7421 175.036 162.7215 176.7716 189.611 192.1373 184.9084 188.1072 234.1138 257.2153 231.7947 274.3909 246.1395 211.2161 349.7463 215.8742 165.0211 243.2465 229.9715 241.6928 256.4688 258.2356 286.4109 298.9346 306.686 324.6482
52.95337 66.61579 51.73236 59.78569 47.45277 41.26855 232.9655 241.3267 305.8521 304.6924 288.502 267.791 258.9896 284.442 251.7462 221.3073 211.6082 289.1622 279.274 178.269 161.901 172.5845 134.2728 150.5008 120.705 114.4328 135.0751 145.6606 134.7644 138.3558 131.4135 117.7237 110.9681 104.7312 91.38464 98.68896 100.578 102.5131 96.72665 103.8573 120.4525 121.3304 140.22 165.1974 237.4551 271.8449 290.2639 280.0981 280.8667 262.6884 241.145 211.4071 283.5387 273.1553 190.1982 226.0535 251.4629 224.0458 232.1638 239.8798 241.2641 252.189 260.3355
53.71321 52.88469 41.30965 44.57623 48.158 56.17706 233.2837 272.8191 330.1049 286.0825 244.1834 297.2203 316.9279 245.3912 183.3376 191.9596 219.2133 312.5182 315.1154 123.6129 134.3319 156.529 106.1767 125.9814 93.59407 100.2364 86.69811 87.4669 93.88865 86.36587 85.27518 82.68793 78.57201 83.88722 86.32993 68.83504 65.65295 61.78646 69.33273 77.43743 78.28405 115.3356 153.3685 203.4635 227.1588 275.4269 309.1729 253.6888 230.9268 246.5075 255.7167 254.9164 281.6543 235.441 224.4145 264.6605 202.3313 204.1339 201.1285 184.6156 190.9648 205.6381 210.6756
58.80556 39.86855 47.39821 26.74095 38.16221 22.03066 107.2329 329.8179 267.5714 219.1608 221.1458 243.7114 283.7618 222.5215 156.2839 246.5921 170.8831 313.165 259.3844 107.3765 145.659 130.4771 103.9614 90.24401 74.74908 87.09245 73.03109 85.6552 79.11327 72.84471 70.42827 66.59705 70.48679 58.5972 62.85864 58.66756 56.53092 49.98399 50.70684 51.80533 63.75961 113.9221 179.0028 238.867 226.966 222.8617 231.2802 213.5663 215.749 189.2569 178.1292 205.765 231.581 244.8952 220.0549 203.4505 181.1308 199.0581 170.7909 196.3818 199.7495 180.8383 173.8925
46.59898 26.37312 32.2796 11.10598 28.99724 20.69973 19.41109 227.7417 241.5651 188.2562 213.7218 231.7575 260.8487 195.169 208.5314 171.3129 153.6255 238.3529 162.4833 135.4134 138.8831 126.0653 113.2864 98.4971 82.7127 72.09995 68.85854 78.48421 60.67863 68.12341 67.2674 51.57864 57.60413 51.46077 50.82474 42.59505 40.16042 34.33524 33.44061 34.74629 42.86561 61.26654 166.3964 238.5818 203.2374 175.0593 171.9689 161.3408 156.009 121.6838 123.8409 140.0628 160.78 208.1779 206.1981 166.1275 172.1431 144.792 148.4778 159.7705 157.1342 159.6174 136.9331
40.11879 22.72409 25.9945 11.86699 11.15518 17.0444 5.7561 79.27973 181.2438 170.2988 195.3164 292.6491 399.1625 179.485 170.8914 135.7515 159.8455 180.3994 150.0392 164.4309 142.8599 139.5664 117.1536 104.5325 97.90771 85.55067 80.00666 71.24297 77.66556 56.64849 48.45607 49.69487 47.80176 40.1341 35.61184 28.98821 26.9069 24.31209 23.13892 20.63865 26.58562 28.72628 103.5469 168.8359 150.3244 131.584 130.1616 143.5328 124.1592 82.37796 69.0657 83.56909 131.4753 166.5485 181.1964 193.9153 129.7262 97.70779 147.2782 124.6367 130.2487 146.7169 118.6609
36.21299 22.38717 18.50659 17.64064 13.04235 15.10349 1.481508 8.671145 73.57011 129.8829 181.4428 357.4683 370.2465 128.9396 136.9751 119.2983 131.5965 138.1606 133.2696 154.8187 133.7003 142.6562 127.5387 124.5901 108.6893 93.78942 94.26817 65.85361 69.81756 56.43008 57.87011 54.00246 40.01228 42.71253 34.63209 30.37591 22.67607 15.66041 16.71863 13.29258 17.83388 15.60447 41.88314 97.7047 118.8739 113.0231 91.43174 78.43878 71.69158 59.08209 47.45481 57.72697 105.96 120.0556 130.4428 187.7113 148.1161 93.13788 92.4462 92.8588 119.2957 113.2629 113.7938
47.77682 39.34235 26.20761 19.05458 13.0591 24.35621 14.71847 1.785383 23.9209 119.9058 208.0458 274.9295 107.7364 78.11649 97.74368 79.78423 99.68066 108.5582 103.4509 118.4326 113.1406 124.4475 107.3768 102.7515 100.3556 82.15257 86.56149 77.9033 74.70381 64.83446 59.88821 50.49272 47.32307 46.08074 33.34367 30.96289 26.89447 20.6321 18.64859 13.18348 15.06141 11.96636 13.12751 39.42508 72.63001 72.36237 59.185 48.14309 38.05178 36.00941 39.91619 53.24389 66.17312 82.86841 140.4093 205.2773 128.7964 100.5417 92.76134 97.92747 99.93768 84.05292 100.8236
39.72201 35.2732 33.721 30.66453 18.89323 20.13919 41.58631 37.18367 32.0029 46.20335 48.2004 60.37811 83.83719 80.79248 69.68961 57.04562 76.03639 70.0368 67.65266 82.51414 76.83132 92.32774 91.72706 87.511 86.34938 72.89093 73.40131 68.5414 63.66578 55.68152 53.47505 55.78151 51.59524 43.15773 38.15714 35.23491 27.04892 23.597 18.31735 16.45997 19.56141 23.0206 20.75955 22.07085 29.13893 33.82219 33.01409 34.62682 30.20267 25.06769 23.34842 30.33955 39.77089 58.60523 126.4695 152.3206 97.81937 105.9164 89.60635 68.38172 74.88289 81.98524 82.21367
53.06785 48.21342 37.24084 37.5021 38.18926 31.19646 35.04388 48.92892 62.29725 74.41031 81.93565 81.70849 78.45142 74.88259 75.16781 79.898 76.48997 66.27908 76.00178 74.75172 64.71619 67.33363 69.95484 70.95679 70.51511 70.49256 69.65665 67.51826 66.29993 61.64566 51.99715 50.74915 47.67365 47.86117 48.61716 41.57586 36.51321 35.79207 30.2432 25.2768 22.3035 22.58986 28.41421 33.71685 34.67853 36.52073 31.39401 26.57489 26.52325 31.22242 21.09815 18.19282 22.19787 44.19608 88.7176 98.56641 94.0691 86.94574 76.99613 79.78616 88.98307 80.65836 68.9962
61.06158 67.62737 60.50137 51.58864 50.45277 44.02097 37.13416 36.06487 39.97428 42.9685 43.03406 45.69801 54.78926 63.86425 64.94168 60.67137 62.15076 68.5252 74.54942 75.9516 82.36237 81.63374 79.38185 83.18761 80.14909 73.2953 70.4379 69.17119 70.40318 74.34089 70.43745 68.88361 65.21199 57.76476 55.61388 53.21133 49.91156 44.20069 38.52805 37.95086 36.38403 34.84736 36.14105 35.81931 34.01049 36.54957 38.29697 39.82043 39.94192 36.90976 39.75803 30.65364 28.0424 43.48539 67.30322 78.97192 89.76709 92.61212 92.73947 94.46185 84.86179 79.9806 87.87053
87.35686 82.01296 87.1961 84.35078 78.2475 75.40339 71.28848 62.75514 55.82606 51.69034 50.93886 56.82347 65.32275 69.37411 73.05277 72.66392 68.52152 69.11469 67.90573 71.1053 82.61343 84.55312 85.99933 92.86555 92.78947 91.7005 94.99706 92.96304 84.79948 79.73329 73.94891 68.30074 67.36482 66.40314 70.26726 75.94016 75.76079 73.34564 69.62038 64.71236 57.5188 52.53317 53.21245 57.21788 61.63768 64.09142 62.11543 62.66972 61.42563 64.18597 73.28912 69.04144 77.92383 80.75594 80.5548 84.58219 93.30177 97.28229 106.0069 115.5283 122.0401 153.7059 154.3438
89.77291 78.69148 86.92985 91.20534 87.5437 85.58445 87.83396 81.83215 83.1553 84.1519 79.80904 76.01063 73.5379 70.35519 77.48256 84.69342 83.93769 86.18576 89.94459 89.99127 88.27465 97.92952 97.95578 89.27229 81.56634 81.1011 85.74789 85.69482 91.36343 96.44417 98.1086 96.20457 90.40798 75.92316 67.83374 65.27848 69.77879 78.6731 83.65559 75.02438 79.83009 87.75344 82.39993 75.90192 74.21581 74.18407 77.55278 85.08099 80.22428 79.47775 81.77431 79.93065 75.43513 81.36957 81.97353 88.27245 99.98424 113.7519 126.3972 134.0061 147.7814 135.0806 90.66151
98.70184 88.83925 87.86388 82.16079 80.50681 87.04521 94.83347 88.40518 90.8147 90.16941 83.74873 86.80692 96.72509 96.91514 87.75077 89.06125 87.54032 87.93433 90.00047 90.85488 89.22577 96.27409 95.22019 90.02978 91.17792 98.55946 100.2567 95.64336 95.4821 90.72563 90.37044 96.22215 100.7339 89.6302 83.47064 80.07422 75.16767 73.77125 77.17768 77.51878 80.86026 82.88069 80.72911 86.41924 96.12769 95.03812 87.40833 88.21697 81.98473 81.75503 89.01129 95.7405 91.0544 90.71116 91.3513 95.66595 104.3813 112.9689 115.0435 121.6436 114.1188 95.04243 78.31644
75.41187 75.42837 80.3377 76.49413 73.18748 74.57107 74.24649 67.1356 72.29188 82.58034 84.81428 80.54751 80.3643 78.96405 77.10245 84.25731 88.5349 89.50081 90.38052 93.77796 92.68435 93.17229 92.47153 89.93857 86.23402 82.92276 79.22762 80.63457 89.20367 92.10045 94.36715 95.54017 92.4051 80.15933 74.05595 70.34514 68.95638 70.22067 76.11494 77.28512 79.6123 83.95733 89.88324 92.07966 92.30568 90.72475 88.26461 87.42142 81.38697 73.52284 67.5719 67.51909 80.33038 93.14835 98.10764 96.26584 95.86388 93.03992 99.93076 111.4117 119.5084 103.1059 100.572
78.57301 68.90881 73.32458 72.3899 68.76041 65.09175 70.31316 69.50648 66.09717 63.51068 72.00766 79.35949 84.25562 85.3855 84.19219 79.29761 73.85726 71.02667 73.78021 73.90846 74.41145 78.28921 88.04086 89.22904 85.5588 80.73521 79.80216 74.41528 67.798 63.17373 66.30946 67.77903 68.56474 69.64893 71.72128 71.8912 72.74963 76.88754 74.58701 70.97182 71.44199 81.39755 84.40076 80.64094 77.94251 84.12989 83.19932 78.96462 75.64277 77.45072 72.60929 66.78353 64.20247 69.09513 72.55509 77.19095 81.53445 84.11732 84.89781 88.3713 91.64703 91.83428 97.10197
53.6764 52.14074 55.58926 56.97981 56.41498 53.39917 55.76616 58.61882 58.21272 57.01982 57.22864 59.05021 58.68695 59.69444 61.69086 64.31411 65.43285 68.5126 75.92583 79.21909 79.70538 77.54492 72.89053 64.35863 56.13555 54.85945 59.10987 61.98147 60.99246 64.79236 65.4961 63.55994 61.13041 62.2159 62.91197 59.13442 58.70766 63.46209 73.89819 77.71543 76.95836 73.24193 69.94257 70.77267 73.31341 76.60345 68.3403 63.38517 63.31518 66.72221 62.659 55.45858 51.70323 55.10503 59.02336 60.8454 61.9054 62.61199 63.73024 70.3674 77.77264 82.6051 79.40852
53.94546 52.88032 54.14497 55.66451 57.56636 55.49892 52.98335 52.64447 54.18844 56.98765 60.40296 61.79379 60.14791 59.99254 60.78009 63.8488 62.78117 58.956 56.73468 54.68679 52.89902 53.95637 56.49399 62.1076 62.28716 58.84401 46.01385 37.64069 35.95305 42.99802 50.68418 52.20248 53.50401 54.66101 61.19844 66.48934 69.91044 68.39188 65.095 59.62454 57.90342 58.68186 59.76641 59.22527 56.24557 57.37108 61.29226 72.29093 75.43539 73.3437 62.37788 55.75782 55.65638 49.80241 43.41956 40.67372 43.91859 51.15727 55.35361 57.86503 57.84906 58.32036 60.26307
45.59045 44.51768 41.98896 40.71188 41.31225 45.43971 49.49366 49.72651 47.74784 44.29482 42.68433 42.3432 43.90609 48.49419 52.99273 54.10782 51.90024 47.47753 50.27217 54.64618 61.38926 58.52043 51.95363 40.20692 34.93887 33.98993 43.55072 50.48394 53.47578 50.99247 48.22018 49.76713 53.06742 57.53661 51.52477 46.31236 42.29907 41.95963 42.3758 42.14059 43.96987 47.17547 52.52745 57.09488 60.48547 65.07915 69.43863 71.65826 68.1754 60.89089 60.21679 59.5176 58.78077 49.28959 39.8258 39.22592 42.19401 47.54076 46.70756 47.5456 50.89055 47.13734 41.8611
50.5911 58.46123 57.96346 55.32069 45.17046 38.79475 37.13718 40.26828 45.79372 51.44991 56.7424 58.9946 57.69215 49.28042 43.57294 40.02887 31.78534 22.19911 16.96486 12.44454 10.42301 9.452808 9.796769 12.21746 15.67651 23.70214 31.24868 30.39587 26.8423 17.88723 12.89274 11.06671 10.50965 10.31516 8.300752 6.901721 7.6565 10.25935 15.17227 17.12555 17.599 15.53535 13.43755 13.60363 14.91904 18.53308 22.90813 27.892 30.79063 33.09349 25.32301 18.46404 14.79533 14.74691 19.22384 32.52091 50.22806 46.31052 40.64313 42.60162 48.77297 63.37008 62.50625
