trunk/PhD/0002-BaselineComparison/prec_1.asc
NCOLS 660 
NROWS 360 
XLLCORNER -20 
YLLCORNER -30 
CELLSIZE 0.1666667 
NODATA_value -3.4e+38 
[rows 248 to 278 of 360, columns 280 to 349 of 660]
234 236 238 242 242 242 244 245 246 244 241 247 251 253 260 264 274 285 298 304 306 305 302 299 294 291 281 268 264 262 259 248 243 232 226 223 221 220 220 213 206 199 196 199 213 224 228 243 258 267 282 295 282 280 276 273 271 270 269 266 260 265 256 254 248 244 239 237 232 224
242 245 248 249 247 249 253 254 254 254 251 253 261 260 260 265 274 283 291 296 298 298 296 292 288 282 276 264 259 269 250 244 239 230 223 221 220 221 220 215 211 208 213 211 236 233 232 249 261 272 281 290 285 284 283 281 275 274 271 269 264 259 261 255 252 248 245 243 237 233
254 253 256 257 263 261 264 265 265 264 260 262 265 265 263 267 272 280 285 289 291 291 289 285 282 275 268 263 255 250 238 235 226 223 220 220 221 221 219 218 216 216 223 221 279 265 256 262 269 277 293 291 291 290 289 287 281 277 278 273 272 269 265 262 259 255 254 248 239 235
264 265 265 267 271 273 274 277 276 273 269 265 267 266 267 269 274 278 281 283 284 284 282 278 275 268 263 255 247 243 229 231 221 219 219 220 221 221 219 220 221 222 229 243 290 289 279 277 278 286 292 293 295 296 295 291 286 284 283 280 277 276 271 269 266 263 260 253 247 240
271 271 272 275 279 284 286 293 289 285 279 276 272 271 271 273 275 277 278 279 279 278 276 273 269 265 261 254 251 243 224 223 220 218 218 220 221 221 222 223 226 227 234 236 292 293 290 288 287 293 295 297 299 298 298 294 291 289 288 287 283 279 277 292 273 271 263 259 251 245
273 276 277 280 284 291 298 305 297 299 287 280 279 273 272 274 273 274 275 275 275 273 270 268 266 261 259 256 249 229 221 218 217 216 217 219 220 222 224 226 228 231 235 246 289 295 296 295 295 297 299 300 301 301 300 297 296 294 292 296 288 286 283 278 277 272 263 256 253 247
274 275 278 282 288 293 300 304 302 301 295 287 283 280 276 274 272 272 271 271 270 269 268 264 262 262 260 253 246 223 220 217 215 215 216 219 221 222 224 226 228 232 238 252 287 295 299 301 300 300 302 302 301 302 299 302 302 300 297 297 295 290 282 278 279 269 264 263 255 250
271 275 278 279 286 292 298 302 301 302 298 292 284 281 276 272 270 270 270 269 267 265 264 263 261 260 258 252 237 223 218 214 213 214 216 219 221 221 223 224 226 232 244 247 284 298 303 305 304 304 298 281 300 300 298 304 304 304 305 295 291 288 287 279 276 271 273 262 257 256
267 271 273 276 281 284 292 295 298 300 299 292 285 279 272 270 266 267 267 266 266 265 265 260 261 261 257 252 227 219 215 212 212 213 217 219 220 221 219 219 222 228 242 247 271 300 307 307 307 296 291 276 297 299 293 304 305 303 298 296 292 288 286 284 278 278 269 267 260 253
262 263 265 269 274 278 288 289 295 294 296 292 284 275 268 265 263 264 267 265 266 268 264 261 264 263 257 257 224 219 213 210 212 215 220 222 222 220 217 215 216 222 232 243 272 300 307 307 306 270 272 280 289 294 293 303 305 305 302 298 293 293 292 285 281 282 276 273 263 255
256 253 259 259 267 272 277 284 285 291 293 286 279 272 263 260 261 262 264 263 266 270 268 267 264 263 262 226 222 220 211 209 214 220 225 225 223 219 216 213 212 217 227 241 263 289 299 304 305 283 289 264 280 285 291 303 304 302 302 298 297 298 293 289 286 292 284 274 262 253
248 247 248 251 255 263 266 272 277 283 287 282 274 262 256 255 257 262 260 262 268 270 263 260 254 258 262 224 222 219 219 209 222 222 228 230 226 222 217 213 210 215 225 236 255 277 291 300 303 290 279 241 265 278 298 300 298 297 296 298 299 299 299 295 302 288 273 262 259 253
243 244 238 242 249 253 260 264 269 277 283 279 271 261 257 255 252 258 262 262 266 260 258 248 241 243 244 226 223 222 230 225 227 231 234 235 233 226 221 221 216 218 229 243 247 268 287 300 303 299 274 248 271 278 293 293 295 294 294 297 303 304 306 301 298 283 269 262 258 253
243 238 231 237 242 246 254 262 264 272 284 279 270 262 254 250 249 253 256 252 258 257 249 234 233 245 230 227 230 232 245 239 250 246 246 250 249 233 228 227 225 226 237 246 245 262 290 307 306 295 285 259 274 281 286 289 286 287 292 295 302 308 310 307 297 282 271 265 258 253
239 237 234 233 238 241 250 257 260 267 275 272 264 258 252 250 249 248 251 245 251 249 241 234 238 239 228 231 235 240 245 248 256 256 257 258 257 246 236 232 231 231 234 238 240 259 290 321 303 289 279 262 269 275 278 279 280 282 286 294 300 305 306 301 294 282 274 260 255 251
234 234 233 231 233 237 243 247 252 259 263 263 262 256 251 249 248 246 244 243 241 237 233 235 235 230 232 243 249 251 255 259 272 270 267 265 262 250 242 236 233 230 226 229 234 248 276 290 285 274 266 263 269 270 268 270 271 275 281 286 288 295 295 290 283 276 266 259 253 247
234 234 229 229 231 234 237 242 246 250 254 257 256 252 248 249 246 243 238 236 235 231 238 247 231 237 239 245 250 259 268 271 275 274 273 260 266 252 245 239 233 226 221 221 229 236 249 266 264 255 250 250 261 260 259 260 263 269 273 275 277 281 282 281 272 271 263 259 252 246
229 231 226 226 228 230 233 236 239 244 246 248 250 249 246 246 243 243 239 234 233 235 236 230 240 241 245 250 255 267 274 276 278 280 279 276 277 252 244 242 240 224 214 209 215 242 246 250 246 242 237 234 256 254 250 251 255 262 266 268 269 272 271 268 266 263 259 257 251 249
226 223 224 224 225 227 229 231 234 237 239 242 243 244 241 242 239 235 230 231 230 238 233 238 245 246 254 258 260 273 277 284 282 280 276 272 261 252 244 242 236 227 212 197 211 239 247 238 236 238 234 218 242 243 241 244 250 255 257 258 259 261 261 260 259 260 258 259 256 250
223 225 225 224 225 224 224 226 229 233 234 237 239 239 234 232 234 221 223 227 232 240 232 242 248 252 257 266 268 272 277 280 284 281 255 255 243 252 264 240 243 237 222 214 217 230 247 239 231 232 241 213 226 239 235 240 246 251 252 252 255 253 252 253 255 259 258 260 280 256
225 226 227 227 224 222 222 223 226 228 230 233 233 232 211 210 211 210 215 223 228 233 235 251 254 257 267 268 265 270 286 282 279 265 249 242 237 263 242 241 251 245 233 226 227 230 243 257 251 235 233 219 223 236 235 241 246 248 248 247 246 245 246 249 254 258 262 266 264 263
223 225 226 226 224 221 218 220 223 226 228 228 218 206 204 202 202 203 208 224 224 228 231 235 250 265 262 261 255 266 279 288 280 297 289 230 249 237 235 242 244 249 243 234 233 234 248 261 241 235 232 226 230 240 242 246 251 249 248 248 242 268 246 255 254 262 266 267 272 297
222 224 226 225 220 216 214 214 218 223 226 226 225 220 217 209 208 196 207 209 212 212 215 235 261 259 262 252 253 261 261 271 280 255 229 222 223 223 231 237 242 254 245 238 234 238 247 266 243 232 232 232 250 250 252 257 259 259 255 247 291 251 261 273 300 274 277 273 272 271
219 226 228 221 216 211 208 210 214 220 225 222 219 214 208 211 212 195 213 200 199 194 202 244 252 241 247 245 243 247 235 259 241 231 220 219 221 214 227 235 243 250 249 250 239 242 254 262 235 226 230 250 262 262 265 270 270 272 266 261 261 295 309 294 288 281 280 275 274 268
213 220 221 216 210 205 204 205 211 215 219 216 210 206 210 205 200 192 197 190 189 186 193 206 213 222 225 227 227 239 216 210 192 189 195 203 208 200 222 225 226 233 231 232 229 228 241 246 213 221 232 276 276 274 279 283 284 287 286 289 297 311 317 312 300 293 283 280 276 268
207 212 213 210 205 200 197 197 200 205 208 207 203 202 201 201 195 187 182 183 187 181 183 190 193 217 208 200 195 196 192 189 180 180 184 195 243 185 205 215 218 221 218 223 220 242 231 205 203 218 236 271 283 290 293 295 303 308 307 310 317 317 324 317 310 299 287 284 276 269
202 206 207 205 201 195 192 192 194 199 201 191 193 192 198 181 182 182 184 182 181 209 183 186 193 195 195 194 193 188 184 180 178 179 186 189 189 189 187 202 215 209 200 201 199 205 213 204 200 221 266 274 293 307 315 307 317 316 320 323 325 320 321 318 302 297 296 283 275 272
202 204 204 203 200 195 194 194 193 196 189 176 175 176 179 182 184 185 184 193 192 178 180 184 195 200 196 196 195 192 191 186 180 182 187 193 190 191 191 186 186 205 193 193 194 217 188 203 190 222 266 274 304 325 323 311 321 323 332 333 343 324 315 306 308 299 291 284 278 272
203 204 203 204 203 200 197 200 197 191 187 181 175 176 182 187 189 190 187 185 180 176 181 187 201 202 198 199 196 193 191 187 185 186 184 183 186 187 190 184 175 175 180 186 186 187 186 180 183 196 266 263 290 308 308 303 313 326 339 340 338 310 308 297 295 294 284 279 279 269
206 204 204 206 208 205 203 203 204 193 180 178 177 181 189 193 197 197 198 189 182 185 185 195 210 217 218 208 202 194 188 191 189 185 186 178 178 182 178 182 184 174 170 172 179 178 181 176 177 181 217 239 263 295 301 302 304 335 345 342 316 307 292 292 291 286 282 273 274 274
203 204 205 209 212 211 204 194 189 182 181 181 187 189 192 196 200 202 200 196 197 203 204 209 220 232 241 223 209 200 216 190 183 181 181 179 176 172 172 172 174 166 165 168 174 185 174 178 175 174 186 206 241 258 283 284 296 309 318 305 294 290 287 290 288 277 276 272 270 275
