trunk/PhD/0002-BaselineComparison/prec_01.asc
ncols         128
nrows         64
xllcorner     -180
yllcorner     -90
cellsize      2.8125
NODATA_value  -9999
[rows 28 to 55 of 64, columns 0 to 62 of 128]
148.6602 162.1284 183.2861 183.7278 217.445 212.7168 249.0128 271.1239 273.9925 302.8075 305.3477 310.0874 324.1205 305.9685 337.1918 315.6034 330.1609 295.1991 311.6849 264.6878 287.804 245.11 260.0332 228.0723 169.6009 157.0292 136.4875 83.54258 73.93214 118.0814 122.1618 90.41077 39.52899 31.77015 70.42409 100.3871 52.12032 4.009172 21.41864 20.47128 15.06057 15.89116 27.10108 64.47226 126.4705 93.71387 80.1032 64.11828 73.64028 48.92309 56.05915 46.45157 40.61462 24.76929 17.10362 7.45822 2.953397 0.9784666 0.3961754 0.3142927 0.06088536 0.2749388 0.003292576
249.0036 244.5603 253.5736 253.5325 262.7839 243.6877 266.6259 239.9626 284.8136 250.9441 249.5074 257.9464 253.689 271.6771 241.8631 257.4528 225.7438 217.469 244.3482 201.3856 239.6266 212.819 223.9928 212.0297 264.3149 186.4197 237.5291 207.5612 231.2158 179.372 168.6604 152.0649 158.5384 102.1806 58.92887 168.0185 57.86214 63.61285 19.53012 0.5205292 0.4198453 6.199966 26.37429 90.74736 110.7938 100.9801 165.5617 96.57108 123.2458 123.0995 118.5061 101.482 90.31064 60.87733 44.28115 28.40242 15.80828 6.635541 10.75642 5.357139 2.825891 2.31394 0.6335734
167.0683 133.6958 133.8944 117.3623 109.7426 102.3293 98.44775 89.27402 83.52509 69.01943 85.85207 66.29113 58.25305 58.96555 53.99304 50.10115 55.85398 55.2739 45.80499 56.71487 49.45099 54.81964 66.833 54.15101 78.60055 85.7798 105.3664 92.417 145.4678 122.5411 181.6483 113.5649 122.3484 131.6882 168.3737 145.1755 192.9849 167.1272 12.91154 1.489347 6.269812 28.40882 19.04548 24.59036 68.65681 74.66576 82.13489 196.283 112.7531 130.4144 151.1731 135.0951 113.9502 100.9761 73.72216 56.00931 51.57099 34.13223 34.13113 60.91698 22.79771 15.35633 4.063614
36.78223 26.99328 27.30618 18.37636 19.30428 13.22266 12.9217 12.4198 11.51845 11.45321 7.28349 7.258279 9.800097 5.503176 7.945019 6.294542 6.467412 6.458327 7.100572 8.495695 9.409904 10.90058 12.49163 17.30707 16.25303 16.90782 20.99685 23.11656 31.35189 32.82269 45.5322 43.34831 109.439 68.22997 105.2539 113.5465 375.6476 118.8769 15.70492 14.57685 59.8266 54.13725 28.95966 25.44068 31.70203 45.19261 41.80053 74.04213 132.3627 113.3605 78.59142 75.09644 51.00569 43.84967 34.98587 35.57822 19.55887 27.81602 22.1995 25.85372 33.03622 35.92296 30.88882
21.52662 17.26951 13.4035 9.321772 9.410006 7.822796 7.8506 5.560884 5.146077 3.568392 4.416325 4.228852 3.101302 3.342122 4.208509 4.024468 5.801909 4.6727 6.875158 5.38244 7.476326 8.795948 9.113379 10.8909 11.41929 13.16587 9.633916 10.2087 7.56571 10.75914 8.934162 11.28743 8.764706 11.34697 34.64315 53.90503 229.4662 33.92494 28.64956 81.8403 134.4855 130.3299 76.61272 102.6558 72.42413 48.97104 38.10739 49.10308 58.80487 60.62112 47.55489 59.94518 45.57872 51.44719 42.65083 46.87231 46.44896 40.69933 41.55697 27.38868 29.1042 14.20993 22.68186
50.53415 42.04982 39.51024 35.86469 25.88859 18.1219 13.73931 11.49183 11.76033 8.028022 8.894941 7.492245 8.121631 8.673316 6.265777 6.947332 7.753606 7.383554 8.567647 8.837534 8.238676 6.668029 11.41901 9.924262 10.02598 10.9587 9.724744 15.45457 10.9958 17.01797 12.31087 24.08821 10.48803 20.65534 7.730846 21.7539 187.9364 30.77127 82.92313 140.8762 108.1797 223.4767 190.3059 169.9142 147.3342 117.2002 79.70322 84.99618 77.26049 78.51215 70.49562 67.50554 88.74716 87.4122 103.6858 95.23792 111.9992 91.46664 100.8585 96.35951 111.7693 105.4491 107.7555
156.2773 136.1444 143.6043 121.7118 109.1695 94.15304 83.32394 75.49508 60.58104 63.71502 57.14577 59.1548 62.48999 48.58655 61.50541 63.02604 54.80714 71.51661 57.56802 58.94985 61.36823 54.45641 48.65071 41.92115 57.22683 41.42155 52.67894 45.24535 48.82833 53.77393 38.77322 40.06324 23.95406 15.65828 12.54348 13.89807 321.1415 190.5888 250.1391 242.579 163.6842 160.8623 226.3563 250.2579 225.8072 230.864 204.7215 195.1101 196.7888 182.8104 177.126 162.9338 154.3469 163.0482 201.1416 184.137 200.4042 183.1647 166.5877 164.303 137.9525 153.4611 137.9805
299.2755 286.695 286.8028 271.137 263.6295 226.9461 229.9826 240.5911 210.6503 209.6679 189.4111 188.4075 175.7007 189.7954 180.8949 149.2255 166.1304 144.0009 135.517 142.9364 108.712 125.981 101.2862 99.11843 88.4239 74.33733 93.35845 49.21291 77.52087 30.83916 74.33418 30.05567 51.75549 17.48958 30.40754 0.4929636 35.84587 262.2592 111.8926 149.1547 219.1382 218.3887 231.91 274.5255 350.5111 322.2249 313.2307 295.3051 287.3777 245.9303 203.2589 180.6583 122.133 178.3849 153.9293 152.1227 136.1695 136.763 117.5589 101.6361 105.33 97.79771 96.63874
329.3197 315.6343 300.9098 328.9572 313.4378 333.0201 336.071 310.9502 329.9547 300.4613 292.1271 283.8117 256.1019 282.1725 243.0928 244.5167 230.1682 178.8339 198.6917 172.3233 159.0978 127.9773 117.6197 117.318 93.48918 97.01225 80.01382 72.80669 100.9258 53.96667 105.9086 29.44915 76.16464 13.42201 25.59757 5.69816 0.5371438 157.88 155.5542 360.9094 267.4966 270.0699 325.9111 276.6248 374.1899 314.2358 330.9638 318.3706 291.0324 238.035 163.3351 104.8601 147.2761 139.7671 101.6302 115.053 99.55423 81.46632 88.92905 64.11327 68.95958 48.32604 61.28592
263.2079 285.9188 261.3578 287.0027 274.4515 294.2696 293.2416 282.6586 269.1887 271.565 269.5444 254.2664 249.7734 227.0524 228.8223 224.545 151.441 175.2628 143.1568 94.2082 130.9573 101.703 116.6123 79.84994 100.0972 79.64951 85.58727 76.72516 61.56453 72.62624 70.69462 67.64099 61.29731 41.96735 16.18682 33.47064 0.9878926 0.5749837 225.8554 763.2997 364.5572 142.2289 294.373 286.3448 307.2393 335.7416 389.0182 343.5526 247.282 216.5876 152.0245 106.044 106.3008 67.93061 81.15026 54.75281 66.74916 55.92255 58.58027 53.23353 61.92191 58.41211 64.91699
222.6531 226.0568 217.7646 233.7705 253.8057 262.9336 244.6879 270.1964 225.2381 240.0606 225.8473 236.9525 242.1648 216.679 214.4893 194.4824 205.0871 154.1022 130.6965 132.9149 95.57027 70.26015 100.4438 65.62326 94.92352 50.87206 77.31998 63.99471 68.4269 84.85169 39.6768 82.97325 22.62003 61.93966 19.94659 15.65909 46.62463 0.3975956 0.5232446 9.029048 395.3354 372.1863 127.4094 220.6714 278.628 341.129 293.3516 315.6193 259.0354 223.512 106.3509 80.13186 97.15826 50.10164 78.48172 52.41233 64.71695 55.79118 59.78692 54.66777 49.50037 54.18667 51.20047
182.2463 170.1995 182.7854 184.0059 167.0835 191.2846 192.0944 206.2318 196.4156 203.2969 185.219 232.3451 200.3896 185.6706 200.9592 169.607 194.8204 132.6431 150.9001 95.78783 103.2158 106.6927 92.00754 74.81526 87.7844 80.19096 78.79457 61.70493 58.939 63.95829 44.72042 63.56351 29.29536 35.84978 20.4395 11.12502 0.770492 26.58795 4.643813 0.07394239 366.285 321.1864 60.2706 190.6715 225.918 298.3455 240.5844 325.4448 354.0265 292.1589 151.8592 88.23343 90.81598 51.47901 62.5036 47.18979 58.3681 44.82815 58.80158 53.18704 56.27508 60.66445 50.54484
157.3608 145.3108 129.4462 145.3054 143.6947 144.8599 151.9189 185.4436 186.3479 178.9707 155.2221 181.6468 194.8997 203.5296 192.967 192.5015 189.3565 158.6291 204.8202 130.0667 165.1733 103.2946 108.8249 129.702 73.90891 92.20357 59.13987 81.38081 63.04554 56.7501 57.62888 24.87701 43.05752 22.85179 6.6864 13.51695 0.158449 8.705689 4.985646 0.4625911 407.2414 336.7798 40.39351 165.1047 169.6924 244.5931 284.2069 266.9225 201.6193 173.2564 162.2455 143.6463 113.587 81.58468 108.8167 59.03983 83.93678 49.45724 66.3421 44.63163 49.14127 50.83465 38.40583
131.5343 137.1253 139.0693 126.6003 111.226 108.0509 106.24 139.6811 142.7829 143.0825 139.1669 134.9073 150.6838 163.7219 159.893 165.0739 165.5841 138.6055 140.8131 126.0561 151.9176 122.826 148.3334 120.0751 98.47465 134.9394 72.22807 85.99487 62.26892 53.29274 63.6266 35.83426 31.6326 26.02564 11.39429 3.96543 3.031834 13.43096 0.02889978 18.30835 642.2365 460.1082 56.88353 153.2665 138.5428 197.7629 282.6727 208.8574 138.4801 175.4268 204.331 175.7435 156.148 108.5602 120.256 64.62027 99.90478 53.33504 70.07868 57.65641 52.88189 54.81713 35.76674
128.6614 114.7905 118.8981 115.0343 99.84112 100.8162 93.3292 116.8597 122.9833 122.0103 103.6994 101.6884 117.433 126.7676 156.2453 149.3729 146.6433 147.5151 143.7353 151.1904 119.2394 121.7818 123.9274 100.5599 124.7097 77.93369 86.6722 86.65523 68.34309 80.64148 31.37359 70.84878 29.80504 20.53921 38.63102 2.245863 3.617163 3.279619 0.4475084 143.1229 483.7017 193.0043 85.49123 127.6657 111.5614 160.2539 187.1929 160.6536 104.5244 151.6096 164.0476 156.6833 192.0679 142.9597 164.4673 113.5197 125.3627 95.35069 88.54301 74.86617 54.87555 56.95559 34.31026
112.0081 103.7842 114.8475 102.2703 88.71348 79.70826 75.49303 86.88662 92.75749 108.3042 98.01027 93.03535 94.75127 77.97723 94.26221 95.82687 111.2366 117.3514 101.8498 119.4085 105.641 112.5292 99.84005 92.77418 120.2522 70.81746 106.3485 79.35896 47.83587 106.8698 38.18001 67.18332 55.42199 32.11494 29.59208 5.727077 21.76641 0.7624621 0.5868062 87.3928 237.8052 75.27309 109.4806 90.75663 86.40438 131.313 72.05087 102.4575 80.57903 109.4419 134.7948 141.4094 156.4632 114.0278 133.8028 111.9643 103.0895 98.00756 86.34939 85.22021 67.31979 67.27825 48.7846
78.94912 76.64292 98.15844 82.4636 89.51262 82.67841 75.90671 84.62013 68.87904 81.77594 86.52217 74.12465 79.9838 79.74741 80.57257 77.16022 85.55458 93.263 91.12201 109.9393 91.11324 94.7765 92.66558 76.00921 88.88374 73.44764 80.55279 81.16457 64.2234 71.30504 55.03424 60.94044 38.843 58.79602 44.52262 7.504083 34.32413 5.366635 2.661162 34.28051 99.7446 60.21423 78.90054 58.08192 68.46764 94.32292 60.62146 78.69144 68.66988 95.94244 123.0185 110.4554 124.3988 108.9765 113.7732 95.47968 98.91358 94.32558 69.41446 67.90035 58.37635 58.25482 54.32062
88.39035 78.88125 83.57695 76.89819 85.50614 77.27077 69.42808 68.98624 68.72296 70.104 74.58194 77.77174 78.40302 73.19091 71.74394 67.08527 65.06595 66.46164 66.78498 74.61218 73.23013 80.83475 84.1763 78.38261 81.09562 78.06921 62.5747 65.15337 75.1265 57.42163 55.93271 76.87457 34.53262 46.3389 47.65187 27.51292 50.37378 30.21678 22.32678 27.81798 37.8161 48.00151 60.61422 71.16707 59.43711 66.76378 70.26475 77.15549 65.2595 87.26672 100.3414 106.7635 115.0961 102.861 94.99464 89.79489 86.09285 80.89409 73.81783 71.23812 64.18644 52.93193 54.23037
93.13134 88.03465 93.46494 95.18964 92.84032 92.13184 94.48029 88.06828 79.09206 73.3304 69.56542 72.77826 79.21463 78.02821 86.58581 85.75665 78.79053 84.55785 72.02635 76.62508 80.30399 73.94451 74.70418 70.83193 65.87628 73.21127 76.26816 64.89754 64.44125 64.22507 53.76828 58.79745 61.3606 57.49439 42.21055 40.22949 58.30963 50.66557 59.53822 50.3068 40.43567 44.63576 46.18521 48.76426 51.72671 62.3649 60.98303 62.20988 69.59619 82.20873 87.202 97.28824 104.8226 106.7106 112.595 107.0473 96.88181 93.91677 88.44973 79.02932 79.92184 79.96763 68.54517
77.92375 73.0118 81.84513 101.1619 90.71369 89.92231 92.35546 88.66386 96.13233 103.0471 93.51848 87.17009 87.07484 77.57515 83.42369 80.20095 70.46587 88.62485 77.07191 73.40877 78.35347 69.97414 82.84281 96.3605 83.42096 78.16761 87.92929 76.61893 70.70362 90.4197 76.59423 60.23589 80.81387 70.23358 57.43489 78.55214 83.55196 81.93062 129.9753 107.4471 52.35563 31.9326 29.22555 42.73492 60.78816 73.8492 68.68709 74.17683 86.02629 80.19739 80.02064 93.73403 98.24944 98.63884 103.6427 100.7949 95.77332 95.66586 94.03416 91.10138 92.95341 95.06158 94.53081
88.55314 79.12044 87.51659 94.22182 94.48624 95.10907 106.2185 98.89202 108.3098 104.207 99.52859 102.7569 106.4739 86.1295 105.275 101.9494 96.10007 94.82961 92.27822 78.3765 97.91718 87.08244 76.17388 78.36452 85.74456 80.54333 90.82272 86.64468 80.07481 76.55687 78.47285 84.82469 90.89863 69.72885 79.6336 96.86956 113.1268 155.896 259.7025 128.8645 47.49042 32.72348 44.09389 54.45942 63.65384 85.09314 95.04294 97.14581 94.25863 93.24854 97.13128 98.42947 97.30989 105.6676 109.4976 111.7004 112.1091 104.0454 92.17902 100.654 91.9931 83.18768 84.29932
87.76262 87.23968 98.28033 92.89217 83.55923 84.08746 86.52776 85.04523 102.1697 100.0844 95.10469 97.26628 98.96413 81.7893 88.39019 83.18659 78.79276 85.88074 96.64947 78.2324 81.49 89.73463 85.71021 85.74007 92.56342 87.72331 77.84673 88.02841 90.91367 86.58276 85.45628 92.05521 84.13738 82.18572 101.7235 105.0239 122.8142 209.5304 369.1576 180.0454 63.08375 42.40544 53.4939 57.54218 58.71724 71.1858 81.00224 81.94538 87.40935 97.59245 102.8883 92.26711 97.74801 108.2572 101.0007 97.46319 105.7628 106.761 91.24875 100.4355 101.5581 98.02413 96.88122
79.08078 91.72095 97.61635 94.95831 87.78141 96.50669 93.7924 95.70226 100.9086 103.8429 94.3907 96.4252 96.79053 94.63817 105.3668 106.7632 100.1029 96.17037 102.5728 88.74112 87.34689 90.64185 91.7698 81.41757 83.83954 82.87473 80.45382 78.5355 76.03349 75.52614 80.54302 84.69218 76.21687 77.84383 91.43913 101.072 104.609 133.7187 162.5524 124.5098 65.44581 57.3865 73.01834 76.69905 73.9809 69.7513 70.85036 77.22235 79.96142 81.59376 85.56722 92.03777 94.91697 94.61553 91.82119 87.80554 91.22554 91.60092 89.82573 86.56405 78.69407 75.42986 74.82922
88.70444 94.57996 86.66634 74.88572 69.16024 77.04151 84.01004 89.50799 92.97754 85.936 85.27682 88.40205 92.71375 82.90049 80.14205 79.69532 76.8172 71.1035 73.42236 78.73949 82.02063 80.70551 78.01134 76.59357 79.10761 80.00185 81.99184 82.46568 78.81142 73.23798 76.59505 81.47658 80.47649 73.34023 77.29707 87.72415 99.9986 110.6113 117.7513 114.7824 95.0682 77.33571 74.79348 80.14787 86.10526 79.74348 79.40812 79.73898 75.37585 75.17902 84.63454 88.37694 71.04071 62.00356 65.53964 68.26708 56.80397 54.11271 60.40533 67.45843 67.04861 75.6218 80.13697
67.08867 69.88182 73.41376 77.0248 78.13448 71.18826 66.62916 73.84245 80.82352 79.52918 69.40192 71.99146 73.02619 73.08818 73.03514 79.78829 84.54858 82.17221 75.74072 70.0178 65.5498 64.15768 70.25399 76.90007 73.6724 63.15016 57.73931 62.36134 69.09613 68.88224 63.84278 63.81985 64.71133 65.97762 67.25208 65.64635 64.16578 63.61226 72.59424 77.01023 75.67163 61.79658 62.189 65.76678 66.48338 56.80507 51.51291 51.7905 51.00413 51.42616 53.44721 58.73141 55.65486 53.60588 56.69206 55.00094 52.74529 50.98878 55.62175 50.17167 42.94897 43.37409 49.90293
72.02861 59.42585 53.18146 56.47459 58.90886 59.9112 56.04468 56.47784 59.77745 55.93797 53.99356 54.89179 57.40385 59.2606 56.88232 53.54719 49.57416 48.56908 51.12011 59.0053 62.09991 61.85445 53.0392 50.7823 52.89762 63.54809 70.90144 73.30913 68.28333 62.63148 61.90899 62.91399 65.07065 60.45587 58.39328 60.15899 63.8628 66.34843 62.02317 56.431 49.99421 47.68848 46.70443 47.70286 44.16848 41.16495 44.81761 48.07551 51.07022 43.03621 37.86463 36.98669 37.25267 37.16611 34.52546 30.85082 26.48685 28.77803 32.34379 37.82142 42.7668 47.61264 52.59258
43.33452 47.58894 49.56321 48.11724 47.10549 46.27751 45.75042 45.80402 46.24473 49.43726 53.30433 58.18323 57.41231 55.33565 53.68578 55.7669 60.33532 55.54721 51.22242 47.5926 49.22795 51.69725 52.23721 52.4904 52.55243 50.23637 45.84169 38.32907 37.11542 39.05923 47.33398 50.60859 50.54977 45.23214 43.52562 47.23579 50.65299 52.18794 46.48684 44.09999 43.92263 44.57657 44.75696 44.22703 42.81468 40.30742 34.30294 29.93144 26.64861 30.82392 33.32273 33.30679 30.22429 27.8134 31.15553 34.87121 38.83592 36.08162 34.03329 33.0439 36.50617 40.92478 44.71717
37.77176 40.04404 40.93372 36.9843 36.11227 39.08698 42.51261 46.1637 40.89549 35.32564 36.26185 36.79877 36.53712 35.82061 34.74023 37.71737 41.85379 41.15652 39.7151 35.66915 35.7641 41.03516 43.71313 45.09454 40.50415 35.99815 38.1391 41.6366 47.84721 45.84244 37.26537 30.93036 25.23594 32.96521 40.05103 44.8848 42.35267 30.61316 29.89653 34.69133 50.88273 65.62311 57.35857 49.57235 42.74277 37.83005 34.45081 30.06881 25.40029 29.76651 33.37263 34.31839 32.29856 26.57172 23.87427 22.69152 26.33993 30.90055 37.92778 43.0107 44.20498 44.65268 44.50312
