trunk/PhD/0002-BaselineComparison/prec_1.asc
NCOLS 660 
NROWS 360 
XLLCORNER -20 
YLLCORNER -30 
CELLSIZE 0.1666667 
NODATA_value -3.4e+38 
[rows 124 to 154 of 360, columns 280 to 349 of 660]
0 0 0 0 0 0 0 0 0 0 0 0 0 0 0 0 0 0 0 0 0 0 0 0 0 0 0 0 0 0 0 0 0 0 0 0 0 0 0 0 0 0 0 0 0 1 1 8 3 4 4 5 5 5 6 5 4 6 7 8 10 11 11 12 9 8 7 7 18 13
0 0 0 0 0 0 0 0 0 0 0 0 0 0 0 0 0 0 0 0 0 0 0 0 0 0 0 0 0 0 0 0 0 0 0 0 0 0 0 0 0 0 0 0 1 5 2 10 7 7 9 9 7 7 7 7 5 6 8 11 13 13 14 13 19 13 10 12 15 14
0 0 0 0 0 0 0 0 0 0 0 0 0 0 0 0 0 0 0 0 0 0 0 0 0 0 0 0 0 0 0 0 0 0 0 0 0 0 0 0 0 0 0 0 1 1 2 7 28 15 13 11 10 10 9 8 8 10 10 11 13 14 16 16 15 18 16 17 16 13
0 0 0 0 0 0 0 0 0 0 0 0 0 0 0 0 0 0 0 0 0 0 0 0 0 0 0 0 0 0 0 0 0 0 0 0 0 0 0 0 0 0 0 1 1 1 2 20 47 11 11 9 11 13 12 16 11 14 11 14 15 17 18 19 19 20 22 22 18 15
0 0 0 0 0 0 0 0 0 0 0 0 1 1 1 0 0 0 0 0 0 0 0 0 0 0 0 0 0 0 0 0 0 0 0 0 0 0 0 0 0 1 1 1 1 2 3 14 31 14 10 13 16 18 20 21 19 16 14 15 16 19 20 20 22 23 24 19 20 19
0 0 0 0 0 0 0 0 0 0 0 1 1 1 1 0 0 0 0 0 0 0 0 0 0 0 0 0 0 0 0 0 0 0 0 0 0 0 0 1 1 1 1 1 1 2 3 8 12 12 11 12 21 22 24 21 22 21 20 20 19 22 23 22 23 21 21 19 20 22
0 0 0 0 0 0 0 0 0 1 1 1 1 1 1 1 0 0 0 0 0 0 0 0 0 0 0 0 0 0 0 1 1 1 1 1 1 1 1 1 1 2 2 2 2 2 3 5 6 13 13 25 26 29 30 31 26 29 26 24 22 25 26 25 24 20 22 21 22 29
0 0 0 0 0 0 0 1 1 1 1 1 1 1 1 1 0 0 0 0 0 0 0 0 0 0 0 0 0 1 1 1 1 1 1 1 1 1 2 2 2 3 3 3 2 3 4 6 7 12 31 19 34 35 36 37 34 32 27 26 25 28 26 25 25 21 21 19 23 31
0 0 0 0 0 1 1 1 1 1 1 1 1 1 1 1 0 0 0 0 0 0 0 0 0 0 0 1 1 1 1 1 1 1 2 2 2 2 3 3 3 4 4 4 4 5 6 7 8 12 38 23 30 34 39 41 37 33 33 28 28 28 26 25 24 24 19 23 20 25
0 0 0 0 1 1 1 1 1 1 1 1 1 1 1 1 0 0 0 0 0 0 0 0 0 1 1 1 1 1 1 1 2 2 2 2 3 3 3 4 4 5 5 5 6 6 8 8 9 17 41 32 46 36 41 43 45 37 34 34 30 28 24 25 25 24 15 21 22 25
0 0 1 1 1 1 1 1 1 1 1 1 1 1 1 0 0 0 0 0 0 0 0 0 1 1 1 1 1 1 1 2 2 2 3 3 3 4 4 5 5 6 6 6 7 7 9 9 10 10 14 44 37 46 45 37 38 35 35 38 33 30 27 29 27 26 22 22 24 25
1 1 1 1 1 1 1 1 1 1 1 1 1 1 1 0 0 0 0 0 0 0 0 1 1 1 1 1 1 1 2 2 2 3 3 4 4 5 5 6 6 6 7 7 8 8 9 9 10 11 12 19 50 50 48 43 41 40 36 36 40 34 32 35 24 30 29 30 25 26
1 1 1 1 1 1 1 1 1 1 1 1 1 1 1 0 0 0 0 0 0 0 1 1 1 1 1 1 1 2 2 2 3 3 4 4 5 6 6 7 7 7 8 8 8 9 9 10 10 10 12 17 21 24 38 45 49 42 46 41 35 34 29 34 25 34 38 39 30 31
1 1 1 1 1 1 1 1 1 1 1 0 0 1 0 0 0 0 0 0 0 0 1 1 1 1 1 1 2 2 2 3 3 4 4 5 6 7 7 8 8 8 8 9 9 9 9 10 11 12 12 14 30 34 39 39 46 44 44 43 41 38 37 35 29 36 39 46 32 35
1 1 1 1 1 1 1 1 1 1 1 1 1 1 0 0 0 0 0 0 0 0 1 1 1 1 1 2 2 2 2 3 3 4 5 6 6 7 8 9 9 9 9 9 9 9 9 10 11 16 15 14 17 49 48 28 35 44 38 39 31 42 37 37 25 32 45 39 40 38
2 2 1 2 1 1 1 1 1 1 1 1 1 1 0 0 0 0 0 0 0 1 1 1 1 1 2 2 2 2 3 3 4 4 5 6 7 8 9 9 9 9 9 9 9 10 10 10 11 13 42 18 18 32 44 46 27 34 25 31 37 37 39 23 40 32 36 33 26 40
2 2 2 2 2 2 1 1 1 1 1 1 1 1 1 0 0 0 0 0 1 1 1 1 1 2 2 2 2 2 3 3 4 4 5 6 7 8 9 9 9 9 9 9 9 10 10 11 11 12 14 16 29 32 32 29 22 36 47 26 48 32 31 35 38 27 27 22 26 36
3 2 2 2 2 2 2 1 2 1 1 1 1 1 1 1 1 1 1 1 1 1 1 1 2 2 2 2 2 2 3 3 4 5 5 6 7 8 8 9 9 9 9 9 10 10 11 12 12 13 14 17 18 29 27 35 20 23 26 47 43 43 28 27 34 33 23 22 22 27
3 3 3 3 3 2 2 2 2 2 1 1 1 1 1 1 1 1 1 1 1 1 1 1 2 2 2 2 2 3 3 4 4 5 5 6 7 7 8 8 9 9 9 9 10 11 12 17 15 14 19 37 24 40 27 17 20 40 24 37 44 33 34 28 44 45 25 22 27 32
4 4 4 3 3 3 2 2 2 2 2 2 2 1 2 1 1 1 1 1 2 2 2 2 2 2 2 2 3 3 3 4 4 5 5 6 7 7 8 8 8 8 9 9 9 10 14 18 16 20 23 29 26 42 23 17 18 23 22 40 45 29 28 39 32 28 26 24 26 33
5 5 4 4 4 3 3 3 3 2 2 2 2 2 2 2 2 2 2 2 2 2 2 2 2 3 3 3 3 3 4 4 4 5 5 6 6 7 7 8 8 8 8 9 9 9 10 11 15 17 20 25 19 22 20 20 18 21 22 38 27 33 27 30 26 24 25 23 21 29
6 6 5 5 4 4 3 3 3 3 3 2 2 3 3 3 3 2 3 3 3 3 3 3 3 3 3 3 3 4 4 4 5 5 5 6 6 6 7 7 7 8 8 8 9 9 10 9 19 16 18 24 17 16 17 16 19 22 19 33 42 26 20 23 23 22 25 21 19 19
7 7 6 6 5 4 4 3 3 3 3 3 3 3 3 3 3 3 4 4 4 3 3 3 3 3 3 4 4 4 4 5 5 5 5 6 6 6 7 7 7 7 8 8 8 9 9 10 20 18 15 24 16 15 17 15 27 16 22 27 29 19 20 37 21 26 17 21 22 19
9 8 7 7 6 5 5 4 4 4 4 4 4 4 4 4 4 5 5 5 5 4 4 4 4 4 4 4 4 4 5 5 5 5 5 5 6 6 6 7 7 7 7 7 8 8 9 10 12 12 13 15 15 14 14 14 15 16 21 29 21 20 19 24 18 16 17 29 26 21
10 9 8 7 7 6 5 5 4 4 5 4 5 5 5 6 6 6 6 6 6 5 5 4 4 4 4 4 4 5 5 5 5 5 5 5 6 6 6 6 7 7 7 7 7 8 8 9 10 11 11 12 13 13 13 14 15 15 22 27 29 18 18 23 18 17 17 20 27 23
11 10 9 8 8 7 6 6 5 5 4 5 5 6 6 7 8 8 8 8 8 7 6 5 5 4 4 4 4 4 5 5 5 5 5 5 5 6 6 6 7 7 7 7 7 7 8 8 9 9 10 11 11 12 12 13 14 16 23 25 31 18 22 27 23 21 19 23 34 26
12 11 10 9 8 8 7 6 5 5 5 5 6 7 8 9 10 11 10 9 9 8 7 6 5 4 4 4 4 4 4 5 5 5 5 5 5 6 6 6 7 7 7 8 7 7 7 8 8 8 12 10 11 14 11 12 13 16 21 24 18 18 32 29 35 21 20 29 39 27
14 13 12 11 9 9 8 7 6 5 6 6 7 8 10 11 13 14 13 12 12 10 8 6 6 5 4 4 4 4 4 5 5 5 5 5 6 6 6 6 7 7 7 8 7 7 7 7 7 8 9 20 11 13 11 11 13 15 19 24 18 18 27 26 26 23 23 25 39 34
16 15 13 12 11 10 9 8 7 6 6 7 9 10 12 14 16 18 18 16 13 11 9 7 6 5 4 4 4 4 4 5 5 5 5 5 6 6 7 7 7 8 8 8 7 7 7 7 7 7 8 12 10 11 11 11 12 14 19 22 18 19 38 26 27 25 26 27 27 31
18 16 15 14 12 11 10 9 9 8 8 9 11 13 15 16 18 20 22 19 15 12 10 7 6 5 5 4 3 4 4 5 5 5 6 6 6 7 7 8 10 10 11 10 7 7 7 6 7 7 8 9 10 10 12 10 12 14 17 21 19 21 30 26 26 25 26 29 31 30
21 19 17 16 14 13 12 11 10 11 11 12 13 15 17 19 20 22 22 21 17 13 10 8 6 5 4 3 3 4 4 5 6 6 7 7 8 8 9 9 12 12 12 10 8 7 6 6 6 7 7 8 9 11 12 10 12 14 16 20 21 24 25 24 25 23 24 34 33 31
