trunk/PhD/0002-BaselineComparison/prec_1.asc
NCOLS 660 
NROWS 360 
XLLCORNER -20 
YLLCORNER -30 
CELLSIZE 0.1666667 
NODATA_value -3.4e+38 
[rows 155 to 185 of 360, columns 210 to 279 of 660]
62 57 42 34 26 22 21 21 20 22 21 22 21 21 21 22 23 24 24 25 26 29 29 29 30 30 29 29 29 29 29 30 31 32 33 36 37 37 37 35 34 33 32 31 31 32 34 36 39 42 44 44 42 40 37 34 32 30 29 29 29 29 29 29 30 29 28 27 26 24
83 63 47 36 29 26 23 23 24 24 23 23 21 22 22 23 23 25 25 27 29 31 32 32 32 31 31 31 32 32 32 33 33 34 35 37 39 38 39 38 37 36 35 36 35 36 37 39 41 42 44 43 42 40 37 35 33 32 31 30 30 30 31 31 32 31 30 29 28 27
62 55 47 35 31 29 26 27 26 25 25 25 24 24 23 23 24 25 27 29 31 33 34 34 35 34 34 34 34 34 34 34 35 37 37 38 40 41 40 41 40 39 39 39 39 40 40 41 43 44 44 43 41 40 38 36 34 32 31 31 31 31 32 33 34 33 33 32 31 30
33 43 41 38 32 30 27 28 28 27 27 26 25 25 24 25 24 25 27 30 33 36 37 36 37 36 37 36 36 36 36 36 38 38 39 42 43 43 43 43 43 42 42 43 42 43 44 45 45 44 44 42 41 39 38 36 34 33 32 31 32 32 33 35 36 36 36 35 34 33
24 31 34 34 33 33 29 29 29 29 28 27 27 27 26 25 27 27 29 31 34 36 38 38 38 38 39 39 40 39 38 38 38 40 42 44 44 45 44 44 45 45 45 46 46 47 47 47 46 45 44 43 40 38 36 36 34 32 32 32 31 33 34 36 38 38 38 37 36 36
26 28 32 34 34 34 30 31 31 31 29 28 28 28 28 28 29 29 31 34 35 37 39 40 40 40 41 41 42 41 40 39 39 39 42 46 46 46 46 47 47 48 49 49 49 50 50 49 49 48 46 44 41 38 36 34 32 31 32 31 32 33 34 36 38 39 40 40 39 39
29 29 33 33 33 32 32 32 31 32 32 31 30 29 31 30 31 32 33 36 37 39 40 41 42 42 43 43 42 42 41 40 39 40 43 47 47 46 48 48 48 50 51 53 53 54 54 53 52 49 47 45 42 39 36 33 32 30 30 29 32 33 35 37 39 40 41 43 42 43
32 32 34 36 36 33 34 32 33 33 32 32 33 33 32 32 33 34 36 37 39 41 42 43 44 45 45 45 44 44 42 42 41 42 43 45 47 47 47 48 49 51 53 55 57 58 57 55 53 52 49 46 42 39 35 33 31 29 27 28 29 34 36 38 40 41 43 44 45 46
37 36 35 37 37 35 35 35 36 35 35 35 35 34 35 35 36 37 38 40 41 43 45 46 47 47 47 47 46 46 44 43 43 44 44 46 47 47 48 50 51 53 56 59 61 62 61 60 57 54 51 47 43 40 36 34 32 29 26 27 30 33 36 38 41 43 45 46 48 50
42 39 41 41 42 38 37 38 37 38 38 37 37 37 37 38 39 40 41 43 44 47 47 49 49 50 49 49 48 48 46 47 45 47 47 47 47 47 49 50 53 55 59 63 65 67 66 63 60 58 52 49 47 42 40 37 34 31 30 30 32 36 38 40 43 45 46 49 50 52
46 47 46 45 42 41 39 39 39 40 39 40 40 39 40 41 41 42 44 45 47 49 50 51 52 52 52 51 52 50 50 48 47 47 48 49 49 50 50 49 54 57 62 67 71 73 71 67 64 59 57 53 48 46 42 39 38 35 33 34 35 37 40 43 45 47 50 52 54 56
50 51 50 47 48 45 43 41 41 41 42 42 42 42 42 43 44 45 46 48 50 52 53 54 54 54 54 53 53 52 51 50 50 51 51 52 50 51 50 51 54 60 65 71 76 81 79 72 67 63 58 55 52 50 45 44 42 39 38 37 38 40 42 45 46 48 52 54 55 57
57 55 55 53 48 46 44 44 44 43 45 45 45 45 45 46 47 48 50 51 53 55 57 58 58 58 57 56 55 54 54 53 53 53 53 53 53 53 54 55 58 63 69 74 80 83 83 76 71 67 62 58 54 52 49 46 44 44 41 42 43 43 44 47 49 50 52 54 56 59
60 61 57 55 51 50 46 48 46 46 47 47 47 48 49 49 50 51 52 55 57 59 61 63 63 62 60 59 58 57 56 56 56 56 56 57 57 57 59 61 64 69 74 78 82 84 82 78 73 69 65 61 58 55 53 51 49 47 47 47 46 47 48 49 51 52 54 56 58 59
63 64 67 62 56 51 49 50 49 50 50 51 51 51 52 52 53 54 56 58 60 63 66 68 68 66 63 62 61 60 61 60 61 60 61 62 62 64 64 67 70 75 78 82 84 85 84 80 75 71 67 63 60 57 55 55 52 52 51 50 51 51 51 53 54 55 57 60 61 61
66 71 70 66 64 58 51 53 54 54 55 54 55 55 55 56 57 58 59 61 64 67 70 73 74 68 67 66 65 64 64 64 64 64 65 66 67 68 70 73 76 77 81 84 85 87 85 83 78 73 69 66 63 60 58 59 57 54 54 54 54 54 55 56 58 59 61 62 64 65
72 73 76 73 72 66 62 58 60 59 59 59 59 59 59 60 61 62 64 66 69 71 74 75 75 73 71 69 67 67 67 68 69 69 69 70 72 74 75 79 81 84 86 89 90 87 87 85 80 75 71 68 66 64 62 62 60 57 58 57 57 58 59 60 61 62 64 65 67 69
75 79 81 80 81 75 71 66 65 65 65 64 64 64 64 65 66 67 69 71 73 75 77 79 79 77 75 73 71 71 72 73 74 74 75 76 77 79 82 85 87 88 91 92 93 92 89 89 83 81 75 70 69 67 66 65 63 62 62 61 62 62 63 63 64 65 66 70 69 70
78 82 85 84 83 80 78 74 72 70 70 69 69 69 69 70 71 72 74 75 78 80 82 83 83 82 81 79 77 77 77 78 79 80 79 82 84 84 87 89 92 94 95 97 97 94 93 91 88 86 79 76 74 73 73 70 68 67 67 67 66 66 66 67 68 69 69 71 74 75
83 84 88 88 85 86 82 81 77 76 75 75 74 74 75 75 76 77 78 80 82 85 87 88 89 88 87 86 85 84 84 84 84 84 85 86 88 90 92 95 97 100 101 102 101 99 98 96 93 90 85 82 81 79 78 75 72 71 71 72 70 70 70 70 71 73 72 73 75 77
84 88 89 90 88 89 86 85 83 82 81 81 80 80 80 80 81 82 83 85 87 90 92 94 96 95 94 94 93 92 91 91 91 91 90 92 93 95 99 100 102 105 106 106 104 104 101 101 99 95 93 90 88 88 87 83 77 75 75 75 74 74 73 72 72 73 74 76 77 78
88 91 93 93 92 91 92 89 89 88 87 86 86 85 85 85 86 87 88 90 93 96 99 101 102 103 102 102 100 99 99 99 99 98 97 97 99 102 104 105 107 108 110 111 109 108 107 103 102 102 100 96 96 96 97 98 92 84 79 77 77 77 75 74 76 76 77 79 80 81
95 93 94 95 94 95 96 94 94 93 93 93 92 91 90 91 91 91 92 95 98 101 105 108 110 110 110 109 108 107 106 106 106 105 103 102 106 108 110 111 113 113 114 114 113 113 111 110 108 106 106 103 101 102 104 106 100 92 86 80 75 71 74 76 78 79 82 82 82 86
97 100 100 99 99 100 100 99 101 100 99 98 98 97 96 96 96 96 96 99 103 107 112 116 118 118 118 117 116 115 115 115 115 115 114 113 116 116 117 116 117 117 118 119 117 116 113 113 113 110 109 109 105 105 104 105 100 94 87 82 79 74 76 78 80 82 84 85 90 90
103 103 102 101 103 104 105 105 105 105 105 104 104 103 103 102 101 101 101 103 108 114 119 124 129 127 125 125 124 123 123 123 124 127 127 127 126 125 122 121 120 120 120 122 121 118 118 116 113 113 113 109 107 107 104 104 100 95 91 85 82 80 80 81 83 86 87 88 90 93
111 112 110 108 109 111 112 111 111 111 111 111 110 109 108 107 107 107 107 110 114 118 124 130 134 133 131 130 130 129 130 131 133 137 141 141 137 132 128 125 124 123 122 123 121 123 122 118 117 116 114 111 108 106 104 102 99 95 93 88 86 85 84 86 88 90 91 92 94 99
118 118 118 118 118 120 118 118 118 118 118 117 117 116 114 114 113 112 113 116 120 123 129 133 136 136 136 135 135 135 135 137 139 144 149 151 142 135 130 128 127 127 126 125 125 124 124 123 120 118 115 113 110 107 103 100 99 98 95 92 90 89 90 90 92 94 96 97 98 100
125 124 123 123 125 123 123 123 124 123 124 124 124 122 120 119 118 117 118 120 125 128 133 137 139 140 139 139 139 139 139 142 144 147 149 149 144 136 131 127 126 126 127 128 127 126 125 123 122 120 117 115 113 108 104 99 97 97 95 95 94 94 93 97 98 100 101 103 104 103
131 132 131 131 131 128 127 129 129 129 130 131 130 129 126 125 123 122 121 125 129 134 137 141 142 143 143 143 143 143 143 144 146 148 149 145 141 135 129 128 127 128 128 129 129 129 127 126 125 122 121 118 115 111 105 101 97 97 98 98 99 100 99 101 104 104 106 108 110 110
140 138 137 136 135 133 133 134 134 134 136 137 136 135 132 130 128 127 125 129 134 138 141 145 145 146 146 145 145 145 146 145 147 148 148 145 140 134 127 129 131 132 132 132 131 130 130 129 127 127 124 122 119 115 111 104 102 102 102 103 103 105 105 107 108 109 111 113 115 114
145 145 142 141 140 139 137 137 139 139 141 143 143 141 137 135 134 133 132 136 139 143 146 149 150 149 148 147 146 146 145 146 148 147 147 146 143 138 134 132 133 135 135 137 136 135 134 132 131 130 128 127 124 120 116 110 109 107 108 108 109 110 110 111 114 115 117 119 121 121
