monthly-interpolation-tps/anu/Anuspl43/test/temp/out/tcova1.grd
NCOLS       16
NROWS       16
XLLCORNER    144.50000000000    
YLLCORNER   -44.000000000000    
CELLSIZE    0.25000000000000    
NODATA_VALUE   -9.000000    
  -9.000  -9.000  -9.000  -9.000  -9.000  -9.000  -9.000  -9.000  -9.000  -9.000
  -9.000  -9.000  -9.000   0.880   0.897   0.944
  -9.000  -9.000  -9.000  -9.000  -9.000  -9.000  -9.000  -9.000  -9.000  -9.000
  -9.000  -9.000  -9.000  -9.000   0.812   0.894
   1.088   0.854  -9.000  -9.000  -9.000  -9.000  -9.000  -9.000  -9.000  -9.000
  -9.000  -9.000  -9.000  -9.000  -9.000  -9.000
   0.925   0.754   0.806   0.761   0.779   0.829  -9.000  -9.000  -9.000  -9.000
   0.840   0.879   0.821   0.789   0.798  -9.000
   0.827   0.806   0.786   0.774   0.729   0.729   0.756   0.774   0.757   0.776
   0.752   0.737   0.794   0.797   0.784   0.801
  -9.000   0.846   0.835   0.775   0.762   0.755   0.742   0.768   0.750   0.760
   0.727   0.758   0.776   0.806   0.777   0.768
  -9.000   0.883   0.834   0.753   0.777   0.809   0.762   0.780   0.818   0.762
   0.734   0.749   0.798   0.810   0.756   0.827
  -9.000  -9.000   0.838   0.786   0.810   0.779   0.791   0.795   0.775   0.805
   0.789   0.780   0.759   0.790   0.745   0.878
  -9.000  -9.000   0.833   0.767   0.876   0.788   0.849   0.753   0.778   0.820
   0.788   0.771   0.772   0.791   0.820   0.876
  -9.000  -9.000   0.939   0.797   0.815   0.808   0.804   0.786   0.767   0.783
   0.802   0.819   0.767   0.777   0.821  -9.000
  -9.000  -9.000  -9.000   0.853   0.818   0.830   0.808   0.805   0.800   0.774
   0.748   0.744   0.775   0.835  -9.000  -9.000
  -9.000  -9.000  -9.000   0.907   0.861   0.891   0.863   0.866   0.832   0.775
   0.789   0.709   0.778   0.770  -9.000  -9.000
  -9.000  -9.000  -9.000  -9.000   0.880   0.871   0.840   0.778   0.797   0.807
   0.754   0.780   0.784   0.785  -9.000  -9.000
  -9.000  -9.000  -9.000  -9.000  -9.000   0.873   0.899   0.770   0.843   0.823
   0.769   0.812  -9.000  -9.000  -9.000  -9.000
  -9.000  -9.000  -9.000  -9.000  -9.000  -9.000   0.836   0.812   0.855   0.841
  -9.000  -9.000  -9.000  -9.000  -9.000  -9.000
  -9.000  -9.000  -9.000  -9.000  -9.000  -9.000  -9.000  -9.000  -9.000  -9.000
  -9.000  -9.000  -9.000  -9.000  -9.000  -9.000
