monthly-interpolation-tps/anu/Anuspl43/test/temp/out/tcovb7.grd
NCOLS       16
NROWS       16
XLLCORNER    144.50000000000    
YLLCORNER   -44.000000000000    
CELLSIZE    0.25000000000000    
NODATA_VALUE   -9.000000    
  -9.000  -9.000  -9.000  -9.000  -9.000  -9.000  -9.000  -9.000  -9.000  -9.000
  -9.000  -9.000  -9.000   0.441   0.451   0.466
  -9.000  -9.000  -9.000  -9.000  -9.000  -9.000  -9.000  -9.000  -9.000  -9.000
  -9.000  -9.000  -9.000  -9.000   0.407   0.440
   0.427   0.394  -9.000  -9.000  -9.000  -9.000  -9.000  -9.000  -9.000  -9.000
  -9.000  -9.000  -9.000  -9.000  -9.000  -9.000
   0.413   0.365   0.365   0.373   0.358   0.384  -9.000  -9.000  -9.000  -9.000
   0.387   0.397   0.383   0.370   0.395  -9.000
   0.407   0.372   0.364   0.357   0.357   0.355   0.360   0.365   0.367   0.371
   0.356   0.364   0.363   0.363   0.369   0.403
  -9.000   0.414   0.413   0.386   0.376   0.357   0.348   0.354   0.371   0.363
   0.347   0.368   0.379   0.385   0.374   0.385
  -9.000   0.433   0.415   0.375   0.380   0.390   0.372   0.373   0.403   0.364
   0.361   0.361   0.394   0.403   0.374   0.397
  -9.000  -9.000   0.390   0.364   0.386   0.375   0.379   0.375   0.383   0.395
   0.384   0.387   0.380   0.391   0.373   0.439
  -9.000  -9.000   0.410   0.366   0.419   0.387   0.412   0.376   0.388   0.404
   0.386   0.386   0.385   0.394   0.410   0.434
  -9.000  -9.000   0.445   0.388   0.399   0.396   0.378   0.366   0.376   0.389
   0.397   0.407   0.383   0.386   0.406  -9.000
  -9.000  -9.000  -9.000   0.411   0.404   0.415   0.401   0.392   0.394   0.380
   0.360   0.354   0.377   0.414  -9.000  -9.000
  -9.000  -9.000  -9.000   0.433   0.423   0.438   0.423   0.418   0.409   0.377
   0.360   0.347   0.351   0.376  -9.000  -9.000
  -9.000  -9.000  -9.000  -9.000   0.431   0.429   0.415   0.386   0.390   0.393
   0.355   0.355   0.351   0.372  -9.000  -9.000
  -9.000  -9.000  -9.000  -9.000  -9.000   0.432   0.439   0.378   0.383   0.383
   0.382   0.387  -9.000  -9.000  -9.000  -9.000
  -9.000  -9.000  -9.000  -9.000  -9.000  -9.000   0.416   0.407   0.402   0.404
  -9.000  -9.000  -9.000  -9.000  -9.000  -9.000
  -9.000  -9.000  -9.000  -9.000  -9.000  -9.000  -9.000  -9.000  -9.000  -9.000
  -9.000  -9.000  -9.000  -9.000  -9.000  -9.000
