monthly-interpolation-tps/anu/Anuspl43/test/temp/out/tmaxb1.grd
NCOLS       16
NROWS       16
XLLCORNER    144.50000000000    
YLLCORNER   -44.000000000000    
CELLSIZE    0.25000000000000    
NODATA_VALUE   -99.00000    
  -99.00  -99.00  -99.00  -99.00  -99.00  -99.00  -99.00  -99.00  -99.00  -99.00
  -99.00  -99.00  -99.00   20.76   20.09   21.09
  -99.00  -99.00  -99.00  -99.00  -99.00  -99.00  -99.00  -99.00  -99.00  -99.00
  -99.00  -99.00  -99.00  -99.00   20.82   20.94
   19.42   20.01  -99.00  -99.00  -99.00  -99.00  -99.00  -99.00  -99.00  -99.00
  -99.00  -99.00  -99.00  -99.00  -99.00  -99.00
   19.61   19.96   18.84   19.22   19.30   20.47  -99.00  -99.00  -99.00  -99.00
   20.53   21.65   21.80   20.92   20.72  -99.00
   19.91   19.95   18.82   18.82   18.62   20.14   20.71   20.27   19.11   21.10
   20.69   19.99   19.50   18.78   20.94   20.82
  -99.00   17.90   18.32   16.70   17.40   16.61   18.54   19.38   20.93   21.83
   22.50   17.85   16.68   17.06   19.86   20.92
  -99.00   19.48   18.53   17.35   16.32   15.34   18.34   16.90   18.90   21.08
   23.10   21.39   17.78   18.95   19.42   20.73
  -99.00  -99.00   16.18   18.07   16.34   17.91   16.52   14.96   17.07   17.73
   20.61   23.47   21.41   17.62   19.48   19.59
  -99.00  -99.00   18.26   19.40   16.02   17.98   13.89   17.89   17.72   16.41
   18.23   22.43   19.71   18.72   20.92   18.10
  -99.00  -99.00   17.89   19.38   17.26   16.25   16.95   20.66   17.54   19.88
   19.55   20.15   20.36   21.20   21.46  -99.00
  -99.00  -99.00  -99.00   18.81   18.42   18.09   17.72   17.08   18.48   21.84
   21.50   21.54   19.31   21.60  -99.00  -99.00
  -99.00  -99.00  -99.00   17.81   17.40   15.42   15.32   14.88   17.87   18.26
   16.72   20.72   20.15   18.91  -99.00  -99.00
  -99.00  -99.00  -99.00  -99.00   17.83   15.96   16.17   18.21   17.11   18.37
   18.26   19.71   18.82   17.44  -99.00  -99.00
  -99.00  -99.00  -99.00  -99.00  -99.00   16.61   14.33   16.54   14.67   15.87
   17.97   16.65  -99.00  -99.00  -99.00  -99.00
  -99.00  -99.00  -99.00  -99.00  -99.00  -99.00   16.00   16.82   14.14   16.68
  -99.00  -99.00  -99.00  -99.00  -99.00  -99.00
  -99.00  -99.00  -99.00  -99.00  -99.00  -99.00  -99.00  -99.00  -99.00  -99.00
  -99.00  -99.00  -99.00  -99.00  -99.00  -99.00
