SAL_BMU_Amazon/anu/Anuspl43/test/rad/out/rrad1.grd
NCOLS       16
NROWS       16
XLLCORNER    144.50000000000    
YLLCORNER   -44.000000000000    
CELLSIZE    0.25000000000000    
NODATA_VALUE   -99.00000    
  -99.00  -99.00  -99.00  -99.00  -99.00  -99.00  -99.00  -99.00  -99.00  -99.00
  -99.00  -99.00  -99.00   23.56   23.48   23.48
  -99.00  -99.00  -99.00  -99.00  -99.00  -99.00  -99.00  -99.00  -99.00  -99.00
  -99.00  -99.00  -99.00  -99.00   23.52   23.46
   22.20   22.37  -99.00  -99.00  -99.00  -99.00  -99.00  -99.00  -99.00  -99.00
  -99.00  -99.00  -99.00  -99.00  -99.00  -99.00
   22.12   22.28   22.38   22.56   22.78   23.11  -99.00  -99.00  -99.00  -99.00
   24.03   23.94   23.83   23.68   23.58  -99.00
   22.03   22.17   22.23   22.41   22.66   23.05   23.43   23.77   24.02   24.25
   24.24   24.06   23.83   23.66   23.61   23.49
  -99.00   21.89   22.02   22.13   22.46   22.78   23.30   23.75   24.16   24.45
   24.60   24.32   24.00   23.75   23.63   23.51
  -99.00   21.91   21.90   22.01   22.26   22.63   23.18   23.60   24.10   24.50
   24.81   24.68   24.22   23.93   23.66   23.50
  -99.00  -99.00   21.67   21.87   22.11   22.53   22.99   23.40   23.97   24.36
   24.63   24.70   24.39   23.87   23.63   23.39
  -99.00  -99.00   21.73   21.84   21.97   22.36   22.74   23.28   23.71   23.96
   24.21   24.36   24.06   23.72   23.51   23.21
  -99.00  -99.00   21.61   21.78   21.85   22.16   22.53   22.97   23.23   23.59
   23.72   23.74   23.62   23.45   23.27  -99.00
  -99.00  -99.00  -99.00   21.65   21.75   21.95   22.21   22.46   22.73   23.10
   23.19   23.20   23.06   23.06  -99.00  -99.00
  -99.00  -99.00  -99.00   21.47   21.56   21.68   21.86   22.00   22.19   22.36
   22.42   22.66   22.64   22.59  -99.00  -99.00
  -99.00  -99.00  -99.00  -99.00   21.43   21.45   21.56   21.71   21.77   21.90
   21.99   22.23   22.26   22.22  -99.00  -99.00
  -99.00  -99.00  -99.00  -99.00  -99.00   21.31   21.28   21.43   21.41   21.52
   21.72   21.77  -99.00  -99.00  -99.00  -99.00
  -99.00  -99.00  -99.00  -99.00  -99.00  -99.00   21.23   21.33   21.18   21.37
  -99.00  -99.00  -99.00  -99.00  -99.00  -99.00
  -99.00  -99.00  -99.00  -99.00  -99.00  -99.00  -99.00  -99.00  -99.00  -99.00
  -99.00  -99.00  -99.00  -99.00  -99.00  -99.00
