plan_regional_cc_orinoquia/02_mth_interpolations/anu/Anuspl43/test/rain/out/rain1.grd
NCOLS       16
NROWS       16
XLLCORNER    144.50000000000    
YLLCORNER   -44.000000000000    
CELLSIZE    0.25000000000000    
NODATA_VALUE   -99.00000    
  -99.00  -99.00  -99.00  -99.00  -99.00  -99.00  -99.00  -99.00  -99.00  -99.00
  -99.00  -99.00  -99.00   26.50   29.12   24.31
  -99.00  -99.00  -99.00  -99.00  -99.00  -99.00  -99.00  -99.00  -99.00  -99.00
  -99.00  -99.00  -99.00  -99.00   29.39   28.00
   41.02   40.18  -99.00  -99.00  -99.00  -99.00  -99.00  -99.00  -99.00  -99.00
  -99.00  -99.00  -99.00  -99.00  -99.00  -99.00
   48.11   50.78   56.56   55.14   50.82   40.38  -99.00  -99.00  -99.00  -99.00
   37.58   37.84   38.09   41.41   40.20  -99.00
   55.20   59.45   70.91   72.16   66.44   52.10   46.60   40.93   43.91   39.52
   46.20   52.76   56.99   60.13   52.15   46.37
  -99.00   89.41   97.34  110.59   95.41   90.38   66.65   55.24   47.36   44.43
   43.24   60.47   69.25   69.23   59.64   47.67
  -99.00   81.09  112.70  135.78  135.43  120.71   84.84   75.76   59.22   50.90
   39.86   48.50   67.96   62.55   59.30   48.45
  -99.00  -99.00  155.36  162.90  170.63  134.09  104.26   91.88   59.67   52.47
   46.06   39.97   47.59   66.14   55.09   53.61
  -99.00  -99.00  126.90  153.61  193.32  152.52  126.92   78.72   58.51   60.35
   52.21   37.45   53.21   58.16   48.42   58.30
  -99.00  -99.00  133.93  143.95  189.99  162.41  122.62   76.08   69.06   46.61
   48.51   49.89   52.97   48.67   44.94  -99.00
  -99.00  -99.00  -99.00  143.17  167.43  164.43  130.67   99.56   71.09   42.03
   43.70   48.60   62.89   48.44  -99.00  -99.00
  -99.00  -99.00  -99.00  145.84  164.61  169.17  143.66  123.05   89.11   73.15
   78.52   51.91   54.05   60.16  -99.00  -99.00
  -99.00  -99.00  -99.00  -99.00  140.30  157.44  140.39  110.64  103.14   84.52
   78.09   52.61   55.67   65.35  -99.00  -99.00
  -99.00  -99.00  -99.00  -99.00  -99.00  132.82  143.35  115.18  119.36  101.09
   72.81   74.37  -99.00  -99.00  -99.00  -99.00
  -99.00  -99.00  -99.00  -99.00  -99.00  -99.00  112.86   97.82  116.58   85.54
  -99.00  -99.00  -99.00  -99.00  -99.00  -99.00
  -99.00  -99.00  -99.00  -99.00  -99.00  -99.00  -99.00  -99.00  -99.00  -99.00
  -99.00  -99.00  -99.00  -99.00  -99.00  -99.00
