plan_regional_cc_orinoquia/02_mth_interpolations/anu/Anuspl43/test/temp/out/tcova7.grd
NCOLS       16
NROWS       16
XLLCORNER    144.50000000000    
YLLCORNER   -44.000000000000    
CELLSIZE    0.25000000000000    
NODATA_VALUE   -9.000000    
  -9.000  -9.000  -9.000  -9.000  -9.000  -9.000  -9.000  -9.000  -9.000  -9.000
  -9.000  -9.000  -9.000   0.866   0.881   0.892
  -9.000  -9.000  -9.000  -9.000  -9.000  -9.000  -9.000  -9.000  -9.000  -9.000
  -9.000  -9.000  -9.000  -9.000   0.851   0.866
   0.851   0.832  -9.000  -9.000  -9.000  -9.000  -9.000  -9.000  -9.000  -9.000
  -9.000  -9.000  -9.000  -9.000  -9.000  -9.000
   0.841   0.820   0.808   0.799   0.795   0.795  -9.000  -9.000  -9.000  -9.000
   0.796   0.800   0.802   0.806   0.817  -9.000
   0.832   0.812   0.801   0.794   0.792   0.787   0.788   0.788   0.788   0.789
   0.788   0.793   0.802   0.811   0.808   0.823
  -9.000   0.813   0.803   0.810   0.801   0.808   0.791   0.788   0.784   0.784
   0.784   0.815   0.842   0.838   0.807   0.815
  -9.000   0.812   0.802   0.804   0.815   0.832   0.798   0.817   0.801   0.787
   0.784   0.789   0.839   0.820   0.806   0.813
  -9.000  -9.000   0.812   0.800   0.817   0.803   0.821   0.853   0.825   0.818
   0.792   0.785   0.795   0.827   0.802   0.813
  -9.000  -9.000   0.813   0.801   0.819   0.802   0.863   0.812   0.819   0.840
   0.818   0.787   0.803   0.807   0.801   0.814
  -9.000  -9.000   0.823   0.810   0.805   0.816   0.815   0.791   0.820   0.798
   0.802   0.797   0.794   0.794   0.804  -9.000
  -9.000  -9.000  -9.000   0.819   0.805   0.803   0.806   0.817   0.806   0.786
   0.785   0.785   0.796   0.797  -9.000  -9.000
  -9.000  -9.000  -9.000   0.827   0.814   0.822   0.828   0.841   0.809   0.804
   0.814   0.787   0.792   0.801  -9.000  -9.000
  -9.000  -9.000  -9.000  -9.000   0.826   0.821   0.817   0.803   0.811   0.801
   0.796   0.793   0.798   0.811  -9.000  -9.000
  -9.000  -9.000  -9.000  -9.000  -9.000   0.829   0.835   0.815   0.831   0.818
   0.802   0.806  -9.000  -9.000  -9.000  -9.000
  -9.000  -9.000  -9.000  -9.000  -9.000  -9.000   0.837   0.827   0.834   0.817
  -9.000  -9.000  -9.000  -9.000  -9.000  -9.000
  -9.000  -9.000  -9.000  -9.000  -9.000  -9.000  -9.000  -9.000  -9.000  -9.000
  -9.000  -9.000  -9.000  -9.000  -9.000  -9.000
