plan_regional_cc_orinoquia/02_mth_interpolations/anu/Anuspl43/test/temp/out/tcovb1.grd
NCOLS       16
NROWS       16
XLLCORNER    144.50000000000    
YLLCORNER   -44.000000000000    
CELLSIZE    0.25000000000000    
NODATA_VALUE   -9.000000    
  -9.000  -9.000  -9.000  -9.000  -9.000  -9.000  -9.000  -9.000  -9.000  -9.000
  -9.000  -9.000  -9.000   0.592   0.604   0.626
  -9.000  -9.000  -9.000  -9.000  -9.000  -9.000  -9.000  -9.000  -9.000  -9.000
  -9.000  -9.000  -9.000  -9.000   0.546   0.593
   0.576   0.530  -9.000  -9.000  -9.000  -9.000  -9.000  -9.000  -9.000  -9.000
  -9.000  -9.000  -9.000  -9.000  -9.000  -9.000
   0.555   0.489   0.491   0.501   0.480   0.523  -9.000  -9.000  -9.000  -9.000
   0.522   0.537   0.517   0.498   0.534  -9.000
   0.548   0.500   0.491   0.480   0.482   0.477   0.486   0.492   0.493   0.500
   0.478   0.489   0.487   0.487   0.496   0.543
  -9.000   0.565   0.563   0.523   0.509   0.480   0.466   0.476   0.502   0.491
   0.467   0.496   0.511   0.521   0.504   0.519
  -9.000   0.591   0.566   0.505   0.515   0.528   0.503   0.504   0.550   0.491
   0.488   0.488   0.534   0.549   0.503   0.537
  -9.000  -9.000   0.527   0.491   0.522   0.505   0.512   0.504   0.517   0.537
   0.523   0.526   0.515   0.529   0.502   0.600
  -9.000  -9.000   0.555   0.493   0.573   0.525   0.561   0.507   0.526   0.549
   0.521   0.523   0.521   0.535   0.559   0.589
  -9.000  -9.000   0.604   0.523   0.543   0.537   0.509   0.493   0.508   0.528
   0.540   0.557   0.518   0.521   0.552  -9.000
  -9.000  -9.000  -9.000   0.556   0.547   0.563   0.543   0.531   0.535   0.514
   0.485   0.476   0.509   0.564  -9.000  -9.000
  -9.000  -9.000  -9.000   0.588   0.573   0.594   0.571   0.568   0.557   0.510
   0.483   0.466   0.470   0.507  -9.000  -9.000
  -9.000  -9.000  -9.000  -9.000   0.585   0.583   0.563   0.523   0.528   0.533
   0.476   0.477   0.471   0.498  -9.000  -9.000
  -9.000  -9.000  -9.000  -9.000  -9.000   0.586   0.599   0.509   0.516   0.515
   0.514   0.523  -9.000  -9.000  -9.000  -9.000
  -9.000  -9.000  -9.000  -9.000  -9.000  -9.000   0.559   0.550   0.542   0.545
  -9.000  -9.000  -9.000  -9.000  -9.000  -9.000
  -9.000  -9.000  -9.000  -9.000  -9.000  -9.000  -9.000  -9.000  -9.000  -9.000
  -9.000  -9.000  -9.000  -9.000  -9.000  -9.000
