plan_regional_cc_orinoquia/02_mth_interpolations/anu/Anuspl43/test/temp/out/tmaxa7.grd
NCOLS       16
NROWS       16
XLLCORNER    144.50000000000    
YLLCORNER   -44.000000000000    
CELLSIZE    0.25000000000000    
NODATA_VALUE   -99.00000    
  -99.00  -99.00  -99.00  -99.00  -99.00  -99.00  -99.00  -99.00  -99.00  -99.00
  -99.00  -99.00  -99.00   12.33   11.75   13.34
  -99.00  -99.00  -99.00  -99.00  -99.00  -99.00  -99.00  -99.00  -99.00  -99.00
  -99.00  -99.00  -99.00  -99.00   12.68   13.41
   11.75   12.25  -99.00  -99.00  -99.00  -99.00  -99.00  -99.00  -99.00  -99.00
  -99.00  -99.00  -99.00  -99.00  -99.00  -99.00
   11.67   11.70   10.37   10.76   10.92   12.46  -99.00  -99.00  -99.00  -99.00
   12.21   12.77   12.59   11.82   12.38  -99.00
   11.86   11.28    9.61    9.38    9.07   10.89   11.80   11.54   10.25   11.98
   10.87    9.73    8.94    8.50   11.93   13.27
  -99.00    8.98    8.57    6.40    6.88    5.87    7.96    8.72    9.95   10.40
   10.97    6.04    4.42    5.33    9.91   12.92
  -99.00   11.14    9.01    6.91    5.19    3.64    6.57    4.64    6.30    8.49
   10.78    8.63    4.30    6.45    9.22   12.84
  -99.00  -99.00    7.49    8.12    5.08    6.09    4.18    1.96    3.91    4.65
    7.68   10.38    8.33    5.64    9.87   12.21
  -99.00  -99.00   11.09   10.47    5.15    6.41    1.47    4.94    4.36    2.97
    4.75    9.28    7.13    7.61   11.84   10.78
  -99.00  -99.00   11.62   11.48    7.48    5.18    5.02    8.13    4.26    6.63
    6.29    7.29    8.39   10.62   12.64  -99.00
  -99.00  -99.00  -99.00   11.69    9.70    7.98    6.46    4.86    5.80    9.31
    9.26    9.92    8.27   11.73  -99.00  -99.00
  -99.00  -99.00  -99.00   11.39    9.54    6.08    4.79    3.35    5.93    6.29
    5.35   10.62   10.66   10.14  -99.00  -99.00
  -99.00  -99.00  -99.00  -99.00   10.98    7.76    6.87    8.09    6.21    7.39
    8.28   11.00   10.74    9.96  -99.00  -99.00
  -99.00  -99.00  -99.00  -99.00  -99.00    9.68    6.28    7.79    5.24    6.57
    9.65    9.15  -99.00  -99.00  -99.00  -99.00
  -99.00  -99.00  -99.00  -99.00  -99.00  -99.00    9.50    9.75    6.54    9.41
  -99.00  -99.00  -99.00  -99.00  -99.00  -99.00
  -99.00  -99.00  -99.00  -99.00  -99.00  -99.00  -99.00  -99.00  -99.00  -99.00
  -99.00  -99.00  -99.00  -99.00  -99.00  -99.00
