plan_regional_cc_orinoquia/02_mth_interpolations/anu/Anuspl43/test/rad/rain27.grd
NCOLS       16
NROWS       16
XLLCORNER    144.50000000000    
YLLCORNER   -44.000000000000    
CELLSIZE    0.25000000000000    
NODATA_VALUE   -99.00000    
  -99.00  -99.00  -99.00  -99.00  -99.00  -99.00  -99.00  -99.00  -99.00  -99.00
  -99.00  -99.00  -99.00  110.00  115.08   91.45
  -99.00  -99.00  -99.00  -99.00  -99.00  -99.00  -99.00  -99.00  -99.00  -99.00
  -99.00  -99.00  -99.00  -99.00  100.70   88.97
  158.88  149.12  -99.00  -99.00  -99.00  -99.00  -99.00  -99.00  -99.00  -99.00
  -99.00  -99.00  -99.00  -99.00  -99.00  -99.00
  158.42  157.34  179.95  171.20  168.77  134.88  -99.00  -99.00  -99.00  -99.00
  118.67  105.05  103.07  121.69  105.68  -99.00
  157.22  166.57  203.18  210.92  216.94  169.75  139.13  132.69  149.33  120.67
  140.20  159.15  171.33  169.72  113.85   85.57
  -99.00  219.41  235.33  273.53  256.92  255.68  209.34  179.44  149.34  134.69
  116.33  184.39  207.36  191.28  120.64   77.45
  -99.00  184.74  240.10  281.61  291.69  279.61  220.74  202.97  165.78  139.65
   85.34  109.20  177.07  144.31  106.73   68.76
  -99.00  -99.00  286.25  290.26  307.15  260.67  224.51  208.62  143.01  122.22
   93.57   58.84   81.65  132.25   82.92   70.63
  -99.00  -99.00  227.35  263.91  312.53  261.72  243.00  152.34  108.79  115.69
   93.50   55.44   84.32   89.07   59.92   80.59
  -99.00  -99.00  221.19  235.29  294.37  263.93  209.27  146.60  112.30   68.18
   70.16   71.42   73.85   66.05   57.12  -99.00
  -99.00  -99.00  -99.00  221.07  257.64  259.37  217.97  164.73  118.74   67.96
   64.66   67.48   91.59   72.54  -99.00  -99.00
  -99.00  -99.00  -99.00  213.67  244.37  258.48  225.56  189.60  149.36  124.13
  120.02   80.13   85.71   99.40  -99.00  -99.00
  -99.00  -99.00  -99.00  -99.00  199.19  233.37  218.99  189.17  172.62  152.77
  137.14   88.93   93.41  105.04  -99.00  -99.00
  -99.00  -99.00  -99.00  -99.00  -99.00  184.26  209.64  179.38  184.79  165.98
  129.03  122.50  -99.00  -99.00  -99.00  -99.00
  -99.00  -99.00  -99.00  -99.00  -99.00  -99.00  147.01  133.78  172.26  135.15
  -99.00  -99.00  -99.00  -99.00  -99.00  -99.00
  -99.00  -99.00  -99.00  -99.00  -99.00  -99.00  -99.00  -99.00  -99.00  -99.00
  -99.00  -99.00  -99.00  -99.00  -99.00  -99.00
