plan_regional_cc_orinoquia/02_mth_interpolations/anu/Anuspl43/test/rad/rain21.grd
NCOLS       16
NROWS       16
XLLCORNER    144.50000000000    
YLLCORNER   -44.000000000000    
CELLSIZE    0.25000000000000    
NODATA_VALUE   -99.00000    
  -99.00  -99.00  -99.00  -99.00  -99.00  -99.00  -99.00  -99.00  -99.00  -99.00
  -99.00  -99.00  -99.00   39.69   43.02   37.79
  -99.00  -99.00  -99.00  -99.00  -99.00  -99.00  -99.00  -99.00  -99.00  -99.00
  -99.00  -99.00  -99.00  -99.00   41.00   39.53
   54.24   49.82  -99.00  -99.00  -99.00  -99.00  -99.00  -99.00  -99.00  -99.00
  -99.00  -99.00  -99.00  -99.00  -99.00  -99.00
   53.83   51.80   58.38   56.46   53.19   43.62  -99.00  -99.00  -99.00  -99.00
   41.31   40.35   39.92   44.69   44.43  -99.00
   55.35   57.59   71.17   71.65   67.19   52.40   46.07   42.52   45.91   40.81
   46.90   53.41   58.47   61.48   50.13   46.69
  -99.00   86.42   94.75  109.26   96.95   92.51   67.96   56.52   47.89   45.26
   43.41   62.16   71.43   70.78   57.64   47.58
  -99.00   78.38  108.40  130.62  130.94  118.53   86.50   77.37   60.16   50.73
   40.21   48.52   68.25   62.70   58.09   47.87
  -99.00  -99.00  143.80  152.78  157.97  129.29  103.62   91.65   62.55   52.83
   45.80   39.75   47.44   63.76   53.30   50.44
  -99.00  -99.00  118.10  144.20  173.90  143.29  119.78   79.51   59.71   60.10
   51.90   38.55   51.56   54.68   46.83   52.99
  -99.00  -99.00  119.75  130.70  170.19  148.18  116.19   77.39   67.61   47.80
   48.84   49.57   52.12   48.57   43.71  -99.00
  -99.00  -99.00  -99.00  124.36  147.11  147.31  121.76   94.65   71.06   44.63
   45.16   48.88   60.06   48.18  -99.00  -99.00
  -99.00  -99.00  -99.00  120.69  138.49  145.30  126.19  107.98   84.73   72.83
   74.62   52.15   54.70   56.32  -99.00  -99.00
  -99.00  -99.00  -99.00  -99.00  111.52  128.83  118.89   99.09   93.15   81.61
   75.13   51.96   51.56   55.04  -99.00  -99.00
  -99.00  -99.00  -99.00  -99.00  -99.00   99.79  112.08   92.92   98.21   86.94
   65.65   63.94  -99.00  -99.00  -99.00  -99.00
  -99.00  -99.00  -99.00  -99.00  -99.00  -99.00   76.37   67.54   88.55   67.32
  -99.00  -99.00  -99.00  -99.00  -99.00  -99.00
  -99.00  -99.00  -99.00  -99.00  -99.00  -99.00  -99.00  -99.00  -99.00  -99.00
  -99.00  -99.00  -99.00  -99.00  -99.00  -99.00
