SAL_BMU_Amazon/anu/Anuspl43/test/temp/out/tmaxb7.grd
NCOLS       16
NROWS       16
XLLCORNER    144.50000000000    
YLLCORNER   -44.000000000000    
CELLSIZE    0.25000000000000    
NODATA_VALUE   -99.00000    
  -99.00  -99.00  -99.00  -99.00  -99.00  -99.00  -99.00  -99.00  -99.00  -99.00
  -99.00  -99.00  -99.00   12.09   11.38   12.73
  -99.00  -99.00  -99.00  -99.00  -99.00  -99.00  -99.00  -99.00  -99.00  -99.00
  -99.00  -99.00  -99.00  -99.00   12.26   12.78
   11.94   12.34  -99.00  -99.00  -99.00  -99.00  -99.00  -99.00  -99.00  -99.00
  -99.00  -99.00  -99.00  -99.00  -99.00  -99.00
   11.84   11.80   10.42   10.72   10.83   12.30  -99.00  -99.00  -99.00  -99.00
   12.07   12.83   12.69   11.80   12.08  -99.00
   11.99   11.36    9.66    9.36    8.99   10.75   11.66   11.42   10.07   11.64
   10.68    9.83    9.23    8.80   11.94   13.03
  -99.00    9.10    8.64    6.46    6.82    5.79    7.92    8.84   10.05   10.21
   10.62    6.04    4.89    6.01   10.43   13.23
  -99.00   11.14    9.04    6.94    5.15    3.57    6.58    5.05    6.76    8.49
   10.34    8.45    4.79    7.26   10.07   13.57
  -99.00  -99.00    7.58    8.23    5.26    6.16    4.42    2.59    4.59    5.03
    7.61   10.18    8.49    6.26   10.65   13.10
  -99.00  -99.00   11.07   10.66    5.62    6.68    1.89    5.53    5.16    3.74
    5.26    9.41    7.37    8.00   12.30   11.54
  -99.00  -99.00   11.58   11.59    7.77    5.45    5.26    8.40    4.78    7.21
    6.94    7.71    8.82   11.12   13.14  -99.00
  -99.00  -99.00  -99.00   11.69    9.75    7.99    6.46    4.92    5.75    9.00
    9.28   10.12    8.75   12.32  -99.00  -99.00
  -99.00  -99.00  -99.00   11.35    9.51    6.08    4.77    3.37    5.77    5.98
    5.27   10.57   10.82   10.45  -99.00  -99.00
  -99.00  -99.00  -99.00  -99.00   10.92    7.78    6.90    8.11    6.35    7.58
    8.32   10.85   10.64    9.91  -99.00  -99.00
  -99.00  -99.00  -99.00  -99.00  -99.00    9.76    6.51    8.03    5.63    6.92
    9.72    9.05  -99.00  -99.00  -99.00  -99.00
  -99.00  -99.00  -99.00  -99.00  -99.00  -99.00    9.76   10.04    6.93    9.63
  -99.00  -99.00  -99.00  -99.00  -99.00  -99.00
  -99.00  -99.00  -99.00  -99.00  -99.00  -99.00  -99.00  -99.00  -99.00  -99.00
  -99.00  -99.00  -99.00  -99.00  -99.00  -99.00
