SAL_BMU_Amazon/anu/Anuspl43/test/temp/out/tmaxa1.grd
NCOLS       16
NROWS       16
XLLCORNER    144.50000000000    
YLLCORNER   -44.000000000000    
CELLSIZE    0.25000000000000    
NODATA_VALUE   -99.00000    
  -99.00  -99.00  -99.00  -99.00  -99.00  -99.00  -99.00  -99.00  -99.00  -99.00
  -99.00  -99.00  -99.00   20.47   19.82   21.06
  -99.00  -99.00  -99.00  -99.00  -99.00  -99.00  -99.00  -99.00  -99.00  -99.00
  -99.00  -99.00  -99.00  -99.00   20.65   20.89
   19.42   20.03  -99.00  -99.00  -99.00  -99.00  -99.00  -99.00  -99.00  -99.00
  -99.00  -99.00  -99.00  -99.00  -99.00  -99.00
   19.65   19.97   18.70   18.97   18.98   20.24  -99.00  -99.00  -99.00  -99.00
   20.13   21.24   21.57   20.74   20.62  -99.00
   19.94   19.93   18.67   18.70   18.45   20.22   20.79   20.04   18.69   21.19
   20.62   19.77   19.29   18.44   20.98   20.80
  -99.00   17.55   18.05   16.33   17.31   16.55   18.60   19.10   20.68   21.76
   22.70   17.74   16.27   16.43   19.61   20.76
  -99.00   19.45   18.33   16.96   15.84   14.98   18.41   16.37   18.37   20.82
   23.08   21.31   17.14   18.41   18.97   20.52
  -99.00  -99.00   15.70   17.74   15.49   17.67   16.28   14.31   16.62   17.27
   20.39   23.54   21.24   17.01   19.25   19.47
  -99.00  -99.00   18.14   19.35   15.04   17.59   13.11   17.68   17.44   15.83
   17.64   22.38   19.32   18.33   20.85   17.69
  -99.00  -99.00   17.66   19.31   16.68   15.56   16.45   20.67   16.97   19.58
   18.97   19.67   19.96   20.95   21.34  -99.00
  -99.00  -99.00  -99.00   18.64   18.15   17.80   17.36   16.47   17.95   21.70
   20.97   21.09   18.79   21.45  -99.00  -99.00
  -99.00  -99.00  -99.00   17.47   17.00   14.75   14.67   14.11   17.55   17.78
   15.08   20.21   20.20   18.82  -99.00  -99.00
  -99.00  -99.00  -99.00  -99.00   17.47   15.35   15.70   18.31   17.29   18.75
   17.80   19.54   18.99   17.52  -99.00  -99.00
  -99.00  -99.00  -99.00  -99.00  -99.00   16.06   13.54   16.49   14.73   16.13
   17.87   16.17  -99.00  -99.00  -99.00  -99.00
  -99.00  -99.00  -99.00  -99.00  -99.00  -99.00   15.50   16.78   13.93   16.78
  -99.00  -99.00  -99.00  -99.00  -99.00  -99.00
  -99.00  -99.00  -99.00  -99.00  -99.00  -99.00  -99.00  -99.00  -99.00  -99.00
  -99.00  -99.00  -99.00  -99.00  -99.00  -99.00
