monthly-interpolation-tps/anu/Anuspl43/test/rain/out/rain7.grd
NCOLS       16
NROWS       16
XLLCORNER    144.50000000000    
YLLCORNER   -44.000000000000    
CELLSIZE    0.25000000000000    
NODATA_VALUE   -99.00000    
  -99.00  -99.00  -99.00  -99.00  -99.00  -99.00  -99.00  -99.00  -99.00  -99.00
  -99.00  -99.00  -99.00   83.69   87.82   65.96
  -99.00  -99.00  -99.00  -99.00  -99.00  -99.00  -99.00  -99.00  -99.00  -99.00
  -99.00  -99.00  -99.00  -99.00   78.66   67.67
  131.62  129.63  -99.00  -99.00  -99.00  -99.00  -99.00  -99.00  -99.00  -99.00
  -99.00  -99.00  -99.00  -99.00  -99.00  -99.00
  143.86  161.38  175.94  166.66  162.62  126.54  -99.00  -99.00  -99.00  -99.00
  110.09  100.41  102.57  117.54   99.13  -99.00
  156.13  173.64  203.83  214.20  217.92  169.72  135.16  127.41  145.12  118.80
  140.17  161.44  172.01  170.21  118.73   83.69
  -99.00  221.72  236.72  271.67  253.34  251.95  207.07  178.33  148.89  132.41
  118.05  187.38  208.46  191.84  124.39   75.72
  -99.00  188.20  243.27  282.38  292.59  280.25  220.55  210.21  176.81  144.10
   84.98  111.46  179.36  145.26  107.92   68.32
  -99.00  -99.00  296.77  297.87  315.80  263.02  224.28  207.58  140.85  121.28
   96.52   59.60   82.26  136.60   86.08   74.59
  -99.00  -99.00  241.61  277.35  328.11  267.99  246.30  149.09  103.71  109.25
   91.04   55.40   86.78   94.62   62.17   89.69
  -99.00  -99.00  240.29  252.28  312.47  275.59  213.27  147.03  111.13   64.87
   67.66   71.18   74.63   66.45   59.31  -99.00
  -99.00  -99.00  -99.00  244.37  280.05  277.09  227.00  169.41  118.68   63.02
   62.40   68.60   94.93   72.94  -99.00  -99.00
  -99.00  -99.00  -99.00  244.55  274.73  284.74  244.86  206.05  155.14  124.50
  123.19   80.35   86.64  107.56  -99.00  -99.00
  -99.00  -99.00  -99.00  -99.00  234.96  267.85  245.49  204.43  185.80  157.18
  141.34   90.07  101.00  123.37  -99.00  -99.00
  -99.00  -99.00  -99.00  -99.00  -99.00  226.56  249.36  208.80  212.24  184.89
  138.63  138.34  -99.00  -99.00  -99.00  -99.00
  -99.00  -99.00  -99.00  -99.00  -99.00  -99.00  195.65  174.76  209.87  159.83
  -99.00  -99.00  -99.00  -99.00  -99.00  -99.00
  -99.00  -99.00  -99.00  -99.00  -99.00  -99.00  -99.00  -99.00  -99.00  -99.00
  -99.00  -99.00  -99.00  -99.00  -99.00  -99.00
