plan_regional_cc_orinoquia/02_mth_interpolations/anu/Anuspl43/test/rad/out/rad1.grd
NCOLS       16
NROWS       16
XLLCORNER    144.50000000000    
YLLCORNER   -44.000000000000    
CELLSIZE    0.25000000000000    
NODATA_VALUE   -99.00000    
  -99.00  -99.00  -99.00  -99.00  -99.00  -99.00  -99.00  -99.00  -99.00  -99.00
  -99.00  -99.00  -99.00   23.32   23.26   23.20
  -99.00  -99.00  -99.00  -99.00  -99.00  -99.00  -99.00  -99.00  -99.00  -99.00
  -99.00  -99.00  -99.00  -99.00   23.27   23.20
   22.10   22.27  -99.00  -99.00  -99.00  -99.00  -99.00  -99.00  -99.00  -99.00
  -99.00  -99.00  -99.00  -99.00  -99.00  -99.00
   21.97   22.15   22.35   22.55   22.78   23.05  -99.00  -99.00  -99.00  -99.00
   23.91   23.77   23.62   23.50   23.40  -99.00
   21.85   22.05   22.26   22.49   22.74   23.05   23.40   23.75   24.04   24.23
   24.24   24.05   23.82   23.68   23.52   23.37
  -99.00   21.94   22.18   22.43   22.72   23.06   23.45   23.85   24.22   24.51
   24.65   24.49   24.19   23.91   23.66   23.44
  -99.00   21.83   22.08   22.36   22.67   23.03   23.43   23.86   24.28   24.66
   24.90   24.82   24.48   24.08   23.74   23.46
  -99.00  -99.00   21.96   22.25   22.57   22.92   23.31   23.72   24.14   24.53
   24.79   24.81   24.51   24.05   23.68   23.39
  -99.00  -99.00   21.81   22.09   22.40   22.73   23.08   23.44   23.81   24.15
   24.39   24.44   24.21   23.83   23.51   23.24
  -99.00  -99.00   21.62   21.89   22.17   22.46   22.75   23.04   23.33   23.61
   23.82   23.87   23.75   23.51   23.25  -99.00
  -99.00  -99.00  -99.00   21.65   21.90   22.15   22.38   22.58   22.79   23.02
   23.19   23.27   23.23   23.10  -99.00  -99.00
  -99.00  -99.00  -99.00   21.37   21.60   21.80   21.98   22.12   22.27   22.46
   22.61   22.69   22.72   22.66  -99.00  -99.00
  -99.00  -99.00  -99.00  -99.00   21.27   21.44   21.59   21.72   21.85   21.99
   22.11   22.20   22.25   22.24  -99.00  -99.00
  -99.00  -99.00  -99.00  -99.00  -99.00   21.10   21.23   21.35   21.46   21.58
   21.68   21.77  -99.00  -99.00  -99.00  -99.00
  -99.00  -99.00  -99.00  -99.00  -99.00  -99.00   20.89   21.00   21.10   21.21
  -99.00  -99.00  -99.00  -99.00  -99.00  -99.00
  -99.00  -99.00  -99.00  -99.00  -99.00  -99.00  -99.00  -99.00  -99.00  -99.00
  -99.00  -99.00  -99.00  -99.00  -99.00  -99.00
