plan_regional_cc_orinoquia/02_mth_interpolations/anu/Anuspl43/test/rad/out/rrad7.grd
NCOLS       16
NROWS       16
XLLCORNER    144.50000000000    
YLLCORNER   -44.000000000000    
CELLSIZE    0.25000000000000    
NODATA_VALUE   -99.00000    
  -99.00  -99.00  -99.00  -99.00  -99.00  -99.00  -99.00  -99.00  -99.00  -99.00
  -99.00  -99.00  -99.00    6.19    6.13    6.42
  -99.00  -99.00  -99.00  -99.00  -99.00  -99.00  -99.00  -99.00  -99.00  -99.00
  -99.00  -99.00  -99.00  -99.00    6.24    6.38
    5.52    5.62  -99.00  -99.00  -99.00  -99.00  -99.00  -99.00  -99.00  -99.00
  -99.00  -99.00  -99.00  -99.00  -99.00  -99.00
    5.47    5.50    5.37    5.44    5.47    5.75  -99.00  -99.00  -99.00  -99.00
    5.90    6.06    6.07    5.84    6.01  -99.00
    5.41    5.36    5.17    5.16    5.15    5.39    5.62    5.67    5.52    5.78
    5.59    5.43    5.34    5.33    5.80    6.15
  -99.00    5.01    4.97    4.89    4.93    4.93    5.07    5.20    5.39    5.51
    5.69    5.13    5.01    5.07    5.60    6.14
  -99.00    5.07    4.85    4.77    4.75    4.76    4.90    4.95    5.13    5.32
    5.93    5.61    5.00    5.23    5.61    6.13
  -99.00  -99.00    4.64    4.64    4.61    4.67    4.75    4.78    5.16    5.33
    5.65    6.15    5.79    5.18    5.77    5.96
  -99.00  -99.00    4.67    4.56    4.47    4.53    4.55    4.96    5.35    5.24
    5.48    6.04    5.59    5.53    5.98    5.67
  -99.00  -99.00    4.57    4.51    4.37    4.39    4.52    4.86    5.15    5.72
    5.66    5.63    5.59    5.72    5.88  -99.00
  -99.00  -99.00  -99.00    4.43    4.30    4.27    4.35    4.57    4.93    5.57
    5.60    5.55    5.19    5.48  -99.00  -99.00
  -99.00  -99.00  -99.00    4.33    4.20    4.13    4.18    4.28    4.50    4.70
    4.72    5.22    5.14    4.97  -99.00  -99.00
  -99.00  -99.00  -99.00  -99.00    4.23    4.06    4.07    4.15    4.20    4.31
    4.43    4.97    4.91    4.77  -99.00  -99.00
  -99.00  -99.00  -99.00  -99.00  -99.00    4.14    3.97    4.08    4.01    4.10
    4.39    4.45  -99.00  -99.00  -99.00  -99.00
  -99.00  -99.00  -99.00  -99.00  -99.00  -99.00    4.23    4.31    3.97    4.24
  -99.00  -99.00  -99.00  -99.00  -99.00  -99.00
  -99.00  -99.00  -99.00  -99.00  -99.00  -99.00  -99.00  -99.00  -99.00  -99.00
  -99.00  -99.00  -99.00  -99.00  -99.00  -99.00
