EcoCrop/data/climate/prec_10.asc
NCOLS 660 
NROWS 360 
XLLCORNER -20 
YLLCORNER -30 
CELLSIZE 0.1666667 
NODATA_value -3.4e+38 
[rows 124 to 154 of 360, columns 138 to 206 of 660]
109 110 111 113 113 112 113 115 112 111 110 110 111 108 108 109 102 99 101 104 107 113 115 116 121 124 129 130 128 130 130 129 125 119 94 87 83 81 81 86 84 81 78 75 72 70 68 66 65 63 62 60 59 57 56 54 52 54 59 62 66 68 69 67 63 59 55 52 50
118 119 119 120 121 122 122 124 122 119 115 114 112 110 110 106 104 99 100 106 108 113 116 117 119 124 128 131 130 132 132 133 130 125 114 108 109 107 105 101 95 90 86 82 79 77 74 73 71 69 68 69 67 65 62 61 67 62 66 70 74 76 75 73 69 65 61 58 58
126 125 127 129 131 130 129 131 127 126 125 125 123 117 112 109 105 104 104 108 110 112 115 117 120 125 130 131 132 133 134 135 133 130 125 122 119 117 117 110 103 97 93 89 86 84 82 79 78 76 75 75 74 72 71 69 72 72 76 78 86 84 84 80 76 72 69 66 66
130 132 134 135 136 137 138 136 137 134 133 133 127 125 120 116 110 108 108 109 112 114 116 120 122 127 135 131 133 135 137 134 137 133 130 126 125 123 121 115 109 104 100 96 93 91 89 87 85 84 83 83 83 84 80 79 80 84 89 88 92 96 93 89 84 80 76 74 73
137 137 142 140 142 145 145 145 145 142 145 141 140 131 129 125 120 115 113 113 113 117 119 119 126 131 133 134 134 137 139 135 135 135 134 130 128 125 123 118 113 109 106 103 100 99 97 95 93 92 91 91 97 90 89 89 90 99 94 99 103 107 102 98 92 88 84 82 81
136 140 142 143 146 149 154 157 157 156 157 153 147 140 137 129 126 123 120 118 115 116 120 123 125 128 132 133 135 139 137 137 140 139 136 133 131 129 125 121 117 114 112 111 108 107 106 104 102 101 99 98 103 99 97 98 98 101 103 108 113 113 110 104 99 95 92 89 89
138 141 143 148 150 158 162 165 169 176 175 169 164 148 141 138 131 128 128 128 122 120 120 125 132 129 134 135 136 139 139 140 141 140 137 137 136 133 129 125 121 120 120 119 117 116 114 113 111 110 108 111 111 111 107 106 109 109 111 113 116 116 113 110 105 101 99 96 95
135 138 147 149 151 160 167 174 180 186 186 177 171 161 150 142 143 135 136 134 131 123 120 131 131 132 134 137 140 143 142 143 141 141 139 140 140 139 136 132 129 129 128 128 127 125 123 122 121 120 118 117 118 119 116 115 115 117 117 119 119 119 116 113 110 107 105 104 102
134 139 145 152 155 161 168 179 185 188 187 179 173 166 157 151 146 142 142 140 131 128 123 127 131 140 141 145 146 146 146 145 143 142 143 145 146 146 146 143 141 140 140 139 137 136 135 133 131 130 128 126 127 125 125 123 123 124 123 123 122 121 119 117 115 112 112 112 113
133 140 145 152 158 165 175 181 184 188 185 183 175 167 161 157 152 146 145 137 135 136 127 133 139 150 152 152 154 155 154 152 148 143 148 153 158 160 158 157 156 153 153 151 149 147 148 144 142 140 139 137 136 135 134 133 132 130 130 125 126 123 118 120 119 117 118 118 115
133 139 146 154 163 172 177 182 185 186 187 189 173 165 157 153 154 148 149 153 140 137 149 145 150 158 161 164 164 164 164 162 161 159 162 168 170 173 174 173 171 168 167 164 162 161 159 156 155 153 149 147 147 146 144 142 141 138 133 129 127 128 119 121 120 121 122 122 121
133 142 148 159 169 178 181 185 186 186 181 179 172 167 158 151 151 154 156 163 148 147 145 150 161 159 167 175 178 177 178 178 178 180 182 188 191 192 192 191 187 184 181 179 175 173 171 169 166 163 160 161 158 158 155 153 149 145 141 136 131 127 123 123 125 126 128 128 129
139 139 152 166 174 183 186 191 188 186 183 179 174 166 157 151 154 157 161 163 162 157 153 160 167 170 177 183 184 187 192 193 198 201 205 208 212 214 212 209 207 203 198 194 190 187 184 180 177 175 172 171 170 168 165 164 159 155 150 144 138 133 130 130 132 135 137 138 139
143 146 154 170 179 188 191 194 194 191 189 184 184 172 165 160 164 169 171 171 173 166 162 167 171 178 187 195 196 201 205 211 218 223 229 235 238 237 234 230 225 220 215 208 205 200 196 192 186 187 185 183 180 179 177 173 170 166 161 155 149 145 141 141 142 144 146 147 147
154 154 162 175 188 196 198 198 198 196 193 194 189 182 178 176 178 182 186 187 183 177 177 178 183 193 200 202 205 213 221 229 240 247 254 260 263 262 257 251 244 237 228 225 213 209 209 205 196 195 193 191 191 190 189 186 184 180 175 168 162 157 155 153 152 153 153 153 152
161 164 167 177 188 198 199 201 201 203 203 200 197 194 192 191 192 198 207 209 202 193 191 191 195 204 213 207 216 226 238 248 262 270 280 286 290 290 281 272 264 256 233 235 223 218 222 216 208 204 204 202 203 202 202 201 198 195 189 182 175 170 167 165 163 162 163 163 162
167 165 169 182 189 192 198 204 209 211 212 212 209 208 209 207 211 212 216 219 214 208 205 206 208 211 222 212 223 240 255 268 279 289 298 306 312 311 302 277 272 258 241 243 233 228 216 222 219 213 213 215 215 214 215 214 212 210 204 196 189 183 179 176 174 174 173 174 173
173 172 185 -3.4e+38 -3.4e+38 -3.4e+38 -3.4e+38 211 216 221 224 225 225 227 226 226 224 222 222 223 222 221 218 221 223 224 233 219 234 254 273 286 295 304 316 323 326 324 306 306 298 282 249 239 232 232 221 226 226 232 230 226 228 228 228 227 226 223 216 208 201 197 190 187 187 186 186 185 184
-3.4e+38 -3.4e+38 -3.4e+38 -3.4e+38 -3.4e+38 -3.4e+38 -3.4e+38 -3.4e+38 -3.4e+38 -3.4e+38 237 240 241 243 242 241 238 235 233 232 231 232 229 239 242 239 239 235 246 265 285 296 305 316 327 334 313 320 303 275 294 284 283 237 228 230 228 245 243 242 240 240 240 241 241 240 238 234 227 220 212 206 201 198 198 197 198 198 196
-3.4e+38 -3.4e+38 -3.4e+38 -3.4e+38 -3.4e+38 -3.4e+38 -3.4e+38 -3.4e+38 -3.4e+38 -3.4e+38 -3.4e+38 258 261 262 261 258 256 253 249 247 243 240 241 251 256 253 252 247 254 268 284 297 310 321 333 344 350 352 347 310 277 237 252 241 241 241 247 248 252 252 251 250 251 252 253 253 250 245 238 229 221 215 209 206 207 208 211 210 208
-3.4e+38 -3.4e+38 -3.4e+38 -3.4e+38 -3.4e+38 -3.4e+38 -3.4e+38 -3.4e+38 -3.4e+38 -3.4e+38 -3.4e+38 -3.4e+38 281 284 282 278 275 272 270 264 258 255 254 256 262 259 255 254 258 268 284 298 314 329 340 350 359 365 362 351 301 271 249 239 255 253 245 257 262 261 260 259 260 263 265 265 260 254 247 239 229 222 216 214 216 221 223 223 221
-3.4e+38 -3.4e+38 -3.4e+38 -3.4e+38 -3.4e+38 -3.4e+38 -3.4e+38 -3.4e+38 -3.4e+38 -3.4e+38 -3.4e+38 -3.4e+38 302 307 307 302 296 292 287 281 274 268 264 265 266 260 259 257 264 271 285 303 317 331 341 355 368 379 374 367 338 256 243 254 259 260 255 258 269 269 268 269 271 273 275 278 277 265 256 246 236 228 220 218 225 232 235 236 232
-3.4e+38 -3.4e+38 -3.4e+38 -3.4e+38 -3.4e+38 -3.4e+38 -3.4e+38 -3.4e+38 -3.4e+38 -3.4e+38 -3.4e+38 -3.4e+38 -3.4e+38 334 335 327 317 310 304 296 287 279 273 270 267 263 257 258 266 277 291 305 318 327 342 355 367 367 370 368 358 341 245 253 270 269 266 264 277 277 276 277 278 281 284 289 284 274 265 255 245 234 225 224 232 240 248 246 241
-3.4e+38 -3.4e+38 -3.4e+38 -3.4e+38 -3.4e+38 -3.4e+38 -3.4e+38 -3.4e+38 -3.4e+38 -3.4e+38 -3.4e+38 -3.4e+38 -3.4e+38 -3.4e+38 368 354 339 329 319 309 299 289 280 274 268 263 260 261 271 286 296 306 317 328 337 345 361 370 373 370 364 240 236 253 268 281 283 284 285 284 283 282 284 285 288 289 288 281 273 264 254 245 238 237 241 247 253 251 246
-3.4e+38 -3.4e+38 -3.4e+38 -3.4e+38 -3.4e+38 -3.4e+38 -3.4e+38 -3.4e+38 -3.4e+38 -3.4e+38 -3.4e+38 -3.4e+38 -3.4e+38 -3.4e+38 383 372 358 346 334 323 310 299 287 276 268 263 264 269 280 295 303 309 315 322 331 337 350 363 371 375 325 333 325 270 263 292 291 292 294 289 288 287 288 289 291 291 290 286 279 272 263 256 252 250 251 254 255 252 247
-3.4e+38 -3.4e+38 -3.4e+38 -3.4e+38 -3.4e+38 -3.4e+38 -3.4e+38 -3.4e+38 -3.4e+38 -3.4e+38 -3.4e+38 -3.4e+38 -3.4e+38 -3.4e+38 386 381 371 360 347 334 321 307 292 279 273 272 275 287 300 309 313 312 311 316 322 333 339 341 368 328 300 305 310 320 287 286 307 303 300 289 291 290 291 292 294 295 294 291 285 278 271 266 263 260 260 259 258 253 248
-3.4e+38 -3.4e+38 -3.4e+38 -3.4e+38 -3.4e+38 -3.4e+38 -3.4e+38 -3.4e+38 -3.4e+38 -3.4e+38 -3.4e+38 -3.4e+38 -3.4e+38 -3.4e+38 -3.4e+38 387 382 372 361 346 330 311 294 283 284 294 303 316 331 331 325 316 309 308 311 319 334 308 358 368 332 358 369 360 353 321 317 313 305 297 293 291 292 295 297 299 299 295 290 284 278 274 272 270 269 265 260 252 247
-3.4e+38 -3.4e+38 -3.4e+38 -3.4e+38 -3.4e+38 -3.4e+38 -3.4e+38 -3.4e+38 -3.4e+38 -3.4e+38 -3.4e+38 -3.4e+38 -3.4e+38 -3.4e+38 -3.4e+38 393 390 385 375 362 344 321 298 304 314 327 335 343 352 351 336 321 308 300 297 302 309 341 363 379 401 390 380 370 361 351 329 320 310 299 294 291 292 295 298 303 303 300 294 288 284 280 278 277 275 269 261 252 246
-3.4e+38 -3.4e+38 -3.4e+38 -3.4e+38 -3.4e+38 -3.4e+38 -3.4e+38 -3.4e+38 -3.4e+38 -3.4e+38 -3.4e+38 -3.4e+38 -3.4e+38 -3.4e+38 -3.4e+38 -3.4e+38 400 398 391 380 364 346 334 342 360 368 365 364 366 365 344 321 -3.4e+38 292 284 281 289 303 331 348 369 379 378 371 370 361 336 327 316 304 295 290 290 292 297 301 303 300 295 292 287 283 281 281 280 271 262 254 244
-3.4e+38 -3.4e+38 -3.4e+38 -3.4e+38 -3.4e+38 -3.4e+38 -3.4e+38 -3.4e+38 -3.4e+38 -3.4e+38 -3.4e+38 -3.4e+38 -3.4e+38 -3.4e+38 -3.4e+38 -3.4e+38 -3.4e+38 410 409 403 388 374 370 379 -3.4e+38 401 -3.4e+38 -3.4e+38 -3.4e+38 -3.4e+38 -3.4e+38 -3.4e+38 -3.4e+38 -3.4e+38 -3.4e+38 263 287 289 301 332 358 367 377 383 351 360 354 337 323 309 297 288 286 289 294 298 300 299 296 293 289 283 280 278 275 269 261 252 245
-3.4e+38 -3.4e+38 -3.4e+38 -3.4e+38 -3.4e+38 -3.4e+38 -3.4e+38 -3.4e+38 -3.4e+38 -3.4e+38 -3.4e+38 -3.4e+38 -3.4e+38 -3.4e+38 -3.4e+38 -3.4e+38 -3.4e+38 -3.4e+38 -3.4e+38 -3.4e+38 -3.4e+38 -3.4e+38 -3.4e+38 -3.4e+38 -3.4e+38 -3.4e+38 -3.4e+38 -3.4e+38 -3.4e+38 -3.4e+38 -3.4e+38 -3.4e+38 -3.4e+38 -3.4e+38 -3.4e+38 -3.4e+38 317 332 276 320 356 372 380 382 376 370 362 345 328 312 298 289 285 288 291 293 296 296 295 293 290 284 275 273 272 266 260 251 240
