EcoCrop/data/climate/prec_7.asc
NCOLS 660 
NROWS 360 
XLLCORNER -20 
YLLCORNER -30 
CELLSIZE 0.1666667 
NODATA_value -3.4e+38 
[rows 62 to 92 of 360, columns 0 to 69 of 660]
-3.4e+38 -3.4e+38 -3.4e+38 -3.4e+38 -3.4e+38 -3.4e+38 -3.4e+38 -3.4e+38 -3.4e+38 -3.4e+38 -3.4e+38 -3.4e+38 -3.4e+38 -3.4e+38 -3.4e+38 -3.4e+38 -3.4e+38 -3.4e+38 -3.4e+38 -3.4e+38 -3.4e+38 -3.4e+38 4 4 5 5 5 6 6 6 7 7 7 8 8 8 9 9 10 10 10 11 11 12 11 12 12 11 11 11 11 11 11 10 10 10 10 10 9 9 9 9 9 8 8 8 8 8 8 7
-3.4e+38 -3.4e+38 -3.4e+38 -3.4e+38 -3.4e+38 -3.4e+38 -3.4e+38 -3.4e+38 -3.4e+38 -3.4e+38 -3.4e+38 -3.4e+38 -3.4e+38 -3.4e+38 -3.4e+38 -3.4e+38 -3.4e+38 -3.4e+38 -3.4e+38 -3.4e+38 -3.4e+38 -3.4e+38 5 5 5 6 6 6 7 7 7 8 8 9 9 10 10 10 11 11 12 12 13 13 13 13 13 13 12 12 12 12 12 12 11 11 11 11 10 10 10 10 9 9 9 9 9 9 8 8
-3.4e+38 -3.4e+38 -3.4e+38 -3.4e+38 -3.4e+38 -3.4e+38 -3.4e+38 -3.4e+38 -3.4e+38 -3.4e+38 -3.4e+38 -3.4e+38 -3.4e+38 -3.4e+38 -3.4e+38 -3.4e+38 -3.4e+38 -3.4e+38 -3.4e+38 -3.4e+38 -3.4e+38 5 5 5 6 6 7 7 7 8 8 9 9 10 10 11 11 12 12 13 13 13 14 14 14 14 14 14 14 14 13 13 13 13 13 12 12 12 11 11 11 10 10 10 10 10 10 9 9 9
-3.4e+38 -3.4e+38 -3.4e+38 -3.4e+38 -3.4e+38 -3.4e+38 -3.4e+38 -3.4e+38 -3.4e+38 -3.4e+38 -3.4e+38 -3.4e+38 -3.4e+38 -3.4e+38 -3.4e+38 -3.4e+38 -3.4e+38 -3.4e+38 -3.4e+38 -3.4e+38 -3.4e+38 -3.4e+38 6 6 6 7 7 8 8 9 9 10 10 11 12 12 13 13 14 14 15 15 16 16 16 16 16 16 16 15 15 15 15 14 14 14 13 13 13 12 12 11 11 11 11 11 11 10 10 10
-3.4e+38 -3.4e+38 -3.4e+38 -3.4e+38 -3.4e+38 -3.4e+38 -3.4e+38 -3.4e+38 -3.4e+38 -3.4e+38 -3.4e+38 -3.4e+38 -3.4e+38 -3.4e+38 -3.4e+38 -3.4e+38 -3.4e+38 -3.4e+38 -3.4e+38 -3.4e+38 -3.4e+38 -3.4e+38 -3.4e+38 7 7 8 8 9 9 10 11 11 12 12 13 14 14 15 16 16 16 17 17 17 18 18 18 17 17 17 17 17 16 16 16 15 15 14 14 14 13 13 12 12 12 12 12 12 12 11
-3.4e+38 -3.4e+38 -3.4e+38 -3.4e+38 -3.4e+38 -3.4e+38 -3.4e+38 -3.4e+38 -3.4e+38 -3.4e+38 -3.4e+38 -3.4e+38 -3.4e+38 -3.4e+38 -3.4e+38 -3.4e+38 -3.4e+38 -3.4e+38 -3.4e+38 -3.4e+38 -3.4e+38 -3.4e+38 -3.4e+38 8 8 9 9 10 11 11 12 13 13 14 15 15 16 17 17 18 18 19 19 19 20 20 20 20 20 19 19 19 18 18 17 17 16 16 15 15 14 14 14 13 13 13 13 13 13 13
-3.4e+38 -3.4e+38 -3.4e+38 -3.4e+38 -3.4e+38 -3.4e+38 -3.4e+38 -3.4e+38 -3.4e+38 -3.4e+38 -3.4e+38 -3.4e+38 -3.4e+38 -3.4e+38 -3.4e+38 -3.4e+38 -3.4e+38 -3.4e+38 -3.4e+38 -3.4e+38 -3.4e+38 -3.4e+38 -3.4e+38 8 9 10 10 11 12 13 13 14 15 16 16 17 18 19 19 20 20 21 21 22 22 22 22 22 22 21 21 20 20 19 19 18 18 17 17 16 15 15 15 15 14 14 14 14 14 14
-3.4e+38 -3.4e+38 -3.4e+38 -3.4e+38 -3.4e+38 -3.4e+38 -3.4e+38 -3.4e+38 -3.4e+38 -3.4e+38 -3.4e+38 -3.4e+38 -3.4e+38 -3.4e+38 -3.4e+38 -3.4e+38 -3.4e+38 -3.4e+38 -3.4e+38 -3.4e+38 -3.4e+38 -3.4e+38 -3.4e+38 -3.4e+38 10 11 12 12 13 14 15 16 17 17 18 19 20 21 21 22 22 23 24 24 24 24 24 25 24 23 23 22 22 21 21 20 20 19 18 18 17 17 16 15 15 16 16 16 16 16
-3.4e+38 -3.4e+38 -3.4e+38 -3.4e+38 -3.4e+38 -3.4e+38 -3.4e+38 -3.4e+38 -3.4e+38 -3.4e+38 -3.4e+38 -3.4e+38 -3.4e+38 -3.4e+38 -3.4e+38 -3.4e+38 -3.4e+38 -3.4e+38 -3.4e+38 -3.4e+38 -3.4e+38 -3.4e+38 -3.4e+38 -3.4e+38 11 12 13 14 15 16 17 18 18 19 20 21 22 23 24 24 25 25 26 26 26 27 27 27 26 25 25 24 23 21 20 20 20 20 20 20 19 19 18 17 17 17 17 17 18 18
-3.4e+38 -3.4e+38 -3.4e+38 -3.4e+38 -3.4e+38 -3.4e+38 -3.4e+38 -3.4e+38 -3.4e+38 -3.4e+38 -3.4e+38 -3.4e+38 -3.4e+38 -3.4e+38 -3.4e+38 -3.4e+38 -3.4e+38 -3.4e+38 -3.4e+38 -3.4e+38 -3.4e+38 -3.4e+38 -3.4e+38 -3.4e+38 12 13 14 15 17 17 19 20 21 22 23 24 24 25 26 26 27 27 28 28 29 29 30 29 28 27 26 23 23 23 23 23 23 23 23 22 22 21 21 20 20 20 20 20 20 20
-3.4e+38 -3.4e+38 -3.4e+38 -3.4e+38 -3.4e+38 -3.4e+38 -3.4e+38 -3.4e+38 -3.4e+38 -3.4e+38 -3.4e+38 -3.4e+38 -3.4e+38 -3.4e+38 -3.4e+38 -3.4e+38 -3.4e+38 -3.4e+38 -3.4e+38 -3.4e+38 -3.4e+38 -3.4e+38 -3.4e+38 -3.4e+38 14 15 16 17 19 20 21 22 23 24 25 26 27 28 28 29 29 29 29 30 30 30 32 31 29 28 27 25 25 24 25 25 25 25 25 25 25 24 24 24 23 23 23 23 23 23
-3.4e+38 -3.4e+38 -3.4e+38 -3.4e+38 -3.4e+38 -3.4e+38 -3.4e+38 -3.4e+38 -3.4e+38 -3.4e+38 -3.4e+38 -3.4e+38 -3.4e+38 -3.4e+38 -3.4e+38 -3.4e+38 -3.4e+38 -3.4e+38 -3.4e+38 -3.4e+38 -3.4e+38 -3.4e+38 -3.4e+38 -3.4e+38 16 17 18 19 21 22 23 24 25 27 28 29 30 30 31 31 31 31 31 30 30 30 32 30 30 29 28 25 26 26 26 27 28 28 29 28 29 28 28 27 27 27 27 26 26 26
-3.4e+38 -3.4e+38 -3.4e+38 -3.4e+38 -3.4e+38 -3.4e+38 -3.4e+38 -3.4e+38 -3.4e+38 -3.4e+38 -3.4e+38 -3.4e+38 -3.4e+38 -3.4e+38 -3.4e+38 -3.4e+38 -3.4e+38 -3.4e+38 -3.4e+38 -3.4e+38 -3.4e+38 -3.4e+38 -3.4e+38 -3.4e+38 18 19 21 22 23 24 26 27 28 29 31 32 33 33 34 34 33 33 32 31 29 28 31 31 31 30 30 29 27 28 29 30 31 32 32 33 33 32 32 32 31 31 30 30 30 29
-3.4e+38 -3.4e+38 -3.4e+38 -3.4e+38 -3.4e+38 -3.4e+38 -3.4e+38 -3.4e+38 -3.4e+38 -3.4e+38 -3.4e+38 -3.4e+38 -3.4e+38 -3.4e+38 -3.4e+38 -3.4e+38 -3.4e+38 -3.4e+38 -3.4e+38 -3.4e+38 -3.4e+38 -3.4e+38 -3.4e+38 18 20 21 23 25 26 27 29 30 31 33 34 35 36 37 36 36 36 35 33 31 29 27 30 31 32 32 31 28 29 30 32 33 35 36 37 37 37 37 37 36 36 35 34 34 33 33
-3.4e+38 -3.4e+38 -3.4e+38 -3.4e+38 -3.4e+38 -3.4e+38 -3.4e+38 -3.4e+38 -3.4e+38 -3.4e+38 -3.4e+38 -3.4e+38 -3.4e+38 -3.4e+38 -3.4e+38 -3.4e+38 -3.4e+38 -3.4e+38 -3.4e+38 -3.4e+38 -3.4e+38 -3.4e+38 -3.4e+38 20 22 24 26 28 29 30 32 33 35 36 38 39 40 40 40 39 38 36 34 32 30 28 29 32 34 32 32 32 33 34 36 37 39 41 41 42 42 42 42 42 41 40 39 38 37 37
-3.4e+38 -3.4e+38 -3.4e+38 -3.4e+38 -3.4e+38 -3.4e+38 -3.4e+38 -3.4e+38 -3.4e+38 -3.4e+38 -3.4e+38 -3.4e+38 -3.4e+38 -3.4e+38 -3.4e+38 -3.4e+38 -3.4e+38 -3.4e+38 -3.4e+38 -3.4e+38 -3.4e+38 -3.4e+38 -3.4e+38 22 25 27 29 31 32 34 35 37 39 41 42 44 44 44 43 41 40 38 36 34 32 32 34 34 35 36 37 37 38 39 40 42 43 45 46 47 47 48 48 47 46 45 43 42 41 41
-3.4e+38 -3.4e+38 -3.4e+38 -3.4e+38 -3.4e+38 -3.4e+38 -3.4e+38 -3.4e+38 -3.4e+38 -3.4e+38 -3.4e+38 -3.4e+38 -3.4e+38 -3.4e+38 -3.4e+38 -3.4e+38 -3.4e+38 -3.4e+38 -3.4e+38 -3.4e+38 -3.4e+38 -3.4e+38 21 24 27 31 33 34 36 37 39 41 43 45 46 47 48 47 46 44 42 40 39 37 36 36 37 39 40 41 42 43 44 45 46 47 48 49 50 51 52 54 54 53 51 49 48 46 46 45
-3.4e+38 -3.4e+38 -3.4e+38 -3.4e+38 -3.4e+38 -3.4e+38 -3.4e+38 -3.4e+38 -3.4e+38 -3.4e+38 -3.4e+38 -3.4e+38 -3.4e+38 -3.4e+38 -3.4e+38 -3.4e+38 -3.4e+38 -3.4e+38 -3.4e+38 -3.4e+38 -3.4e+38 -3.4e+38 23 26 30 34 36 38 39 41 44 45 47 50 51 51 51 50 48 47 45 43 42 41 40 41 42 43 46 47 50 51 51 51 51 51 52 53 54 54 56 59 61 59 56 54 52 51 50 49
-3.4e+38 -3.4e+38 -3.4e+38 -3.4e+38 -3.4e+38 -3.4e+38 -3.4e+38 -3.4e+38 -3.4e+38 -3.4e+38 -3.4e+38 -3.4e+38 -3.4e+38 -3.4e+38 -3.4e+38 -3.4e+38 -3.4e+38 -3.4e+38 -3.4e+38 -3.4e+38 -3.4e+38 24 24 29 34 38 40 41 42 45 49 52 53 57 57 55 53 53 52 51 48 47 46 46 46 46 47 48 51 53 57 62 59 58 57 56 56 55 56 57 59 62 64 62 60 58 57 55 54 53
-3.4e+38 -3.4e+38 -3.4e+38 -3.4e+38 -3.4e+38 -3.4e+38 -3.4e+38 -3.4e+38 -3.4e+38 -3.4e+38 -3.4e+38 -3.4e+38 -3.4e+38 -3.4e+38 -3.4e+38 -3.4e+38 -3.4e+38 -3.4e+38 -3.4e+38 -3.4e+38 -3.4e+38 28 29 33 38 42 44 46 47 51 55 57 60 65 67 60 55 56 57 56 53 51 52 52 52 52 53 54 56 59 62 65 64 63 62 61 60 59 58 59 62 64 65 65 64 63 62 60 58 57
-3.4e+38 -3.4e+38 -3.4e+38 -3.4e+38 -3.4e+38 -3.4e+38 -3.4e+38 -3.4e+38 -3.4e+38 -3.4e+38 -3.4e+38 -3.4e+38 -3.4e+38 -3.4e+38 -3.4e+38 -3.4e+38 -3.4e+38 -3.4e+38 -3.4e+38 -3.4e+38 -3.4e+38 34 37 40 44 47 49 52 54 57 60 64 67 70 70 65 61 61 65 65 61 59 59 60 60 59 59 59 61 63 66 68 69 68 67 66 65 64 62 63 65 67 68 68 67 67 66 66 64 63
-3.4e+38 -3.4e+38 -3.4e+38 -3.4e+38 -3.4e+38 -3.4e+38 -3.4e+38 -3.4e+38 -3.4e+38 -3.4e+38 -3.4e+38 -3.4e+38 -3.4e+38 -3.4e+38 -3.4e+38 -3.4e+38 -3.4e+38 -3.4e+38 -3.4e+38 -3.4e+38 -3.4e+38 41 45 47 50 53 56 58 61 64 66 69 72 74 73 71 69 68 72 73 69 67 66 68 69 66 64 63 64 66 69 72 73 73 72 72 70 69 68 68 70 71 71 71 71 72 73 72 71 70
-3.4e+38 -3.4e+38 -3.4e+38 -3.4e+38 -3.4e+38 -3.4e+38 -3.4e+38 -3.4e+38 -3.4e+38 -3.4e+38 -3.4e+38 -3.4e+38 -3.4e+38 -3.4e+38 -3.4e+38 -3.4e+38 -3.4e+38 -3.4e+38 -3.4e+38 -3.4e+38 -3.4e+38 49 54 55 56 59 62 65 68 71 73 75 77 78 78 78 77 76 76 76 75 74 73 74 75 72 69 67 66 66 71 76 77 78 79 79 77 75 74 74 75 77 77 76 76 78 81 81 79 76
-3.4e+38 -3.4e+38 -3.4e+38 -3.4e+38 -3.4e+38 -3.4e+38 -3.4e+38 -3.4e+38 -3.4e+38 -3.4e+38 -3.4e+38 -3.4e+38 -3.4e+38 -3.4e+38 -3.4e+38 -3.4e+38 -3.4e+38 -3.4e+38 -3.4e+38 -3.4e+38 -3.4e+38 55 60 61 63 66 69 73 76 77 79 81 82 83 84 84 84 84 84 84 83 80 79 79 79 77 74 70 70 65 69 76 81 84 86 86 85 83 80 80 83 85 87 85 84 87 90 92 89 83
-3.4e+38 -3.4e+38 -3.4e+38 -3.4e+38 -3.4e+38 -3.4e+38 -3.4e+38 -3.4e+38 -3.4e+38 -3.4e+38 -3.4e+38 -3.4e+38 -3.4e+38 -3.4e+38 -3.4e+38 -3.4e+38 -3.4e+38 -3.4e+38 -3.4e+38 -3.4e+38 54 61 67 66 69 73 76 79 82 84 85 86 87 89 89 90 91 92 93 94 92 87 84 84 85 84 81 76 69 61 68 78 86 93 95 96 95 92 89 88 93 98 101 99 100 101 103 102 100 91
-3.4e+38 -3.4e+38 -3.4e+38 -3.4e+38 -3.4e+38 -3.4e+38 -3.4e+38 -3.4e+38 -3.4e+38 -3.4e+38 -3.4e+38 -3.4e+38 -3.4e+38 -3.4e+38 -3.4e+38 -3.4e+38 -3.4e+38 -3.4e+38 -3.4e+38 55 60 66 72 75 77 80 83 84 87 89 90 92 93 94 96 97 99 101 104 104 102 97 94 92 93 93 91 86 78 72 77 87 96 103 107 108 109 107 104 103 110 117 121 119 116 116 115 116 113 105
-3.4e+38 -3.4e+38 -3.4e+38 -3.4e+38 -3.4e+38 -3.4e+38 -3.4e+38 -3.4e+38 -3.4e+38 -3.4e+38 -3.4e+38 -3.4e+38 -3.4e+38 -3.4e+38 -3.4e+38 -3.4e+38 -3.4e+38 -3.4e+38 -3.4e+38 65 69 73 78 83 86 88 90 89 89 92 94 96 98 101 103 105 108 112 117 119 117 113 107 105 105 104 105 100 93 90 94 102 110 117 121 124 126 126 124 124 129 136 145 136 133 131 130 128 127 120
-3.4e+38 -3.4e+38 -3.4e+38 -3.4e+38 -3.4e+38 -3.4e+38 -3.4e+38 -3.4e+38 -3.4e+38 -3.4e+38 -3.4e+38 -3.4e+38 -3.4e+38 -3.4e+38 -3.4e+38 -3.4e+38 -3.4e+38 -3.4e+38 69 74 79 84 87 93 95 95 95 94 93 96 99 101 104 108 111 115 120 126 131 135 136 133 126 121 117 114 111 108 105 107 112 122 128 133 135 139 144 145 145 146 148 153 156 152 148 145 142 140 136 131
-3.4e+38 -3.4e+38 -3.4e+38 -3.4e+38 -3.4e+38 -3.4e+38 -3.4e+38 -3.4e+38 -3.4e+38 -3.4e+38 -3.4e+38 -3.4e+38 -3.4e+38 -3.4e+38 -3.4e+38 -3.4e+38 -3.4e+38 77 82 87 92 95 99 102 103 102 99 98 99 101 104 107 111 115 120 125 131 139 147 155 159 158 149 139 130 122 114 112 117 123 130 138 145 148 151 155 161 164 163 163 164 165 165 162 160 156 153 149 145 141
-3.4e+38 -3.4e+38 -3.4e+38 -3.4e+38 -3.4e+38 -3.4e+38 -3.4e+38 -3.4e+38 -3.4e+38 -3.4e+38 -3.4e+38 -3.4e+38 -3.4e+38 -3.4e+38 -3.4e+38 74 77 86 89 96 102 103 108 110 113 109 106 105 106 109 112 115 119 124 129 135 143 152 162 174 186 187 172 157 144 132 120 118 128 138 146 152 158 159 163 170 174 178 181 178 175 175 174 173 170 167 163 158 155 150
-3.4e+38 -3.4e+38 -3.4e+38 -3.4e+38 -3.4e+38 -3.4e+38 -3.4e+38 -3.4e+38 -3.4e+38 -3.4e+38 -3.4e+38 -3.4e+38 -3.4e+38 -3.4e+38 -3.4e+38 -3.4e+38 -3.4e+38 90 96 102 108 110 114 119 120 118 115 115 116 118 122 124 128 132 137 144 152 161 173 187 201 204 186 170 157 147 139 138 144 154 160 161 164 168 172 178 183 187 189 187 184 182 182 180 179 176 172 167 163 159
