EcoCrop/data/climate/prec_5.asc
NCOLS 660 
NROWS 360 
XLLCORNER -20 
YLLCORNER -30 
CELLSIZE 0.1666667 
NODATA_value -3.4e+38 
[rows 124 to 154 of 360, columns 138 to 206 of 660]
137 139 140 143 144 143 143 144 142 140 139 138 140 138 139 141 137 136 138 137 138 141 143 144 148 151 158 158 151 153 153 153 154 156 172 163 149 137 130 129 124 119 115 113 110 108 108 106 106 105 106 107 108 108 108 106 106 110 114 118 120 121 120 113 106 98 92 90 88
139 141 142 144 146 146 147 148 147 145 142 141 140 140 141 141 141 140 140 142 142 144 145 145 146 150 153 156 153 154 153 156 157 154 161 156 148 143 139 134 128 123 120 117 115 114 113 111 111 112 113 118 116 117 115 114 126 119 122 124 128 128 125 119 112 105 98 95 95
141 141 144 147 149 149 149 151 148 148 147 148 147 144 142 142 142 142 143 144 145 144 146 147 148 151 155 154 154 155 155 157 156 153 149 149 147 146 144 138 132 127 124 121 119 119 118 117 117 118 118 123 124 123 124 123 128 129 132 132 141 135 132 125 119 112 107 103 102
140 143 146 148 149 151 152 151 153 152 151 151 148 148 146 146 144 144 145 145 147 147 148 150 151 154 160 155 155 156 157 154 161 154 152 150 149 147 146 141 135 130 128 125 124 123 123 123 123 124 126 129 134 136 131 134 135 141 147 140 143 145 140 134 126 120 115 110 109
143 144 149 149 150 153 153 154 155 154 155 153 153 150 150 150 148 148 147 147 147 150 151 151 154 158 158 158 157 159 160 156 155 155 155 153 151 149 145 141 137 133 131 129 129 128 129 129 129 130 131 137 148 140 139 141 144 159 145 149 151 154 148 142 135 128 122 118 116
143 146 147 149 150 152 156 157 157 158 159 156 154 151 152 150 151 151 151 151 149 150 153 154 155 156 158 158 159 162 160 160 160 160 159 156 154 151 147 142 138 135 134 134 134 134 134 134 136 138 139 140 151 148 147 149 148 151 152 157 160 163 156 149 143 137 131 125 123
144 145 147 151 151 155 157 157 159 162 161 160 160 153 152 153 152 152 154 155 153 153 154 157 160 158 160 161 162 164 165 166 166 166 163 161 159 154 150 145 139 139 139 139 139 139 140 141 142 142 144 152 157 160 154 154 163 159 160 160 163 165 164 159 149 143 138 132 126
142 144 148 150 151 155 157 158 159 160 161 160 160 158 155 153 157 154 157 157 158 156 156 160 160 159 161 163 165 168 170 173 173 172 168 166 163 159 155 150 146 145 145 145 145 145 146 147 147 149 152 152 159 165 159 159 162 165 165 166 166 166 166 161 154 147 145 144 136
141 144 148 150 152 155 155 157 156 154 157 156 158 159 157 158 156 156 158 159 157 158 159 159 160 163 164 167 169 172 175 178 181 179 175 171 168 165 161 158 155 152 152 151 151 152 152 153 154 155 157 157 161 164 167 165 168 170 172 172 170 169 168 166 159 164 162 155 154
141 145 148 151 153 156 156 154 150 147 151 158 158 158 159 159 159 157 158 156 158 160 160 162 163 167 168 169 172 177 180 185 189 184 178 177 175 173 169 166 163 161 160 159 158 158 162 159 160 162 164 165 165 169 172 171 181 178 181 180 174 176 179 169 165 172 168 162 148
143 147 151 154 154 155 155 154 151 150 154 164 156 157 157 158 160 158 158 161 159 160 165 164 166 169 170 173 175 180 185 189 192 189 185 184 182 180 178 175 172 169 167 166 165 166 167 167 172 171 168 169 173 178 178 181 177 179 184 183 181 176 184 183 180 171 165 159 152
146 151 156 159 157 157 158 158 156 155 154 156 157 160 159 159 160 161 162 166 160 162 162 165 169 169 171 176 180 184 189 193 195 195 193 193 192 189 187 184 180 177 175 173 172 172 172 174 176 173 173 184 184 186 182 187 181 187 186 184 184 183 185 188 183 177 172 162 161
154 153 160 165 166 166 166 166 163 161 160 160 161 162 162 163 164 164 164 164 165 165 165 168 172 173 176 179 183 188 193 197 200 201 201 201 200 199 197 193 190 186 183 180 178 177 177 178 180 178 179 182 191 192 189 189 190 188 187 185 185 185 185 185 183 179 176 171 166
164 162 168 176 178 178 178 175 173 170 167 166 169 167 168 168 171 173 173 171 173 171 169 173 176 179 182 186 190 195 199 203 206 208 210 211 211 210 207 203 198 194 190 183 184 182 181 181 179 185 185 191 196 197 195 193 191 189 188 187 186 185 184 184 183 180 177 173 169
178 181 187 193 196 195 191 187 184 181 178 176 176 175 175 176 180 185 191 193 188 182 180 181 184 188 191 193 198 203 207 210 213 215 217 220 222 221 217 212 204 200 192 192 182 182 185 184 181 184 187 190 198 201 198 194 191 189 187 188 186 183 182 184 179 178 176 170 165
193 197 212 218 215 210 205 201 197 193 190 187 185 183 183 183 188 197 204 207 204 193 190 190 194 198 202 204 208 212 214 217 220 222 225 229 233 233 227 221 215 208 188 191 183 181 188 187 183 183 189 190 201 201 197 193 190 187 186 186 184 183 181 179 178 176 173 172 168
213 213 249 241 233 224 219 215 211 208 204 200 197 194 192 190 196 203 212 214 209 201 197 199 204 209 213 217 219 221 223 225 228 230 233 237 242 242 235 214 211 201 188 191 183 182 173 183 184 182 185 194 197 198 194 191 187 185 184 183 182 180 180 178 177 175 174 172 170
238 238 258 -3.4e+38 -3.4e+38 -3.4e+38 -3.4e+38 231 227 224 220 216 210 206 200 197 201 207 212 214 210 206 202 206 214 222 224 227 228 229 231 233 235 238 242 245 248 246 231 231 227 213 187 180 175 177 172 178 180 188 189 190 192 192 190 188 185 183 182 181 180 183 179 178 177 176 174 173 170
-3.4e+38 -3.4e+38 -3.4e+38 -3.4e+38 -3.4e+38 -3.4e+38 -3.4e+38 -3.4e+38 -3.4e+38 -3.4e+38 237 232 227 221 213 207 210 215 215 217 214 210 205 213 228 235 236 236 236 237 237 240 242 246 249 252 235 236 224 204 215 208 208 171 175 168 173 185 185 186 187 188 188 188 187 185 183 182 181 180 179 179 177 177 176 174 174 173 170
-3.4e+38 -3.4e+38 -3.4e+38 -3.4e+38 -3.4e+38 -3.4e+38 -3.4e+38 -3.4e+38 -3.4e+38 -3.4e+38 -3.4e+38 251 246 240 234 229 228 229 229 226 222 217 214 224 241 248 245 243 242 242 243 245 249 252 256 259 260 257 253 223 201 172 180 170 170 171 178 180 184 185 185 185 185 184 183 182 181 180 179 178 178 177 176 175 174 174 174 172 169
-3.4e+38 -3.4e+38 -3.4e+38 -3.4e+38 -3.4e+38 -3.4e+38 -3.4e+38 -3.4e+38 -3.4e+38 -3.4e+38 -3.4e+38 -3.4e+38 269 264 257 251 247 244 245 240 233 227 225 229 241 248 249 248 247 246 247 250 253 257 261 266 268 267 261 251 213 193 176 175 178 177 172 180 184 184 183 182 181 181 180 179 179 178 178 177 177 176 175 174 173 173 173 171 171
-3.4e+38 -3.4e+38 -3.4e+38 -3.4e+38 -3.4e+38 -3.4e+38 -3.4e+38 -3.4e+38 -3.4e+38 -3.4e+38 -3.4e+38 -3.4e+38 292 289 281 269 260 257 257 252 244 236 231 232 239 244 250 252 251 249 251 253 256 259 267 271 273 276 268 260 234 185 175 179 179 179 173 176 183 183 182 181 180 179 178 176 176 177 177 177 176 175 174 173 173 173 170 173 172
-3.4e+38 -3.4e+38 -3.4e+38 -3.4e+38 -3.4e+38 -3.4e+38 -3.4e+38 -3.4e+38 -3.4e+38 -3.4e+38 -3.4e+38 -3.4e+38 -3.4e+38 318 308 285 267 266 264 259 251 241 233 229 233 242 251 255 253 251 253 256 260 255 269 274 279 265 263 261 249 230 175 179 185 183 181 177 183 181 181 180 179 178 177 173 175 177 178 178 177 175 174 173 172 171 171 171 171
-3.4e+38 -3.4e+38 -3.4e+38 -3.4e+38 -3.4e+38 -3.4e+38 -3.4e+38 -3.4e+38 -3.4e+38 -3.4e+38 -3.4e+38 -3.4e+38 -3.4e+38 -3.4e+38 347 311 285 279 274 267 257 247 236 228 228 239 251 257 252 252 253 258 264 269 276 265 281 275 269 257 248 180 179 181 183 187 185 183 183 183 182 180 179 181 180 179 178 179 179 179 178 177 175 174 173 172 173 172 171
-3.4e+38 -3.4e+38 -3.4e+38 -3.4e+38 -3.4e+38 -3.4e+38 -3.4e+38 -3.4e+38 -3.4e+38 -3.4e+38 -3.4e+38 -3.4e+38 -3.4e+38 -3.4e+38 364 337 312 297 287 278 266 254 240 230 229 235 244 249 249 249 254 260 268 277 284 262 271 275 270 259 214 213 206 186 181 188 186 184 185 182 183 183 183 184 184 184 184 183 183 182 181 179 178 176 174 173 173 172 169
-3.4e+38 -3.4e+38 -3.4e+38 -3.4e+38 -3.4e+38 -3.4e+38 -3.4e+38 -3.4e+38 -3.4e+38 -3.4e+38 -3.4e+38 -3.4e+38 -3.4e+38 -3.4e+38 365 350 331 316 302 289 275 262 244 232 231 237 244 247 247 255 259 266 275 288 296 296 260 248 262 219 202 198 196 197 187 187 189 186 185 181 183 185 186 187 188 189 189 188 187 186 184 182 180 178 176 175 174 172 170
-3.4e+38 -3.4e+38 -3.4e+38 -3.4e+38 -3.4e+38 -3.4e+38 -3.4e+38 -3.4e+38 -3.4e+38 -3.4e+38 -3.4e+38 -3.4e+38 -3.4e+38 -3.4e+38 -3.4e+38 359 345 332 318 303 286 267 247 233 236 253 262 259 248 259 266 274 285 305 317 313 296 222 249 240 210 215 222 218 216 193 191 189 186 184 186 188 189 191 193 195 195 194 192 190 188 186 183 180 179 176 175 172 170
-3.4e+38 -3.4e+38 -3.4e+38 -3.4e+38 -3.4e+38 -3.4e+38 -3.4e+38 -3.4e+38 -3.4e+38 -3.4e+38 -3.4e+38 -3.4e+38 -3.4e+38 -3.4e+38 -3.4e+38 367 357 347 334 320 301 279 256 257 269 289 297 288 271 264 273 288 308 331 346 342 329 266 263 272 259 238 235 227 221 214 195 192 187 184 190 191 193 196 198 200 201 198 196 195 193 190 187 183 180 178 176 174 171
-3.4e+38 -3.4e+38 -3.4e+38 -3.4e+38 -3.4e+38 -3.4e+38 -3.4e+38 -3.4e+38 -3.4e+38 -3.4e+38 -3.4e+38 -3.4e+38 -3.4e+38 -3.4e+38 -3.4e+38 -3.4e+38 369 362 353 341 324 307 297 306 329 343 343 330 295 273 287 307 -3.4e+38 360 383 387 352 311 268 273 262 249 241 237 221 215 199 197 196 194 196 197 200 202 203 204 203 202 201 199 197 195 192 186 182 181 179 177 173
-3.4e+38 -3.4e+38 -3.4e+38 -3.4e+38 -3.4e+38 -3.4e+38 -3.4e+38 -3.4e+38 -3.4e+38 -3.4e+38 -3.4e+38 -3.4e+38 -3.4e+38 -3.4e+38 -3.4e+38 -3.4e+38 -3.4e+38 376 373 365 350 338 336 350 -3.4e+38 384 -3.4e+38 -3.4e+38 -3.4e+38 -3.4e+38 -3.4e+38 -3.4e+38 -3.4e+38 -3.4e+38 -3.4e+38 441 329 301 282 267 262 260 246 233 209 211 211 207 208 205 204 205 208 207 206 206 206 205 204 204 203 201 199 193 188 185 182 179 176
-3.4e+38 -3.4e+38 -3.4e+38 -3.4e+38 -3.4e+38 -3.4e+38 -3.4e+38 -3.4e+38 -3.4e+38 -3.4e+38 -3.4e+38 -3.4e+38 -3.4e+38 -3.4e+38 -3.4e+38 -3.4e+38 -3.4e+38 -3.4e+38 -3.4e+38 -3.4e+38 -3.4e+38 -3.4e+38 -3.4e+38 -3.4e+38 -3.4e+38 -3.4e+38 -3.4e+38 -3.4e+38 -3.4e+38 -3.4e+38 -3.4e+38 -3.4e+38 -3.4e+38 -3.4e+38 -3.4e+38 -3.4e+38 260 228 272 263 275 269 255 232 224 220 222 219 219 214 211 214 213 210 209 209 208 208 208 207 207 206 206 200 194 189 185 181 176
