EcoCrop/data/climate/prec_3.asc
NCOLS 660 
NROWS 360 
XLLCORNER -20 
YLLCORNER -30 
CELLSIZE 0.1666667 
NODATA_value -3.4e+38 
[rows 0 to 30 of 360, columns 483 to 551 of 660]
18 15 12 10 10 9 9 9 9 9 8 8 8 9 9 10 11 13 13 14 15 15 15 16 16 17 18 19 20 22 23 24 25 30 35 35 36 37 38 37 35 35 27 25 26 24 28 31 31 29 29 28 26 24 24 23 22 19 14 13 11 11 11 11 11 11 10 9 8
15 17 15 11 10 9 9 9 9 8 8 8 8 9 10 11 12 14 14 15 16 16 16 16 16 16 16 18 19 20 21 22 24 30 32 32 33 34 33 32 34 21 23 19 18 18 26 27 29 28 27 26 25 24 23 21 20 16 13 12 11 10 10 10 10 10 10 9 8
17 18 14 18 12 10 9 9 9 9 8 8 9 9 10 11 13 15 15 16 16 17 18 19 18 16 15 16 18 19 20 21 22 26 28 29 30 30 31 30 27 18 15 14 14 15 17 24 27 26 26 24 23 22 21 20 19 14 13 12 10 9 9 9 9 10 10 9 8
20 17 15 14 15 13 9 9 9 9 9 9 10 10 10 11 13 15 17 18 18 19 19 19 16 14 15 16 17 18 19 20 21 26 28 29 28 28 31 30 28 21 12 12 12 13 16 18 22 24 23 23 22 21 20 19 16 14 12 11 10 9 8 8 8 9 10 10 9
19 17 18 15 12 15 11 9 11 9 9 10 11 12 11 10 11 14 13 16 16 18 16 16 14 14 15 16 17 18 18 19 23 26 26 27 31 29 28 26 26 14 11 10 10 11 13 21 24 24 23 23 22 20 19 18 15 13 11 11 10 8 7 7 8 8 9 9 8
17 18 20 16 12 11 11 10 10 10 9 10 10 13 11 9 10 11 12 14 14 15 16 16 16 15 16 16 16 17 19 21 24 24 25 25 25 28 26 25 25 12 9 9 9 10 12 16 20 21 22 22 21 20 18 17 13 12 11 10 9 8 7 7 7 7 8 8 7
18 20 19 17 13 12 10 10 9 9 8 8 8 8 7 8 9 10 11 12 13 15 16 17 17 16 16 17 19 24 19 20 23 24 25 25 26 31 27 23 17 10 8 8 8 9 12 17 21 23 23 22 20 18 17 14 12 11 10 9 8 7 7 6 7 7 7 7 7
18 20 23 18 17 14 11 10 9 8 8 8 7 7 7 8 8 10 11 12 13 14 15 17 17 22 20 19 20 17 18 19 22 24 25 25 26 27 27 24 19 8 8 9 9 10 14 21 25 26 24 22 20 18 16 13 11 10 9 8 7 7 6 6 6 6 6 6 6
18 18 21 28 18 15 13 10 9 9 8 8 7 7 7 8 8 9 10 11 12 15 18 19 19 20 19 15 16 16 16 19 24 25 24 26 29 24 25 20 17 8 8 9 11 14 20 28 32 30 26 22 19 17 14 12 11 9 8 7 7 6 6 6 5 5 5 5 5
16 17 18 17 17 15 17 12 10 9 9 8 8 8 8 8 9 9 10 11 13 14 14 15 15 14 15 15 15 16 17 19 24 24 25 26 24 24 25 15 11 9 9 11 13 18 27 39 41 33 25 21 17 15 13 11 10 8 7 7 6 6 5 5 5 5 5 5 5
17 16 16 16 16 15 19 20 14 11 10 9 8 8 8 9 9 10 10 11 11 12 13 13 14 14 14 15 15 16 18 22 24 24 26 25 25 27 24 21 21 9 10 12 15 20 29 41 41 29 22 18 15 13 12 11 9 8 7 6 6 5 5 5 4 4 4 4 4
18 17 16 16 16 16 17 20 15 15 12 10 9 9 9 9 10 10 11 11 12 12 13 13 14 14 14 15 15 17 20 22 25 25 25 26 26 26 26 23 21 14 10 12 14 18 23 26 24 18 15 14 12 11 10 10 9 7 7 6 5 5 5 4 4 4 3 3 4
18 17 17 16 18 17 16 17 18 20 16 12 11 10 10 10 10 11 11 12 12 12 13 13 13 14 14 15 16 20 23 22 25 25 26 27 27 27 22 26 14 19 10 11 13 14 16 16 12 10 10 9 9 8 8 8 7 6 6 5 5 5 4 4 3 3 3 3 3
17 16 16 17 19 17 18 16 16 23 17 15 13 12 11 11 11 11 11 12 12 12 13 13 13 14 15 16 19 22 23 23 23 24 24 26 27 24 22 22 23 15 10 10 10 11 11 10 8 7 6 6 6 6 6 5 5 5 5 5 5 4 4 4 3 3 2 2 3
15 16 16 17 18 18 17 16 18 16 20 15 14 13 13 13 13 12 12 12 13 13 13 14 18 15 18 22 21 22 22 21 22 24 23 26 25 26 25 24 24 10 9 9 9 8 7 6 6 5 4 4 4 4 4 3 3 4 4 4 4 4 4 3 3 2 2 2 3
16 15 15 17 19 19 17 16 16 18 16 18 17 15 15 15 14 14 14 16 14 14 14 15 17 20 20 19 21 20 22 20 21 21 22 24 26 21 20 16 11 9 8 8 7 7 6 5 4 3 3 3 3 2 2 2 2 2 3 4 4 4 3 3 3 2 2 2 3
14 14 15 16 19 18 25 18 17 17 17 16 17 18 19 20 16 14 16 17 15 16 18 18 18 18 18 20 18 20 23 19 20 19 21 23 23 19 14 15 12 8 8 7 7 6 5 4 4 3 3 2 2 2 1 1 1 1 2 3 4 4 3 3 3 3 2 3 3
14 14 16 18 18 20 19 18 18 18 17 17 17 16 16 16 15 15 15 15 17 17 16 16 17 18 18 17 17 21 16 25 16 18 22 18 19 18 18 12 11 8 7 7 6 5 5 4 3 3 2 2 1 1 1 1 0 1 2 2 3 3 3 3 3 3 3 3 4
16 17 18 19 19 20 20 20 19 19 20 19 18 18 18 17 16 16 15 15 15 15 16 17 17 17 17 17 15 14 21 14 17 16 20 20 16 17 14 11 10 7 7 7 6 5 4 4 3 2 2 2 1 1 1 1 1 1 1 2 3 3 3 3 3 3 3 3 4
21 22 20 18 18 19 19 19 18 18 19 21 20 18 18 18 17 17 16 16 15 15 16 17 17 17 16 16 20 14 15 12 18 14 17 13 18 16 13 11 9 7 7 6 6 5 4 4 3 2 2 2 1 1 1 1 1 1 1 2 2 3 3 3 3 3 3 3 4
20 17 19 23 18 19 20 19 19 18 17 17 17 17 18 18 17 17 16 16 16 16 17 16 16 16 16 15 12 12 11 10 10 11 11 8 12 15 11 10 9 7 7 6 6 5 4 3 3 2 2 2 1 1 1 1 1 1 1 2 2 2 2 2 2 3 3 3 3
18 16 17 18 16 16 17 17 17 17 17 19 19 18 17 18 17 16 16 16 15 15 14 14 16 18 13 11 11 10 9 8 8 12 6 6 12 13 10 13 11 9 7 6 6 5 4 3 3 2 2 2 1 1 1 1 1 1 1 2 2 2 2 2 2 2 2 3 3
14 14 16 15 16 15 16 17 17 16 16 17 18 18 17 17 16 15 15 14 14 14 14 16 13 12 12 13 11 9 9 7 8 9 4 5 9 13 13 9 10 11 9 6 5 5 4 3 3 2 2 2 1 1 1 1 1 1 1 2 2 2 2 2 2 2 2 2 2
13 18 15 14 16 16 14 15 15 16 16 15 15 15 16 16 15 15 15 15 14 14 13 13 12 13 12 10 9 9 10 7 8 8 5 6 8 13 10 11 9 10 8 7 6 5 4 3 3 2 2 2 2 2 1 1 1 1 2 2 2 2 2 2 2 2 2 2 2
11 12 11 11 12 12 13 14 15 15 15 15 14 14 16 15 15 18 17 15 14 15 15 13 12 11 11 10 9 9 8 7 8 12 7 8 9 10 11 10 9 10 10 8 7 5 4 3 3 2 2 2 2 2 2 2 2 2 2 2 2 2 2 3 2 2 2 2 1
11 10 10 10 11 11 12 14 14 14 14 14 14 13 14 13 13 12 11 12 12 13 11 11 13 11 10 10 9 8 11 8 9 8 8 9 11 11 11 11 11 10 8 7 6 5 4 3 3 2 2 2 2 2 2 2 2 2 2 2 2 3 3 3 3 3 3 2 1
10 10 10 10 10 11 12 12 13 13 13 17 13 12 13 12 10 10 9 10 10 11 10 10 11 11 11 11 12 9 8 9 9 9 -3.4e+38 -3.4e+38 10 10 10 10 9 10 8 8 6 5 4 4 3 3 3 3 2 2 2 2 2 2 2 2 2 3 3 4 4 3 3 2 2
-3.4e+38 8 9 11 10 11 11 12 12 13 13 13 14 11 13 11 9 8 8 8 8 9 9 10 10 10 10 10 9 9 8 8 -3.4e+38 -3.4e+38 -3.4e+38 -3.4e+38 -3.4e+38 9 10 10 9 9 8 7 6 5 5 4 3 3 3 3 3 2 2 2 2 2 2 2 2 3 4 4 4 4 3 3 3
-3.4e+38 -3.4e+38 10 10 10 11 11 12 12 12 12 12 -3.4e+38 -3.4e+38 10 9 8 7 -3.4e+38 -3.4e+38 -3.4e+38 -3.4e+38 -3.4e+38 10 -3.4e+38 -3.4e+38 -3.4e+38 -3.4e+38 -3.4e+38 -3.4e+38 -3.4e+38 -3.4e+38 -3.4e+38 -3.4e+38 -3.4e+38 -3.4e+38 -3.4e+38 9 10 10 10 9 8 7 6 5 5 4 4 4 3 3 3 2 2 2 2 1 2 2 2 3 4 4 4 4 4 4 3
-3.4e+38 -3.4e+38 -3.4e+38 -3.4e+38 -3.4e+38 -3.4e+38 -3.4e+38 11 -3.4e+38 -3.4e+38 -3.4e+38 -3.4e+38 -3.4e+38 -3.4e+38 -3.4e+38 -3.4e+38 -3.4e+38 -3.4e+38 -3.4e+38 -3.4e+38 -3.4e+38 -3.4e+38 -3.4e+38 -3.4e+38 -3.4e+38 -3.4e+38 -3.4e+38 -3.4e+38 -3.4e+38 -3.4e+38 -3.4e+38 -3.4e+38 -3.4e+38 -3.4e+38 -3.4e+38 -3.4e+38 -3.4e+38 9 9 10 9 9 8 7 6 5 4 4 4 4 3 3 3 2 2 2 1 1 1 2 2 3 3 4 4 4 4 4 4
-3.4e+38 -3.4e+38 -3.4e+38 -3.4e+38 -3.4e+38 -3.4e+38 -3.4e+38 -3.4e+38 -3.4e+38 -3.4e+38 -3.4e+38 -3.4e+38 -3.4e+38 -3.4e+38 -3.4e+38 -3.4e+38 -3.4e+38 -3.4e+38 -3.4e+38 -3.4e+38 -3.4e+38 -3.4e+38 -3.4e+38 -3.4e+38 -3.4e+38 -3.4e+38 -3.4e+38 -3.4e+38 -3.4e+38 -3.4e+38 -3.4e+38 -3.4e+38 -3.4e+38 -3.4e+38 -3.4e+38 -3.4e+38 -3.4e+38 8 9 9 9 8 7 6 5 5 4 4 4 4 4 3 3 2 2 2 1 1 2 2 2 3 3 4 4 4 5 4 4
