EcoCrop/data/climate/prec_8.asc
NCOLS 660 
NROWS 360 
XLLCORNER -20 
YLLCORNER -30 
CELLSIZE 0.1666667 
NODATA_value -3.4e+38 
[rows 93 to 123 of 360, columns 280 to 349 of 660]
102 101 99 98 97 96 96 95 91 89 87 86 85 84 82 82 81 80 79 78 78 79 79 79 80 81 82 83 86 88 89 92 93 91 91 95 101 108 117 127 123 124 127 131 136 142 147 153 158 163 166 169 168 169 171 170 172 176 178 182 186 195 191 190 207 211 207 215 244 248
105 104 102 100 99 100 100 97 94 92 91 90 89 87 86 86 86 83 82 81 82 82 82 83 84 85 86 88 90 92 94 96 97 95 97 102 107 114 121 126 124 127 132 137 143 149 155 162 168 175 177 179 179 178 174 173 178 182 186 191 194 197 196 212 210 211 216 208 247 260
108 105 105 102 102 101 102 99 97 95 94 94 92 91 91 90 89 88 86 85 85 86 85 86 86 89 91 93 95 97 99 101 102 101 104 108 113 118 125 127 128 131 138 144 150 155 162 170 176 183 185 186 188 185 181 181 184 189 194 199 202 208 220 217 230 196 205 224 241 275
109 109 109 105 103 103 103 101 99 99 99 99 96 96 96 95 94 92 91 90 89 89 88 89 91 93 95 98 100 103 105 108 109 112 113 115 118 122 127 130 133 137 146 151 156 162 168 174 181 188 193 195 195 191 189 189 189 195 200 209 214 223 257 248 235 211 218 218 250 261
111 111 109 106 105 105 105 103 102 103 102 102 101 101 101 100 100 98 96 95 93 92 90 93 96 98 100 103 105 108 110 113 115 118 120 120 122 125 129 133 138 149 155 157 162 167 173 178 185 193 196 199 198 200 197 196 199 199 203 208 212 216 223 274 262 221 224 239 210 197
110 109 111 107 107 107 106 106 105 104 104 106 105 106 106 106 105 103 101 100 98 97 96 98 101 103 106 108 111 113 115 117 119 121 122 123 124 127 131 138 141 147 156 160 166 173 179 184 188 196 203 202 200 202 206 203 208 207 209 210 218 218 226 243 273 238 223 255 245 236
112 111 108 108 107 108 107 108 107 107 108 109 109 111 112 112 111 109 108 106 104 103 104 105 107 109 111 114 116 119 120 121 122 123 124 124 126 129 133 138 145 152 157 161 169 179 187 194 196 200 207 203 202 202 204 210 209 213 217 218 236 226 246 281 278 257 252 254 266 257
112 111 109 110 108 108 109 110 109 109 111 112 114 116 119 120 118 117 114 113 112 112 112 112 113 115 117 120 122 124 125 125 125 126 126 125 126 129 134 138 145 153 159 164 174 186 195 199 201 203 205 205 205 206 207 214 216 231 226 226 225 230 234 251 279 259 264 267 285 282
114 111 110 110 109 109 109 110 110 112 113 116 119 122 124 125 124 125 123 121 121 121 121 119 120 121 123 126 129 131 130 128 128 128 128 128 126 129 132 138 144 153 161 171 181 195 201 203 204 205 207 208 209 210 212 218 221 228 240 244 237 236 249 247 244 277 275 261 275 295
114 112 112 111 110 110 110 111 111 114 116 119 122 125 127 129 131 131 131 128 127 127 126 127 127 127 128 131 138 140 138 135 132 130 129 127 126 127 132 138 146 153 160 168 176 190 198 202 205 208 210 212 213 215 218 223 227 232 240 243 267 257 264 263 261 275 274 274 264 279
114 113 112 112 111 111 111 112 113 115 119 122 125 128 131 132 133 135 135 134 134 133 133 132 133 133 133 137 146 149 148 143 137 133 129 125 124 126 132 138 144 153 159 163 166 179 191 198 204 208 212 215 218 221 224 228 235 241 245 254 274 260 283 279 303 314 296 275 264 248
115 114 113 112 112 112 112 113 114 117 120 123 129 132 135 135 139 140 141 139 138 138 138 138 139 140 142 146 151 157 157 148 140 135 129 125 120 124 130 138 145 152 159 163 167 175 186 195 202 208 214 219 224 228 232 236 239 243 252 263 269 276 311 307 311 307 290 277 267 260
116 115 114 113 112 113 113 114 115 117 121 125 130 134 138 140 142 145 145 144 143 143 144 143 146 147 150 152 155 157 156 149 142 135 130 125 123 124 130 138 143 151 157 163 169 176 184 194 201 209 217 223 230 236 242 249 270 276 265 273 283 299 299 288 287 298 299 279 276 262
117 116 115 114 113 113 114 114 115 118 122 128 132 137 140 144 149 152 151 149 149 150 149 148 150 154 164 157 157 157 154 149 142 136 131 126 124 126 130 137 143 150 157 163 169 176 183 192 202 211 220 228 237 244 256 274 298 326 289 283 298 311 301 285 290 299 367 307 282 270
119 117 116 115 114 114 114 115 117 119 124 131 135 139 145 150 156 158 157 156 155 161 154 153 155 158 174 164 164 158 154 148 142 136 131 127 125 126 131 137 143 152 159 165 170 176 183 192 204 215 224 234 245 259 266 279 288 316 304 328 336 334 321 314 313 312 309 300 326 286
121 119 117 116 115 115 115 116 119 123 128 133 138 144 151 155 167 163 162 163 160 161 159 158 157 171 173 174 167 159 153 148 141 136 131 128 126 127 132 138 146 152 162 166 172 177 182 192 205 221 230 240 254 268 277 292 306 324 315 333 348 353 345 346 342 333 332 325 400 347
123 121 119 118 116 115 116 118 121 126 131 136 143 149 156 161 172 171 166 165 163 165 166 163 161 164 169 166 166 156 151 147 142 136 132 129 127 129 134 140 146 154 165 170 176 180 182 196 208 224 238 249 260 275 293 307 318 342 335 358 363 361 367 376 370 359 352 344 422 406
127 124 122 120 117 116 117 119 124 129 134 141 148 152 158 169 166 166 166 164 165 168 173 169 165 168 164 163 160 157 151 146 141 136 133 131 129 130 136 141 148 155 165 174 181 184 189 201 214 230 248 269 272 292 319 328 345 382 368 373 372 366 375 385 382 375 390 422 404 394
130 127 125 122 119 117 117 121 127 132 142 145 152 156 162 168 168 166 169 163 164 167 173 173 170 167 165 161 158 156 151 145 140 137 134 133 132 133 138 144 149 157 167 182 187 192 196 205 218 233 274 273 285 304 321 364 389 411 390 395 388 363 371 379 383 354 352 406 386 372
134 131 128 126 123 120 120 125 130 137 144 149 153 158 169 168 163 164 163 161 165 169 175 177 172 169 165 164 159 154 149 145 140 137 135 134 135 136 140 145 152 159 169 181 190 193 206 214 230 232 280 330 293 309 338 362 390 418 411 406 382 359 367 378 393 387 339 317 324 353
138 135 133 130 128 126 127 130 134 140 146 151 154 160 162 163 162 161 166 161 165 170 179 185 172 170 167 164 159 154 150 145 140 138 137 136 137 139 142 147 152 160 169 183 192 201 212 225 231 265 263 279 283 298 320 342 383 400 453 405 381 405 384 409 426 384 330 352 298 291
143 140 138 136 134 133 134 136 140 144 149 156 158 162 165 163 161 165 160 162 166 173 174 174 172 173 168 165 161 155 150 145 141 138 138 138 139 141 144 148 153 160 169 180 195 209 222 233 236 257 260 267 295 317 343 351 375 419 418 399 405 426 421 394 376 372 368 362 359 382
148 146 144 142 141 140 141 143 146 149 153 158 161 165 167 168 163 163 163 165 168 170 172 173 174 172 169 167 164 157 151 145 141 139 139 140 142 143 146 149 153 161 168 179 193 211 227 238 246 262 260 275 302 389 393 366 400 414 405 403 384 382 382 355 336 352 397 412 341 289
154 152 150 148 148 147 148 150 152 154 157 160 163 165 167 166 168 166 167 168 169 172 174 175 175 173 172 169 165 161 153 147 141 140 142 144 145 146 148 151 154 159 167 175 188 211 226 250 244 260 252 277 328 341 404 387 406 389 389 392 363 369 354 328 325 320 367 385 323 283
159 158 156 155 154 154 155 155 157 160 162 164 166 167 169 170 170 172 171 172 173 174 176 176 177 176 174 171 167 163 157 150 143 143 147 149 150 150 151 152 154 158 161 168 180 195 221 245 248 257 256 263 298 319 368 363 394 361 321 357 323 332 317 333 321 311 309 306 293 290
165 164 162 161 161 161 161 162 163 165 167 168 170 171 172 173 173 174 175 176 177 177 178 179 183 182 177 173 170 167 164 160 155 156 157 157 156 155 154 154 154 155 158 160 168 187 224 247 249 262 274 264 282 302 330 359 397 372 350 345 333 319 287 288 310 289 277 287 275 258
171 170 169 168 167 167 167 168 169 170 171 173 174 175 176 177 177 178 179 180 180 181 181 182 182 181 179 176 173 172 173 176 177 176 172 167 163 160 157 156 154 154 155 158 165 177 193 232 233 242 269 270 263 297 304 282 321 370 362 339 330 319 300 259 254 246 276 250 229 223
178 176 175 174 174 173 173 174 174 175 176 177 178 179 180 181 181 182 183 183 183 184 185 186 186 185 182 179 175 174 180 191 204 196 185 176 170 164 160 157 155 154 155 157 163 173 186 214 228 250 276 281 276 300 294 308 317 380 368 356 335 314 342 262 246 233 241 216 232 258
183 182 181 180 180 179 179 179 179 180 181 182 182 183 184 184 185 186 186 186 186 186 187 188 189 190 187 181 175 171 179 196 212 204 192 182 174 168 163 159 156 154 155 159 167 170 188 216 213 245 286 313 298 336 276 291 338 371 351 319 291 298 362 294 238 269 231 216 220 268
190 188 187 186 186 185 185 185 185 185 186 186 186 187 188 188 188 189 189 189 188 188 188 190 192 195 193 184 174 166 175 190 199 199 192 184 177 171 165 161 157 155 154 158 169 173 181 194 210 234 264 303 336 361 295 293 289 282 293 300 279 285 375 282 232 221 257 249 233 255
195 194 193 192 191 191 190 190 190 190 190 190 191 191 191 191 191 192 192 191 190 189 188 189 191 196 196 186 177 172 177 185 191 192 189 184 178 172 167 162 158 155 154 155 163 173 180 191 216 229 265 297 331 358 311 292 290 312 301 284 269 309 354 282 256 225 211 218 219 239
