EcoCrop/data/climate/prec_2.asc
NCOLS 660 
NROWS 360 
XLLCORNER -20 
YLLCORNER -30 
CELLSIZE 0.1666667 
NODATA_value -3.4e+38 
[rows 93 to 123 of 360, columns 350 to 419 of 660]
1 10 16 11 14 29 9 29 59 45 89 29 30 32 40 35 28 25 -3.4e+38 -3.4e+38 -3.4e+38 -3.4e+38 -3.4e+38 -3.4e+38 -3.4e+38 -3.4e+38 -3.4e+38 -3.4e+38 2 2 2 3 7 8 5 7 9 8 7 6 5 5 5 4 5 4 4 4 4 4 4 5 4 4 3 3 4 5 5 4 3 5 3 2 -3.4e+38 -3.4e+38 -3.4e+38 -3.4e+38 -3.4e+38 -3.4e+38
2 4 9 3 6 4 5 8 63 81 76 27 26 28 33 40 35 26 18 -3.4e+38 -3.4e+38 -3.4e+38 -3.4e+38 -3.4e+38 -3.4e+38 -3.4e+38 -3.4e+38 -3.4e+38 2 2 1 5 4 7 5 9 14 8 11 7 6 6 6 5 6 5 5 6 6 6 7 6 4 4 3 2 2 3 3 4 3 2 2 -3.4e+38 -3.4e+38 -3.4e+38 -3.4e+38 -3.4e+38 -3.4e+38 -3.4e+38
1 2 3 6 4 17 15 8 10 72 58 28 24 23 27 36 38 33 20 15 -3.4e+38 -3.4e+38 -3.4e+38 -3.4e+38 -3.4e+38 -3.4e+38 -3.4e+38 -3.4e+38 -3.4e+38 2 1 7 3 6 11 13 13 8 8 7 5 6 7 7 8 7 8 7 5 5 5 3 5 3 4 5 2 1 1 2 2 1 1 -3.4e+38 -3.4e+38 -3.4e+38 -3.4e+38 -3.4e+38 -3.4e+38 -3.4e+38
3 4 3 5 16 20 15 12 11 62 51 27 23 21 21 26 43 38 20 15 12 -3.4e+38 -3.4e+38 -3.4e+38 -3.4e+38 -3.4e+38 4 -3.4e+38 -3.4e+38 2 2 2 6 7 10 9 8 6 9 9 8 7 9 9 10 5 4 4 3 3 3 3 3 2 2 2 -3.4e+38 -3.4e+38 -3.4e+38 -3.4e+38 -3.4e+38 -3.4e+38 -3.4e+38 -3.4e+38 -3.4e+38 -3.4e+38 -3.4e+38 -3.4e+38 -3.4e+38 -3.4e+38
7 4 8 3 9 5 9 18 15 49 43 26 21 25 20 19 28 31 23 21 16 12 -3.4e+38 -3.4e+38 -3.4e+38 -3.4e+38 5 -3.4e+38 -3.4e+38 -3.4e+38 2 4 9 8 8 8 8 6 7 8 7 10 7 6 6 5 5 4 3 3 3 3 2 2 2 -3.4e+38 -3.4e+38 -3.4e+38 -3.4e+38 -3.4e+38 -3.4e+38 -3.4e+38 -3.4e+38 -3.4e+38 -3.4e+38 -3.4e+38 -3.4e+38 -3.4e+38 -3.4e+38 -3.4e+38
2 2 5 6 4 4 9 9 25 42 37 25 20 23 23 16 17 19 27 30 23 13 10 7 -3.4e+38 -3.4e+38 -3.4e+38 -3.4e+38 -3.4e+38 -3.4e+38 2 3 5 7 10 7 8 8 7 6 7 6 8 6 6 6 6 5 3 3 2 2 2 -3.4e+38 -3.4e+38 -3.4e+38 -3.4e+38 -3.4e+38 -3.4e+38 -3.4e+38 -3.4e+38 -3.4e+38 -3.4e+38 -3.4e+38 -3.4e+38 -3.4e+38 -3.4e+38 -3.4e+38 -3.4e+38 -3.4e+38
1 4 9 7 4 4 5 8 27 23 36 28 19 18 18 15 16 15 17 26 29 14 10 7 -3.4e+38 -3.4e+38 -3.4e+38 -3.4e+38 -3.4e+38 -3.4e+38 2 3 6 8 14 7 6 5 5 6 7 6 6 6 4 4 3 -3.4e+38 -3.4e+38 -3.4e+38 -3.4e+38 -3.4e+38 -3.4e+38 -3.4e+38 -3.4e+38 -3.4e+38 -3.4e+38 -3.4e+38 -3.4e+38 -3.4e+38 -3.4e+38 -3.4e+38 -3.4e+38 -3.4e+38 -3.4e+38 -3.4e+38 -3.4e+38 -3.4e+38 -3.4e+38 -3.4e+38
10 2 8 4 7 5 5 7 20 33 32 30 19 17 15 13 20 12 14 28 21 13 9 7 -3.4e+38 -3.4e+38 -3.4e+38 -3.4e+38 -3.4e+38 -3.4e+38 3 3 5 9 10 8 11 5 5 6 6 6 6 -3.4e+38 -3.4e+38 -3.4e+38 -3.4e+38 -3.4e+38 -3.4e+38 -3.4e+38 -3.4e+38 -3.4e+38 -3.4e+38 -3.4e+38 -3.4e+38 -3.4e+38 -3.4e+38 -3.4e+38 -3.4e+38 -3.4e+38 -3.4e+38 -3.4e+38 -3.4e+38 -3.4e+38 -3.4e+38 -3.4e+38 -3.4e+38 -3.4e+38 -3.4e+38 -3.4e+38
3 5 8 9 9 11 8 14 17 31 29 29 19 19 15 19 13 11 10 25 13 12 16 10 9 5 -3.4e+38 -3.4e+38 -3.4e+38 -3.4e+38 3 4 6 6 6 7 5 6 5 5 5 6 -3.4e+38 -3.4e+38 -3.4e+38 -3.4e+38 -3.4e+38 -3.4e+38 -3.4e+38 -3.4e+38 -3.4e+38 -3.4e+38 -3.4e+38 -3.4e+38 -3.4e+38 -3.4e+38 -3.4e+38 -3.4e+38 -3.4e+38 -3.4e+38 -3.4e+38 -3.4e+38 -3.4e+38 -3.4e+38 -3.4e+38 -3.4e+38 -3.4e+38 -3.4e+38 -3.4e+38 -3.4e+38
3 6 5 8 10 10 14 14 27 31 27 20 20 36 16 13 11 11 9 9 9 11 14 11 10 5 3 3 -3.4e+38 -3.4e+38 -3.4e+38 3 4 6 5 4 4 4 4 4 5 -3.4e+38 -3.4e+38 -3.4e+38 -3.4e+38 -3.4e+38 -3.4e+38 -3.4e+38 -3.4e+38 -3.4e+38 -3.4e+38 -3.4e+38 -3.4e+38 -3.4e+38 -3.4e+38 -3.4e+38 -3.4e+38 -3.4e+38 -3.4e+38 -3.4e+38 -3.4e+38 -3.4e+38 -3.4e+38 -3.4e+38 -3.4e+38 -3.4e+38 -3.4e+38 -3.4e+38 -3.4e+38 -3.4e+38
5 6 6 9 14 15 17 26 31 34 31 18 19 22 16 12 10 10 11 10 7 12 13 12 10 7 5 4 3 -3.4e+38 -3.4e+38 3 3 4 4 3 3 -3.4e+38 -3.4e+38 -3.4e+38 -3.4e+38 -3.4e+38 -3.4e+38 -3.4e+38 -3.4e+38 -3.4e+38 -3.4e+38 -3.4e+38 -3.4e+38 -3.4e+38 -3.4e+38 -3.4e+38 -3.4e+38 -3.4e+38 -3.4e+38 -3.4e+38 -3.4e+38 -3.4e+38 -3.4e+38 -3.4e+38 -3.4e+38 -3.4e+38 -3.4e+38 -3.4e+38 -3.4e+38 -3.4e+38 -3.4e+38 -3.4e+38 -3.4e+38 -3.4e+38
4 6 7 10 13 20 23 33 36 34 28 17 21 17 16 17 13 9 12 10 8 11 14 13 14 11 8 6 4 -3.4e+38 -3.4e+38 -3.4e+38 -3.4e+38 -3.4e+38 -3.4e+38 -3.4e+38 -3.4e+38 -3.4e+38 -3.4e+38 -3.4e+38 -3.4e+38 -3.4e+38 -3.4e+38 -3.4e+38 -3.4e+38 -3.4e+38 -3.4e+38 -3.4e+38 -3.4e+38 -3.4e+38 -3.4e+38 -3.4e+38 -3.4e+38 -3.4e+38 -3.4e+38 -3.4e+38 -3.4e+38 -3.4e+38 -3.4e+38 -3.4e+38 -3.4e+38 -3.4e+38 -3.4e+38 -3.4e+38 -3.4e+38 -3.4e+38 -3.4e+38 -3.4e+38 -3.4e+38 -3.4e+38
5 6 8 10 14 23 20 35 38 26 28 27 19 16 17 21 24 15 11 13 17 18 10 14 20 14 11 11 10 5 -3.4e+38 -3.4e+38 -3.4e+38 -3.4e+38 -3.4e+38 -3.4e+38 -3.4e+38 -3.4e+38 -3.4e+38 -3.4e+38 -3.4e+38 -3.4e+38 -3.4e+38 -3.4e+38 -3.4e+38 -3.4e+38 -3.4e+38 -3.4e+38 -3.4e+38 -3.4e+38 -3.4e+38 -3.4e+38 -3.4e+38 -3.4e+38 -3.4e+38 -3.4e+38 -3.4e+38 -3.4e+38 -3.4e+38 -3.4e+38 -3.4e+38 -3.4e+38 -3.4e+38 -3.4e+38 -3.4e+38 -3.4e+38 -3.4e+38 -3.4e+38 -3.4e+38 -3.4e+38
5 7 9 13 16 17 27 36 42 29 24 22 20 16 15 17 16 16 18 6 13 10 10 10 10 18 20 22 18 11 -3.4e+38 -3.4e+38 -3.4e+38 -3.4e+38 -3.4e+38 -3.4e+38 -3.4e+38 -3.4e+38 -3.4e+38 -3.4e+38 -3.4e+38 -3.4e+38 -3.4e+38 -3.4e+38 -3.4e+38 -3.4e+38 -3.4e+38 -3.4e+38 -3.4e+38 -3.4e+38 -3.4e+38 -3.4e+38 -3.4e+38 -3.4e+38 -3.4e+38 -3.4e+38 -3.4e+38 -3.4e+38 -3.4e+38 -3.4e+38 -3.4e+38 -3.4e+38 -3.4e+38 -3.4e+38 -3.4e+38 -3.4e+38 -3.4e+38 -3.4e+38 -3.4e+38 -3.4e+38
5 8 9 14 15 21 22 38 43 27 25 25 23 17 11 10 10 11 9 14 13 10 12 10 9 25 26 19 11 7 5 -3.4e+38 -3.4e+38 -3.4e+38 -3.4e+38 -3.4e+38 -3.4e+38 -3.4e+38 -3.4e+38 -3.4e+38 -3.4e+38 -3.4e+38 -3.4e+38 -3.4e+38 -3.4e+38 -3.4e+38 -3.4e+38 -3.4e+38 -3.4e+38 -3.4e+38 -3.4e+38 -3.4e+38 -3.4e+38 -3.4e+38 -3.4e+38 -3.4e+38 -3.4e+38 -3.4e+38 -3.4e+38 -3.4e+38 -3.4e+38 -3.4e+38 -3.4e+38 -3.4e+38 -3.4e+38 -3.4e+38 -3.4e+38 -3.4e+38 -3.4e+38 -3.4e+38
9 8 10 14 17 22 23 35 36 29 26 23 22 18 13 9 8 7 8 10 8 12 16 20 14 33 35 27 11 -3.4e+38 -3.4e+38 -3.4e+38 -3.4e+38 -3.4e+38 -3.4e+38 -3.4e+38 -3.4e+38 -3.4e+38 -3.4e+38 -3.4e+38 -3.4e+38 -3.4e+38 -3.4e+38 -3.4e+38 -3.4e+38 -3.4e+38 -3.4e+38 -3.4e+38 -3.4e+38 -3.4e+38 -3.4e+38 -3.4e+38 -3.4e+38 -3.4e+38 -3.4e+38 -3.4e+38 -3.4e+38 -3.4e+38 -3.4e+38 -3.4e+38 -3.4e+38 -3.4e+38 -3.4e+38 -3.4e+38 -3.4e+38 -3.4e+38 -3.4e+38 -3.4e+38 -3.4e+38 -3.4e+38
15 10 14 14 21 21 28 38 43 35 26 24 24 20 17 8 7 6 6 15 21 9 10 7 8 36 11 -3.4e+38 -3.4e+38 -3.4e+38 -3.4e+38 -3.4e+38 -3.4e+38 -3.4e+38 -3.4e+38 -3.4e+38 -3.4e+38 -3.4e+38 -3.4e+38 -3.4e+38 -3.4e+38 -3.4e+38 -3.4e+38 -3.4e+38 -3.4e+38 -3.4e+38 -3.4e+38 -3.4e+38 -3.4e+38 -3.4e+38 -3.4e+38 -3.4e+38 -3.4e+38 -3.4e+38 -3.4e+38 -3.4e+38 -3.4e+38 -3.4e+38 -3.4e+38 -3.4e+38 -3.4e+38 -3.4e+38 -3.4e+38 -3.4e+38 -3.4e+38 -3.4e+38 -3.4e+38 -3.4e+38 -3.4e+38 -3.4e+38
8 11 13 16 19 22 31 30 37 31 28 25 22 20 16 9 7 6 6 6 25 5 10 7 5 7 -3.4e+38 12 9 -3.4e+38 -3.4e+38 -3.4e+38 -3.4e+38 -3.4e+38 -3.4e+38 -3.4e+38 -3.4e+38 -3.4e+38 -3.4e+38 -3.4e+38 -3.4e+38 -3.4e+38 -3.4e+38 -3.4e+38 -3.4e+38 -3.4e+38 -3.4e+38 -3.4e+38 -3.4e+38 -3.4e+38 -3.4e+38 -3.4e+38 -3.4e+38 -3.4e+38 -3.4e+38 -3.4e+38 -3.4e+38 -3.4e+38 -3.4e+38 -3.4e+38 -3.4e+38 -3.4e+38 -3.4e+38 -3.4e+38 -3.4e+38 -3.4e+38 -3.4e+38 -3.4e+38 -3.4e+38 -3.4e+38
13 10 14 18 22 26 34 34 42 46 33 28 23 18 13 10 14 18 7 7 10 17 6 8 11 20 19 18 10 6 -3.4e+38 -3.4e+38 -3.4e+38 -3.4e+38 -3.4e+38 -3.4e+38 -3.4e+38 -3.4e+38 -3.4e+38 -3.4e+38 -3.4e+38 -3.4e+38 -3.4e+38 -3.4e+38 -3.4e+38 -3.4e+38 -3.4e+38 -3.4e+38 -3.4e+38 -3.4e+38 -3.4e+38 -3.4e+38 -3.4e+38 -3.4e+38 -3.4e+38 -3.4e+38 -3.4e+38 -3.4e+38 -3.4e+38 -3.4e+38 -3.4e+38 -3.4e+38 -3.4e+38 -3.4e+38 -3.4e+38 -3.4e+38 -3.4e+38 0 1 0
14 11 16 20 24 27 31 35 43 45 39 31 24 20 16 12 13 9 8 8 7 9 9 7 10 11 15 13 9 6 5 -3.4e+38 -3.4e+38 -3.4e+38 -3.4e+38 -3.4e+38 -3.4e+38 -3.4e+38 -3.4e+38 -3.4e+38 -3.4e+38 -3.4e+38 -3.4e+38 -3.4e+38 -3.4e+38 -3.4e+38 -3.4e+38 -3.4e+38 -3.4e+38 -3.4e+38 -3.4e+38 -3.4e+38 -3.4e+38 -3.4e+38 -3.4e+38 -3.4e+38 -3.4e+38 -3.4e+38 -3.4e+38 -3.4e+38 0 0 0 -3.4e+38 0 0 1 1 6 4
9 16 16 22 30 29 32 38 42 47 45 34 25 21 19 15 17 27 12 9 7 8 8 7 7 14 16 11 8 6 4 4 -3.4e+38 -3.4e+38 -3.4e+38 -3.4e+38 -3.4e+38 -3.4e+38 -3.4e+38 -3.4e+38 -3.4e+38 -3.4e+38 -3.4e+38 -3.4e+38 -3.4e+38 -3.4e+38 -3.4e+38 -3.4e+38 -3.4e+38 -3.4e+38 -3.4e+38 -3.4e+38 -3.4e+38 0 1 0 0 0 1 1 4 0 0 0 0 0 3 2 3 3
11 13 26 32 34 32 34 36 43 44 45 37 29 28 28 19 24 14 19 15 13 11 9 8 8 11 10 8 7 5 4 3 -3.4e+38 -3.4e+38 -3.4e+38 -3.4e+38 -3.4e+38 -3.4e+38 -3.4e+38 -3.4e+38 -3.4e+38 -3.4e+38 -3.4e+38 -3.4e+38 -3.4e+38 -3.4e+38 -3.4e+38 -3.4e+38 -3.4e+38 -3.4e+38 -3.4e+38 -3.4e+38 1 1 1 6 6 10 9 8 7 8 6 3 1 0 3 3 3 4
15 13 21 24 25 31 33 35 41 42 51 45 32 35 33 34 18 17 16 20 15 18 16 12 10 10 9 9 6 5 4 3 2 -3.4e+38 -3.4e+38 -3.4e+38 -3.4e+38 -3.4e+38 -3.4e+38 -3.4e+38 -3.4e+38 -3.4e+38 -3.4e+38 -3.4e+38 1 0 0 0 -3.4e+38 -3.4e+38 1 5 3 13 14 10 8 7 6 5 3 2 2 1 1 1 0 0 3 1
11 15 20 21 27 29 32 36 38 52 56 54 37 37 40 30 26 26 23 18 16 16 15 14 12 12 11 9 7 6 4 3 2 2 1 -3.4e+38 -3.4e+38 -3.4e+38 -3.4e+38 -3.4e+38 -3.4e+38 -3.4e+38 0 0 1 0 1 0 2 0 0 2 8 12 12 9 7 6 6 4 3 2 2 1 1 0 0 0 0 0
17 14 19 23 27 29 33 33 36 53 74 51 43 41 40 28 28 27 26 21 19 16 15 15 17 16 14 19 12 9 7 4 2 2 1 1 -3.4e+38 -3.4e+38 0 -3.4e+38 0 0 0 0 1 1 9 1 3 1 1 2 8 9 9 7 5 5 5 5 3 2 2 1 1 1 0 0 0 0
12 15 21 23 28 29 30 32 36 82 93 65 45 41 41 30 36 30 28 22 20 18 16 16 16 19 20 20 21 18 10 6 3 2 2 1 1 1 0 1 1 0 0 0 0 1 1 1 1 1 1 6 9 9 6 5 5 4 4 3 3 3 2 1 1 1 0 0 0 0
14 17 20 24 27 39 37 29 32 108 109 73 48 43 56 44 34 32 28 24 21 20 18 17 18 18 21 24 23 13 11 13 7 6 3 2 2 2 2 2 2 1 1 1 0 0 1 1 1 1 2 1 4 5 5 4 4 3 3 3 3 3 2 2 2 1 1 1 0 0
15 18 20 28 28 29 28 27 35 91 109 61 49 60 45 41 37 33 30 26 24 22 20 21 24 22 20 21 22 22 18 14 8 5 5 4 4 3 3 5 14 9 6 3 4 2 2 2 2 1 2 2 3 3 3 3 3 3 3 2 2 2 2 2 2 2 1 1 1 1
22 38 37 30 28 25 30 25 26 96 73 60 61 53 47 46 42 36 32 31 29 27 24 24 26 27 29 27 23 22 19 17 11 7 5 4 5 6 7 11 8 5 3 2 1 1 1 1 1 2 2 3 2 2 2 2 3 3 2 2 2 2 2 2 1 1 1 1 1 1
17 28 32 32 28 24 22 22 29 81 64 57 57 52 48 45 41 38 35 33 31 31 29 28 29 28 27 26 24 20 17 16 12 9 7 7 5 5 5 5 4 3 1 0 0 0 0 1 1 1 1 2 1 1 1 2 2 3 2 2 2 2 2 2 1 1 1 1 1 1
24 23 32 33 29 26 23 26 62 69 56 51 52 53 50 48 46 43 43 42 36 33 31 23 20 28 27 24 23 19 15 13 10 9 7 6 4 3 3 3 2 1 1 0 0 0 0 0 0 1 1 1 1 1 1 1 1 2 2 2 2 2 2 2 1 1 1 1 1 1
