EcoCrop/data/climate/prec_12.asc
NCOLS 660 
NROWS 360 
XLLCORNER -20 
YLLCORNER -30 
CELLSIZE 0.1666667 
NODATA_value -3.4e+38 
[rows 124 to 154 of 360, columns 207 to 275 of 660]
0 0 0 0 0 0 0 0 0 0 0 0 0 0 0 0 0 0 0 0 0 0 0 0 0 0 0 0 0 0 0 0 0 0 0 0 0 0 0 0 0 0 0 0 0 0 0 0 0 0 0 0 0 0 0 0 0 0 0 0 0 0 0 0 0 0 0 0 0
0 0 0 0 0 0 0 0 0 0 0 0 0 0 0 0 0 0 0 0 0 0 0 0 0 0 0 0 0 0 0 0 0 0 0 0 0 0 0 0 0 0 0 0 0 0 0 0 0 0 0 0 0 0 0 0 0 0 0 0 0 0 0 0 0 0 0 0 0
0 0 0 0 0 0 0 0 0 0 0 0 0 0 0 0 0 0 0 0 0 0 0 0 0 0 0 0 0 0 0 0 0 0 0 0 0 0 0 0 0 0 0 0 0 0 0 0 0 0 0 0 0 0 0 0 0 0 0 0 0 0 0 0 0 0 0 0 0
0 0 0 0 0 0 0 0 0 0 0 0 0 0 0 0 0 0 0 0 0 0 0 0 0 0 0 0 0 0 0 0 0 0 0 0 0 0 0 0 0 0 0 0 0 0 0 0 0 0 1 1 0 0 0 0 0 0 0 0 0 0 0 0 0 0 0 0 0
0 0 0 0 0 0 0 0 0 0 0 0 0 0 0 0 0 0 0 0 0 0 0 0 0 0 0 0 0 0 0 0 0 0 0 0 0 0 0 0 0 0 0 0 0 0 0 1 1 1 1 1 0 1 0 -1 0 0 0 0 0 0 0 0 0 0 0 0 0
0 0 0 0 0 0 0 0 0 0 0 0 0 0 0 0 0 0 0 0 0 0 0 0 0 0 0 0 0 0 0 0 0 0 0 0 0 0 0 0 0 0 0 0 0 1 1 1 1 1 1 1 1 1 1 0 0 1 1 0 0 0 0 0 0 0 0 0 0
0 0 0 0 0 0 0 0 0 0 0 0 0 0 0 0 0 0 0 0 0 0 0 0 0 0 0 0 0 0 0 0 0 0 0 0 0 0 0 0 0 1 1 1 1 1 1 1 1 1 1 1 1 1 1 1 1 1 1 1 1 0 0 0 0 0 0 0 0
0 0 0 0 0 0 0 0 0 0 0 0 0 0 0 0 0 0 0 0 0 0 0 0 0 0 0 0 0 0 0 0 1 1 1 1 0 1 1 1 1 1 1 1 1 1 1 1 1 1 1 1 1 1 1 1 1 1 1 1 1 1 1 0 0 0 0 0 0
0 0 0 0 0 0 0 0 0 0 0 0 0 0 0 0 0 0 0 0 0 0 0 0 0 0 0 0 1 1 1 1 1 1 1 1 1 1 1 1 1 1 1 1 1 1 1 1 1 1 1 1 1 1 1 1 1 1 1 1 1 1 1 1 1 1 1 1 1
0 0 0 0 0 0 0 0 0 0 0 0 0 0 0 0 0 0 0 0 0 1 1 1 1 1 1 1 1 1 1 1 1 1 1 1 1 1 1 1 1 1 1 1 1 1 1 1 1 1 1 1 1 1 1 1 1 1 1 1 1 1 1 1 1 1 1 1 1
0 0 0 0 0 0 0 0 0 0 0 0 0 0 0 0 0 0 0 1 1 1 1 1 1 1 1 1 1 1 1 1 1 1 1 1 1 1 1 1 1 1 1 1 1 1 1 1 1 1 2 2 2 2 2 2 2 2 2 1 1 1 1 1 1 1 1 1 1
0 0 0 0 0 0 0 0 0 0 0 0 0 0 0 0 0 0 1 1 1 1 1 1 1 1 1 1 1 1 1 1 1 1 1 1 1 1 1 1 1 1 1 1 1 1 2 2 2 2 2 2 2 2 2 2 2 2 2 2 2 2 2 2 2 2 2 2 2
1 1 1 0 0 0 0 0 0 0 0 0 0 0 0 0 0 1 1 1 1 2 2 2 2 2 2 2 2 2 1 1 1 1 1 1 1 1 1 1 1 1 2 1 2 2 2 2 2 2 2 3 3 3 3 3 3 2 2 2 2 2 2 2 2 2 2 2 2
1 1 0 1 1 1 1 1 0 0 0 0 0 0 0 1 1 1 1 1 1 2 2 2 2 2 2 2 2 2 2 2 2 1 1 1 1 2 2 2 2 2 2 2 2 2 2 2 2 3 3 3 3 3 3 3 3 3 3 3 3 3 3 3 3 3 2 3 3
1 1 1 2 1 1 1 1 1 0 0 0 0 0 1 1 1 1 1 1 2 2 2 2 2 2 2 2 2 2 2 2 2 2 2 2 2 2 2 2 2 2 2 2 2 2 2 2 3 3 4 4 4 4 4 4 4 4 4 4 4 3 3 3 3 3 3 3 3
2 2 2 2 2 2 1 1 1 1 1 1 1 1 1 1 1 1 1 2 2 2 2 3 3 3 3 3 3 3 3 2 2 2 2 2 2 2 3 3 3 3 3 3 2 2 3 3 4 4 4 5 5 5 5 5 5 5 5 5 4 4 4 4 4 4 4 3 4
2 2 3 2 3 2 2 2 1 1 1 1 1 1 1 1 1 1 2 2 2 2 2 3 3 4 4 4 4 3 3 3 3 3 3 3 3 3 4 4 4 4 4 3 3 3 3 4 4 5 5 6 7 6 6 6 6 6 5 6 5 5 5 5 5 4 4 4 4
3 3 4 3 3 3 2 2 2 2 1 1 1 1 1 1 2 2 2 2 3 3 3 3 4 5 5 5 4 4 4 3 3 3 3 3 4 4 4 5 5 5 5 4 4 4 4 5 5 6 7 7 7 7 7 7 7 7 7 7 6 6 6 6 5 5 5 5 5
4 5 4 4 4 4 3 3 2 2 1 2 2 2 2 2 2 2 3 3 4 4 4 5 5 6 6 6 6 5 4 4 3 3 3 3 4 5 6 6 7 6 6 6 5 5 6 6 6 7 8 8 9 9 9 9 9 8 8 8 8 7 7 7 6 6 6 6 6
6 7 7 5 5 5 4 3 3 2 2 2 2 2 2 3 3 3 4 4 5 5 6 6 7 8 8 8 7 6 5 4 4 4 4 4 5 6 6 7 8 8 8 8 7 7 7 7 8 8 9 9 10 10 10 10 10 10 9 9 9 8 8 8 8 7 7 7 7
9 9 9 7 7 5 5 4 4 4 4 3 3 3 3 3 4 4 5 5 6 7 7 8 9 10 11 10 9 8 7 5 4 4 5 5 6 7 8 9 10 10 10 10 10 9 9 9 9 10 10 11 11 12 12 13 12 12 11 11 10 10 9 9 9 9 9 8 8
11 12 10 10 8 7 6 6 5 5 5 4 4 4 4 4 5 5 6 6 7 8 9 11 11 12 13 13 11 9 8 6 4 4 6 7 8 9 10 12 13 13 13 13 13 12 12 11 11 11 12 13 14 15 15 15 14 14 13 12 12 11 11 11 11 11 10 10 9
13 14 13 11 11 11 8 7 7 6 6 6 5 5 5 6 6 6 7 8 9 10 11 13 14 15 16 15 14 11 10 8 6 6 7 9 11 12 14 15 16 17 17 16 16 15 15 14 14 14 16 17 17 18 18 17 17 16 15 15 14 14 13 13 13 13 12 12 11
15 17 15 14 13 12 10 9 10 9 7 7 7 7 7 7 7 8 8 9 11 12 14 16 16 17 18 17 16 15 12 10 9 9 10 11 13 15 17 19 20 21 21 20 19 19 18 17 17 17 18 20 22 23 22 21 20 18 17 17 16 16 15 15 15 15 15 15 15
18 20 18 18 17 16 13 12 11 11 10 9 8 9 9 9 9 10 10 12 13 15 16 18 19 19 20 19 18 17 15 14 13 13 13 15 16 18 20 22 25 24 24 24 22 22 21 20 20 21 23 26 28 29 28 25 23 21 20 20 19 18 18 17 17 18 18 18 18
21 23 23 23 21 18 17 15 13 13 12 11 10 10 11 11 11 12 13 14 16 18 19 21 22 22 22 22 21 20 18 17 17 17 17 17 19 20 23 24 26 27 27 27 25 25 24 23 24 25 28 32 36 37 36 31 26 25 24 23 22 21 20 19 21 21 23 23 24
25 27 29 29 28 24 22 17 14 14 13 13 12 12 12 13 14 15 16 17 19 21 23 24 26 25 25 24 23 23 23 22 21 20 21 22 22 23 25 25 24 27 28 28 28 28 26 26 27 28 32 38 45 48 48 40 31 30 29 27 26 24 23 23 24 26 28 29 30
30 33 36 37 35 31 27 22 17 15 15 15 15 14 15 16 17 18 20 21 21 24 26 28 30 29 29 27 28 27 26 26 25 24 24 24 26 27 26 27 26 28 29 28 29 29 29 30 29 30 36 45 54 62 65 53 43 37 35 32 30 29 28 28 29 32 34 36 37
35 41 47 48 44 39 33 26 20 18 18 17 17 17 18 19 20 21 22 24 25 27 29 32 33 30 31 30 30 31 31 30 28 28 27 27 27 28 29 29 29 30 30 30 29 30 31 32 33 35 41 50 60 73 74 62 53 45 41 37 35 34 33 34 34 37 40 43 46
42 53 61 64 57 49 36 26 22 21 19 20 20 20 20 22 23 25 25 27 28 29 31 31 32 31 32 32 33 33 33 33 31 31 30 30 30 30 31 32 33 33 32 32 32 33 34 36 37 41 46 54 63 70 72 65 58 51 46 42 40 38 37 38 39 42 45 50 53
53 66 80 83 76 61 45 29 24 23 22 21 23 23 25 25 26 28 29 31 31 32 33 33 32 33 35 34 35 33 33 33 32 32 32 33 33 33 35 35 36 34 34 34 34 35 36 38 41 44 49 56 63 67 68 65 60 54 49 46 43 42 41 41 42 44 48 51 52
