EcoCrop/data/climate/prec_8.asc
NCOLS 660 
NROWS 360 
XLLCORNER -20 
YLLCORNER -30 
CELLSIZE 0.1666667 
NODATA_value -3.4e+38 
[rows 93 to 123 of 360, columns 210 to 279 of 660]
117 119 118 116 114 111 108 106 103 101 98 96 95 93 93 92 92 92 93 93 95 96 98 100 102 104 107 109 112 114 116 120 121 124 125 133 135 147 153 156 159 161 163 161 155 151 147 145 143 142 141 139 138 136 134 132 133 125 122 120 117 117 116 116 115 114 111 110 108 105
124 128 128 125 121 118 115 112 110 107 105 103 102 101 100 100 100 100 101 103 104 105 107 109 111 114 116 119 121 124 126 129 133 135 139 142 153 159 162 163 166 168 173 170 164 161 157 154 151 151 150 149 148 147 143 145 138 130 124 122 123 120 119 119 118 116 115 113 110 107
130 135 135 131 127 124 121 119 116 114 112 110 109 108 107 107 108 109 110 111 113 115 117 119 120 123 126 128 131 133 137 141 145 150 156 161 163 167 169 173 175 178 177 178 174 169 163 161 159 160 160 160 159 157 156 153 148 139 131 127 125 122 121 120 119 118 116 114 112 110
132 136 136 133 131 129 127 125 123 121 119 117 115 114 114 114 115 117 119 121 123 125 126 128 130 133 135 138 141 143 147 152 157 164 169 170 173 176 179 179 180 185 183 184 179 173 169 167 168 168 170 172 173 171 170 166 158 148 137 131 127 123 121 121 120 119 117 115 113 113
132 134 134 135 134 133 132 131 130 128 126 124 122 121 120 121 123 125 128 131 133 134 136 138 140 142 144 147 149 153 156 162 168 177 183 182 184 183 184 186 188 191 192 189 182 177 174 173 174 176 179 183 185 184 183 181 173 156 145 135 127 121 119 120 120 119 118 116 114 112
133 134 134 136 138 138 138 138 139 137 133 130 127 126 126 128 131 134 138 142 144 145 146 147 149 151 153 156 159 162 166 171 176 182 188 190 191 190 190 192 196 196 197 192 182 177 176 178 180 185 188 193 198 201 199 193 184 168 152 140 129 120 118 121 120 119 118 117 115 113
135 136 138 140 141 142 143 143 144 143 139 136 133 131 132 134 138 143 148 153 156 157 157 158 159 161 162 164 167 171 175 179 184 188 193 195 197 195 195 195 198 202 199 192 182 182 182 182 183 187 197 207 214 220 217 209 199 183 162 146 135 125 121 120 120 119 119 117 115 114
138 140 141 143 144 145 146 147 147 146 145 141 138 135 136 140 145 151 158 165 168 167 168 169 169 171 171 172 176 179 183 186 191 194 197 201 199 198 198 200 202 201 199 194 190 193 186 184 186 193 203 218 230 239 234 220 207 193 171 152 138 129 124 121 120 119 118 117 116 114
141 143 144 146 148 148 149 151 152 151 150 148 145 141 142 146 152 159 166 173 177 178 179 179 181 181 182 182 185 188 191 194 196 199 202 204 203 201 200 199 201 199 199 198 197 196 189 186 186 194 207 216 239 260 250 223 213 200 171 154 141 131 126 123 121 120 118 117 116 114
146 144 145 147 149 150 152 154 156 157 157 156 155 152 152 154 160 167 174 180 184 188 190 191 192 191 192 193 194 196 199 201 202 204 206 206 206 203 203 201 202 200 201 204 200 197 194 188 185 193 195 214 241 270 258 224 215 197 169 152 140 133 127 124 121 120 118 117 116 115
144 144 144 146 148 151 154 157 161 164 165 167 167 166 165 166 170 175 181 187 193 198 202 203 203 202 203 203 203 205 205 207 209 209 209 210 208 208 205 205 205 199 201 202 201 198 199 193 195 194 209 220 236 252 249 231 213 188 166 151 140 133 128 124 122 120 119 118 117 116
141 142 142 145 148 151 156 161 166 173 175 178 180 180 179 179 180 184 189 195 202 209 214 215 215 213 213 212 212 212 211 213 214 215 214 214 212 212 210 207 202 199 196 193 193 192 193 206 208 203 209 223 232 234 219 196 186 171 159 145 136 130 126 123 122 120 119 120 117 116
144 143 142 146 149 152 158 164 172 179 185 189 195 194 193 191 192 193 197 202 209 220 229 230 226 223 221 221 218 217 217 219 220 220 219 219 217 214 211 207 202 198 198 194 184 183 180 193 203 204 209 226 225 215 195 177 166 158 148 138 132 128 125 123 122 121 120 119 118 118
152 150 149 150 152 154 160 169 178 187 194 201 206 207 204 203 202 202 204 208 216 229 249 234 234 230 227 225 222 221 222 224 225 226 226 226 221 217 214 206 201 199 195 189 182 176 173 190 206 210 216 221 207 193 181 170 159 149 140 133 130 126 125 124 122 122 121 120 119 118
169 159 157 156 158 159 166 176 186 196 204 213 219 219 216 213 211 210 209 211 220 234 247 226 238 235 232 229 225 226 228 230 232 231 231 230 225 221 214 207 202 199 193 191 185 179 182 194 206 213 212 213 198 187 176 166 157 146 135 126 126 126 125 125 124 123 123 122 121 120
174 167 165 165 168 172 178 186 195 205 214 223 228 229 226 223 220 218 218 220 226 235 237 243 241 240 238 236 234 234 236 238 239 238 236 234 230 224 217 210 204 200 195 192 190 187 189 197 204 212 211 203 192 183 175 167 158 148 138 131 129 129 128 127 126 126 125 124 123 122
179 172 174 176 181 186 192 198 205 214 223 232 238 239 235 232 229 227 227 229 232 236 241 243 243 244 243 243 243 244 245 245 246 245 242 239 234 228 221 214 208 203 200 203 196 195 195 200 205 208 207 196 187 181 175 170 162 154 145 139 136 134 132 131 129 128 128 127 126 125
188 184 185 189 194 199 205 209 215 223 231 238 244 245 242 240 237 235 234 234 236 239 242 244 246 247 248 249 250 252 253 252 252 251 249 245 239 232 225 218 212 206 202 199 198 201 201 201 201 201 201 195 187 182 179 175 169 161 154 147 143 140 137 135 134 132 131 131 130 129
199 197 198 202 207 211 218 217 223 230 237 243 247 249 247 245 244 242 240 239 239 240 242 245 247 250 251 253 256 259 258 257 257 258 256 250 243 236 229 222 216 210 205 202 200 200 199 199 199 197 196 191 187 184 182 180 176 168 162 155 151 147 144 141 138 136 136 136 135 133
210 208 209 214 216 220 223 226 231 238 243 248 251 252 251 251 250 248 245 242 241 241 242 244 247 250 253 255 258 260 260 259 260 260 259 253 246 239 232 225 219 213 208 204 200 199 198 197 195 195 192 190 188 186 184 182 178 173 167 163 158 154 151 147 144 141 140 140 138 136
219 218 217 219 222 226 230 234 239 245 249 253 255 255 255 253 253 253 247 242 239 238 240 243 246 250 252 255 258 259 260 259 260 260 258 254 247 241 234 228 221 215 210 206 202 199 197 195 194 194 192 190 188 186 185 183 181 177 173 170 166 163 158 154 151 148 146 144 142 140
227 229 227 223 227 231 236 241 247 251 255 257 258 258 257 255 253 251 246 240 236 236 237 241 245 249 252 255 257 259 259 260 260 259 257 253 249 243 236 230 223 217 212 207 203 200 197 194 193 194 192 190 188 187 186 185 183 180 178 176 174 170 165 161 157 154 151 149 147 145
231 235 235 231 232 236 241 247 253 258 261 262 261 260 259 256 253 251 244 237 232 232 236 241 244 247 251 254 256 258 259 260 259 259 256 253 249 244 238 232 225 219 213 208 204 200 198 197 196 193 191 189 189 188 187 186 184 183 181 180 180 176 171 167 163 159 157 154 152 150
231 233 232 232 235 240 246 253 259 263 266 266 264 262 260 257 253 249 243 237 234 233 235 240 243 246 250 252 255 257 258 259 259 258 256 253 249 244 239 233 227 220 214 209 205 200 195 194 193 191 190 190 189 188 188 187 186 185 184 183 182 179 175 172 168 165 162 160 157 156
234 232 230 233 238 244 249 255 261 266 268 267 266 263 260 257 253 248 244 239 236 235 238 240 243 246 249 251 254 256 257 258 258 257 255 253 249 245 240 234 228 222 216 210 204 199 195 193 191 191 191 190 190 189 188 188 187 186 185 185 183 182 179 176 173 170 168 165 163 161
239 240 236 239 243 247 251 256 261 265 267 268 266 264 261 257 253 249 245 241 239 238 239 241 242 245 248 250 252 255 256 257 257 257 255 252 249 245 240 235 229 223 217 211 205 202 195 193 193 193 193 193 191 190 190 189 188 187 187 186 186 185 182 180 178 175 173 171 169 167
243 243 245 247 251 251 252 255 260 264 267 267 267 265 262 257 254 250 246 243 241 240 240 240 242 244 246 249 251 253 255 256 257 256 254 252 249 245 241 235 230 224 219 213 208 203 200 197 195 195 194 194 193 192 192 191 190 189 189 188 188 187 187 185 183 181 179 177 175 173
243 243 250 255 257 254 251 253 259 264 267 268 267 265 262 258 254 250 247 244 242 241 240 241 242 244 246 248 250 252 254 255 256 257 255 253 250 246 241 236 230 225 220 216 214 207 206 202 199 198 197 196 195 194 194 192 191 190 190 191 191 191 191 190 188 186 184 183 181 179
241 246 255 260 261 258 252 254 262 266 268 268 267 265 262 259 254 250 247 245 243 242 241 241 241 243 245 247 249 251 252 254 255 256 255 253 249 245 241 236 232 228 224 218 215 219 209 208 205 201 201 200 199 197 195 193 191 191 191 194 194 196 196 195 194 192 190 189 187 185
240 248 261 266 265 263 263 264 269 271 270 269 267 265 263 258 254 249 247 246 245 244 245 245 242 242 244 245 247 249 251 252 253 253 253 251 248 244 241 237 233 229 225 221 218 219 214 211 208 205 205 205 204 201 199 195 193 192 194 198 199 201 203 207 200 198 196 195 193 191
242 252 266 267 267 266 265 274 276 274 272 268 266 264 263 258 254 250 246 246 248 248 246 241 240 241 243 244 246 247 248 250 250 250 250 248 246 243 240 237 233 230 227 223 220 218 216 213 211 211 210 211 208 205 203 200 196 197 199 203 205 206 206 207 207 205 202 201 199 197
