EcoCrop/data/climate/prec_10.asc
NCOLS 660 
NROWS 360 
XLLCORNER -20 
YLLCORNER -30 
CELLSIZE 0.1666667 
NODATA_value -3.4e+38 
[rows 248 to 278 of 360, columns 276 to 344 of 660]
67 67 64 62 55 53 51 51 47 42 39 37 35 32 29 31 31 28 25 21 19 17 16 15 14 14 13 13 13 13 13 13 13 13 13 11 10 8 7 7 7 7 8 9 10 11 16 25 27 25 15 14 14 13 18 16 12 11 10 10 9 9 9 8 7 7 6 6 6
66 63 61 57 51 49 49 47 39 39 36 33 31 30 28 28 29 26 22 20 18 17 16 15 14 13 13 13 12 12 12 12 12 14 11 11 10 8 7 7 7 7 9 9 10 11 15 23 18 18 16 15 13 13 19 14 12 11 11 10 9 9 8 8 7 7 7 6 6
62 59 57 54 50 46 47 43 35 34 33 31 29 28 26 27 26 24 21 19 17 16 15 15 14 13 13 12 12 12 11 11 11 11 10 10 9 8 8 7 8 8 9 9 9 10 14 18 13 16 15 13 11 12 18 13 12 12 12 11 10 9 9 8 8 8 7 7 7
60 58 56 52 49 47 44 40 37 32 29 28 27 27 25 24 24 22 20 19 18 16 15 14 14 13 13 12 12 12 12 11 11 11 9 10 8 8 8 8 8 9 10 9 8 8 13 15 12 13 13 11 10 12 13 12 12 12 12 11 10 9 9 9 8 8 8 8 9
55 54 52 49 47 44 41 37 34 32 28 27 26 26 25 25 23 22 20 19 18 17 15 14 14 13 13 13 12 12 12 12 12 11 9 9 9 8 8 8 9 9 9 8 8 9 12 13 10 11 10 10 9 14 12 12 13 12 13 11 10 10 10 9 9 9 9 11 10
52 51 48 46 44 43 40 36 32 30 27 25 25 28 26 25 24 22 20 19 18 16 15 14 14 13 13 13 13 13 13 13 12 11 10 10 9 9 9 9 8 9 9 8 8 9 10 11 8 9 9 8 10 12 13 12 16 14 13 12 11 10 10 10 9 9 9 9 10
52 49 47 44 43 41 39 36 33 30 26 25 27 29 28 26 25 24 21 19 18 16 15 14 14 13 13 13 13 14 14 13 13 11 11 10 10 9 9 9 9 8 8 8 8 8 9 9 7 7 8 8 10 13 13 13 17 13 18 13 12 11 10 10 10 9 9 9 10
49 48 45 43 42 41 39 35 33 30 28 29 31 32 30 28 26 24 22 19 18 16 15 14 14 13 14 14 14 14 15 14 13 12 12 11 11 10 10 10 9 8 8 7 7 7 7 8 6 6 7 7 8 9 18 21 15 16 18 14 12 12 12 9 9 9 9 8 9
47 45 45 43 42 41 39 36 34 32 31 30 31 32 31 29 27 24 22 20 17 16 15 14 14 14 14 14 15 15 15 15 13 12 13 12 12 11 11 10 9 8 7 6 6 6 5 7 6 5 6 7 8 16 19 21 16 15 20 14 13 11 10 9 9 8 8 8 8
47 45 44 43 42 41 39 37 35 33 33 32 32 31 31 31 28 25 21 19 17 16 16 14 14 14 15 15 16 16 16 16 13 14 14 13 13 12 12 11 9 8 7 5 5 4 6 6 5 5 5 6 7 18 19 18 16 15 18 15 12 11 10 9 9 8 8 8 8
46 45 44 42 42 40 40 38 37 35 34 33 31 31 30 29 27 24 21 19 17 16 15 14 14 14 15 16 16 16 16 13 13 14 14 15 15 13 12 11 10 8 6 5 5 5 5 5 4 4 4 5 7 13 13 18 15 16 17 14 12 10 10 9 9 9 8 8 8
45 44 43 42 42 41 41 39 37 36 33 32 31 29 29 27 25 22 20 18 17 16 15 14 14 14 14 15 14 16 16 13 13 14 16 17 15 14 13 12 10 9 7 5 4 4 5 6 3 3 4 5 6 10 12 19 16 15 13 12 11 10 10 9 9 9 8 8 6
44 43 43 41 42 43 42 40 38 35 34 32 31 30 27 25 23 21 19 17 15 16 16 15 15 14 14 13 13 14 14 12 13 13 15 15 14 14 13 12 10 9 7 5 4 5 6 7 4 2 3 5 6 8 12 16 13 13 12 11 11 10 10 10 10 9 9 8 7
43 42 40 42 42 42 41 40 37 35 33 32 30 28 25 24 22 20 18 16 14 15 16 15 15 15 14 12 12 14 12 12 13 13 14 12 15 14 13 13 12 10 7 5 5 7 8 7 4 2 4 5 7 8 9 13 11 10 11 11 10 10 10 10 10 10 9 8 7
41 40 40 41 41 41 40 38 36 33 33 31 29 27 25 23 20 19 17 16 15 15 16 15 15 14 13 12 13 13 11 12 12 13 12 12 13 13 13 13 12 11 8 6 7 9 12 9 7 4 5 7 7 8 9 12 10 10 10 10 10 10 10 10 10 10 9 9 8
39 38 38 38 38 38 37 35 33 32 31 29 27 25 24 22 20 18 17 16 16 15 15 15 15 13 12 12 12 11 11 13 14 13 13 13 14 13 13 12 12 9 8 7 8 9 10 8 9 8 6 7 8 9 9 13 10 10 10 10 10 10 10 10 10 10 10 9 8
37 37 36 37 37 37 34 33 31 30 29 27 26 24 23 21 20 18 16 16 16 16 16 15 14 13 13 13 11 12 12 13 13 13 13 13 13 12 12 9 10 8 7 7 7 7 9 9 12 13 9 8 9 10 10 11 11 11 11 11 10 11 10 10 10 10 9 9 8
34 34 34 34 34 34 32 30 29 28 27 25 24 24 22 20 19 17 16 15 16 17 17 16 14 14 13 11 12 12 13 13 13 13 13 12 12 11 11 10 11 7 6 7 9 8 9 9 11 14 15 10 10 11 12 12 13 12 12 12 11 11 11 10 10 9 8 8 7
33 32 32 31 31 30 29 28 27 26 25 24 23 23 22 19 17 16 15 16 16 17 17 16 14 14 12 12 12 11 12 13 12 13 12 12 11 10 9 9 8 7 7 7 9 9 9 9 11 14 16 11 12 13 14 14 14 14 14 13 12 12 11 10 10 9 8 7 7
31 31 30 30 29 29 28 26 26 24 23 22 22 21 20 18 16 15 15 15 16 16 16 15 15 15 12 11 11 11 11 12 12 11 11 10 10 9 7 7 7 8 9 8 10 12 11 11 12 13 15 14 14 15 16 15 16 16 16 15 14 13 12 11 11 9 8 7 7
30 29 28 28 28 27 26 25 24 23 22 21 20 19 18 17 15 14 14 14 15 15 15 15 14 13 11 11 10 10 11 11 10 10 11 10 9 8 7 7 7 9 8 9 12 14 13 13 13 13 14 16 17 17 18 17 18 19 18 17 16 15 13 12 11 10 8 7 6
28 28 28 27 26 25 24 23 22 21 20 20 19 18 17 16 14 13 13 14 14 15 15 15 14 12 11 10 8 9 9 9 8 9 10 10 9 9 8 6 8 8 9 10 12 15 16 15 16 17 18 20 20 20 20 20 20 21 21 20 20 18 16 16 15 18 10 9 6
28 27 27 24 24 22 21 21 20 20 19 19 18 18 17 16 15 14 14 14 15 16 16 15 13 12 10 9 10 7 8 8 8 9 9 9 9 7 6 6 7 8 9 11 13 17 17 18 19 20 22 24 24 23 22 22 24 24 25 25 24 23 22 21 26 18 16 15 18
28 27 25 23 22 20 19 19 19 18 18 18 18 17 16 15 14 13 13 14 14 15 15 14 13 12 10 9 8 7 7 7 7 8 7 8 7 6 6 6 7 8 10 12 15 18 19 21 22 24 26 26 27 25 25 26 28 29 29 29 29 29 28 28 28 29 28 22 16
26 25 23 22 20 19 18 18 18 18 18 18 18 17 16 15 13 13 13 13 13 14 14 14 13 11 10 8 7 7 6 6 6 7 6 6 5 5 5 6 7 7 10 12 14 17 19 21 23 26 29 31 25 27 28 29 32 34 34 35 34 35 35 36 37 39 32 27 20
24 23 23 21 20 19 18 18 18 17 17 17 17 17 16 14 12 11 11 12 13 14 13 13 13 11 9 8 7 7 6 5 5 5 5 5 5 5 5 6 10 6 9 12 14 16 18 22 23 27 30 26 24 29 31 34 39 41 41 40 41 41 41 41 41 38 35 29 23
22 22 22 20 19 18 18 18 18 17 17 18 17 16 15 12 11 11 10 12 13 13 14 14 13 13 10 8 7 6 5 5 5 5 5 5 5 5 6 7 7 8 8 11 14 15 16 18 20 24 29 28 25 29 31 40 48 50 48 45 45 44 44 43 42 37 33 28 21
21 21 19 18 18 18 18 18 18 18 18 18 17 15 13 11 11 11 12 13 13 14 15 15 15 14 12 9 8 7 6 5 6 6 6 6 6 7 7 8 8 9 9 9 11 15 15 17 20 27 22 27 22 31 34 46 58 47 53 47 47 45 46 45 46 36 30 25 24
20 19 17 16 17 17 17 18 19 19 18 18 17 14 13 11 11 11 12 13 14 15 15 16 16 16 14 11 10 8 6 6 7 7 7 7 7 8 8 8 9 9 9 10 9 11 13 16 19 21 23 22 23 26 36 49 58 57 49 44 44 45 47 45 43 34 29 25 22
19 18 16 16 17 17 18 18 19 19 19 18 17 14 12 11 11 12 10 10 13 14 14 16 17 17 16 13 12 11 9 8 8 8 8 7 8 9 10 9 8 9 8 10 11 11 11 14 17 19 22 23 25 25 36 42 47 52 48 44 42 46 49 46 39 34 29 26 23
20 19 18 18 18 18 18 19 20 20 18 16 14 13 12 12 12 12 12 12 12 13 15 17 17 17 17 17 16 15 14 11 9 8 9 7 8 10 10 9 8 7 8 8 9 9 11 13 16 20 21 25 27 28 23 25 37 40 44 40 40 40 41 38 35 34 30 28 25
