EcoCrop/data/climate/prec_3.asc
NCOLS 660 
NROWS 360 
XLLCORNER -20 
YLLCORNER -30 
CELLSIZE 0.1666667 
NODATA_value -3.4e+38 
[rows 31 to 61 of 360, columns 345 to 413 of 660]
19 21 22 22 22 21 19 18 16 15 11 16 13 12 13 13 13 14 14 16 17 18 21 22 23 24 25 25 27 28 31 33 35 36 37 39 40 39 38 39 39 40 39 39 38 38 37 36 36 34 34 35 35 33 32 30 31 29 28 27 27 26 25 24 23 22 21 21 20
21 23 24 23 21 22 20 18 17 13 11 9 8 9 11 12 12 13 14 15 16 18 20 22 22 23 24 25 26 28 31 32 34 36 37 37 38 38 37 38 39 40 39 39 37 36 36 35 34 34 33 33 31 34 32 29 28 28 27 26 27 26 25 24 23 22 21 21 20
21 25 28 29 27 24 21 18 16 14 11 9 6 8 9 10 11 12 13 14 15 17 19 21 22 23 24 25 26 28 29 30 33 34 35 36 36 36 36 37 39 39 38 37 36 36 34 34 34 33 32 32 32 31 29 29 27 26 25 25 24 24 24 23 22 21 21 20 20
22 -3.4e+38 30 33 30 25 22 18 17 14 11 10 7 10 10 10 11 12 13 14 15 16 18 19 21 22 24 24 26 27 29 30 31 34 35 35 35 36 36 36 37 39 38 38 36 35 34 33 32 32 31 32 33 31 29 28 27 26 24 24 23 22 22 22 22 21 20 20 20
-3.4e+38 -3.4e+38 -3.4e+38 33 29 25 21 18 15 12 14 11 8 9 12 10 11 12 13 14 15 16 17 18 20 21 23 24 25 28 28 30 31 32 34 36 34 35 35 35 37 38 38 37 36 35 34 32 31 31 30 31 32 31 32 29 26 24 24 23 23 23 23 22 21 20 20 19 19
-3.4e+38 -3.4e+38 -3.4e+38 -3.4e+38 -3.4e+38 23 20 17 15 12 12 13 10 10 12 11 11 11 12 14 16 16 17 19 20 21 23 24 25 26 28 29 31 32 32 33 35 34 35 35 35 37 36 35 35 35 34 32 30 29 30 30 35 35 33 27 25 24 24 24 24 23 22 22 21 20 20 19 19
-3.4e+38 -3.4e+38 -3.4e+38 -3.4e+38 -3.4e+38 -3.4e+38 18 15 14 12 11 14 12 10 12 14 12 12 13 14 15 17 18 19 20 21 22 23 25 26 28 28 30 31 31 31 33 33 32 33 34 35 36 35 33 34 33 32 30 28 28 29 32 30 32 28 24 24 24 24 23 22 21 21 20 20 19 19 18
-3.4e+38 -3.4e+38 -3.4e+38 -3.4e+38 -3.4e+38 -3.4e+38 15 14 12 13 10 15 16 10 12 15 12 13 14 14 17 16 17 19 20 21 22 23 25 26 27 28 29 30 30 30 32 32 31 32 32 33 34 33 32 31 31 30 29 28 27 28 31 27 27 25 24 23 23 24 23 22 21 20 20 19 19 18 18
-3.4e+38 -3.4e+38 -3.4e+38 -3.4e+38 -3.4e+38 -3.4e+38 -3.4e+38 12 11 11 9 9 10 11 11 13 12 12 13 14 16 16 18 19 19 20 21 23 24 25 26 27 28 30 31 30 30 30 30 30 30 31 32 31 30 30 30 29 29 27 26 26 29 28 30 25 24 23 23 23 22 21 20 20 19 18 18 18 17
-3.4e+38 -3.4e+38 -3.4e+38 -3.4e+38 -3.4e+38 -3.4e+38 -3.4e+38 10 9 9 8 8 9 10 11 12 12 12 13 14 15 16 19 20 20 20 21 22 23 24 26 26 28 29 30 30 29 30 29 29 29 30 34 30 29 29 31 28 27 26 25 24 24 25 24 24 23 23 23 22 21 20 20 19 18 18 18 17 16
-3.4e+38 -3.4e+38 -3.4e+38 -3.4e+38 -3.4e+38 -3.4e+38 -3.4e+38 -3.4e+38 8 8 8 8 8 8 13 15 13 12 13 14 14 16 18 20 19 20 21 22 23 24 25 26 28 28 30 30 29 29 31 29 28 28 28 28 27 27 27 27 26 25 24 24 24 28 26 23 23 23 22 21 20 20 19 18 18 17 17 17 16
-3.4e+38 -3.4e+38 -3.4e+38 -3.4e+38 -3.4e+38 -3.4e+38 -3.4e+38 -3.4e+38 -3.4e+38 6 6 6 8 9 13 16 14 13 13 13 14 16 18 20 19 19 20 22 23 24 25 26 27 28 29 29 30 30 30 30 29 28 28 27 27 26 25 25 25 24 24 23 29 26 25 23 22 22 21 20 19 19 18 18 17 17 17 17 16
-3.4e+38 -3.4e+38 -3.4e+38 -3.4e+38 -3.4e+38 -3.4e+38 -3.4e+38 -3.4e+38 -3.4e+38 5 5 6 7 8 11 14 13 13 13 13 14 16 17 18 18 19 20 22 23 24 25 25 26 27 29 29 30 30 29 29 29 29 29 28 28 26 25 24 24 23 22 23 28 26 23 22 21 21 20 19 19 18 17 17 17 17 16 16 16
-3.4e+38 -3.4e+38 -3.4e+38 -3.4e+38 -3.4e+38 -3.4e+38 -3.4e+38 -3.4e+38 -3.4e+38 4 5 5 6 7 12 12 13 12 12 13 14 16 16 17 18 19 21 22 23 24 24 25 26 27 28 28 29 29 29 28 28 27 28 32 27 25 24 23 23 22 21 22 25 24 22 20 20 20 19 19 18 17 17 16 16 16 16 16 15
-3.4e+38 -3.4e+38 -3.4e+38 -3.4e+38 -3.4e+38 -3.4e+38 -3.4e+38 -3.4e+38 -3.4e+38 4 4 4 5 9 9 13 13 12 12 13 14 15 16 17 18 20 21 22 23 24 24 25 25 26 27 28 29 30 29 29 28 27 26 25 25 24 23 23 22 22 21 22 21 22 20 19 19 19 18 18 17 17 16 16 16 16 16 15 15
-3.4e+38 -3.4e+38 -3.4e+38 -3.4e+38 -3.4e+38 -3.4e+38 -3.4e+38 -3.4e+38 -3.4e+38 3 3 4 5 6 7 12 15 13 13 13 14 15 16 17 19 20 21 22 23 24 24 25 25 26 27 27 28 30 30 29 29 28 28 26 25 24 23 22 21 20 24 23 21 20 19 18 18 18 17 17 16 16 16 15 15 15 15 15 14
-3.4e+38 -3.4e+38 -3.4e+38 -3.4e+38 -3.4e+38 -3.4e+38 -3.4e+38 -3.4e+38 -3.4e+38 2 3 3 4 5 8 10 12 12 13 14 15 16 17 18 19 21 22 23 24 24 25 25 25 26 27 27 28 29 30 29 28 28 26 26 25 24 22 21 20 20 21 23 20 18 18 17 17 17 17 17 16 16 16 15 15 15 14 14 14
-3.4e+38 -3.4e+38 -3.4e+38 -3.4e+38 -3.4e+38 -3.4e+38 -3.4e+38 -3.4e+38 -3.4e+38 2 2 3 5 5 7 9 11 12 14 14 15 16 17 19 20 22 23 23 25 25 25 25 26 26 26 27 28 29 30 30 29 28 26 25 24 23 21 21 20 20 21 20 18 18 17 17 17 16 16 16 16 15 15 15 14 14 14 14 14
-3.4e+38 -3.4e+38 -3.4e+38 -3.4e+38 -3.4e+38 -3.4e+38 -3.4e+38 -3.4e+38 -3.4e+38 1 2 3 3 5 6 9 10 13 15 15 16 17 19 21 21 22 23 25 26 26 26 26 26 26 26 27 29 30 30 29 28 28 27 25 23 22 21 20 19 22 21 19 17 17 17 17 16 16 15 15 15 15 15 14 14 14 14 14 14
-3.4e+38 -3.4e+38 -3.4e+38 -3.4e+38 -3.4e+38 -3.4e+38 -3.4e+38 -3.4e+38 -3.4e+38 -3.4e+38 2 3 4 5 6 8 13 15 16 16 17 18 19 24 22 23 24 26 29 27 26 27 27 27 27 27 27 29 29 28 27 26 26 24 23 21 20 19 19 20 20 18 17 17 17 16 16 15 15 15 14 14 14 14 14 14 14 14 13
-3.4e+38 -3.4e+38 -3.4e+38 -3.4e+38 -3.4e+38 -3.4e+38 -3.4e+38 -3.4e+38 -3.4e+38 -3.4e+38 3 3 4 5 7 11 12 18 17 18 18 19 20 23 23 24 25 27 30 29 28 28 28 27 27 27 30 30 28 29 27 25 24 23 22 20 19 18 21 19 18 17 16 16 16 16 15 15 15 15 14 14 14 14 14 14 13 13 13
-3.4e+38 -3.4e+38 -3.4e+38 -3.4e+38 -3.4e+38 -3.4e+38 -3.4e+38 -3.4e+38 -3.4e+38 -3.4e+38 3 3 4 5 6 7 14 19 19 19 20 21 22 23 24 25 27 31 32 30 28 29 28 28 28 28 27 27 26 26 27 26 24 22 20 19 18 17 19 19 16 16 16 16 15 15 15 15 15 14 14 14 14 14 13 13 13 13 13
-3.4e+38 -3.4e+38 -3.4e+38 -3.4e+38 -3.4e+38 -3.4e+38 -3.4e+38 -3.4e+38 -3.4e+38 -3.4e+38 3 3 4 5 6 9 16 24 23 26 24 23 23 24 25 27 30 33 31 29 29 30 30 30 29 29 28 27 26 27 27 25 23 21 20 19 17 17 18 17 16 16 16 15 15 15 14 14 14 14 14 14 13 13 13 13 13 13 13
-3.4e+38 -3.4e+38 -3.4e+38 -3.4e+38 -3.4e+38 -3.4e+38 -3.4e+38 -3.4e+38 -3.4e+38 -3.4e+38 -3.4e+38 3 4 5 6 9 9 12 22 28 29 25 25 25 27 31 32 33 31 30 31 31 32 31 30 30 28 27 26 26 25 25 23 21 19 18 17 19 16 15 15 15 15 15 14 14 14 14 14 14 13 13 13 13 13 13 13 13 13
-3.4e+38 -3.4e+38 -3.4e+38 -3.4e+38 -3.4e+38 -3.4e+38 -3.4e+38 -3.4e+38 -3.4e+38 -3.4e+38 -3.4e+38 -3.4e+38 4 5 6 10 11 14 14 21 30 26 25 27 28 30 31 33 33 33 33 33 33 32 32 31 29 28 30 25 25 24 22 21 19 17 16 17 16 14 14 14 14 14 14 14 14 14 13 13 13 13 13 13 13 13 13 13 13
-3.4e+38 -3.4e+38 -3.4e+38 -3.4e+38 -3.4e+38 -3.4e+38 -3.4e+38 -3.4e+38 -3.4e+38 -3.4e+38 -3.4e+38 -3.4e+38 -3.4e+38 5 6 7 9 9 16 15 32 33 30 29 31 32 33 34 36 35 36 35 35 34 33 32 31 29 28 26 25 23 22 21 19 17 16 16 13 13 13 14 14 14 14 13 13 13 13 13 13 13 13 13 13 13 13 13 13
-3.4e+38 -3.4e+38 -3.4e+38 -3.4e+38 -3.4e+38 -3.4e+38 -3.4e+38 -3.4e+38 -3.4e+38 -3.4e+38 -3.4e+38 -3.4e+38 -3.4e+38 5 5 6 7 9 10 15 17 32 34 34 33 35 34 36 37 37 37 37 36 36 35 33 32 30 29 27 26 24 23 21 19 18 16 14 13 13 13 13 13 13 13 14 14 13 13 13 13 13 13 13 13 13 13 13 13
-3.4e+38 -3.4e+38 -3.4e+38 -3.4e+38 -3.4e+38 -3.4e+38 -3.4e+38 -3.4e+38 -3.4e+38 -3.4e+38 -3.4e+38 -3.4e+38 -3.4e+38 -3.4e+38 -3.4e+38 -3.4e+38 7 8 9 15 13 14 33 38 36 36 36 37 39 39 39 39 39 39 37 35 33 32 30 29 28 26 24 22 20 18 20 17 14 14 13 13 13 14 14 14 14 13 13 13 13 13 13 13 13 13 13 13 13
-3.4e+38 -3.4e+38 -3.4e+38 -3.4e+38 -3.4e+38 -3.4e+38 -3.4e+38 -3.4e+38 -3.4e+38 -3.4e+38 -3.4e+38 -3.4e+38 -3.4e+38 -3.4e+38 -3.4e+38 -3.4e+38 -3.4e+38 8 9 10 12 21 24 43 40 38 38 41 40 41 42 42 42 41 39 37 34 33 32 31 31 28 26 23 22 20 21 17 16 15 15 15 14 15 14 14 14 14 14 14 13 13 13 13 13 13 13 12 12
-3.4e+38 -3.4e+38 -3.4e+38 -3.4e+38 -3.4e+38 -3.4e+38 -3.4e+38 -3.4e+38 -3.4e+38 -3.4e+38 -3.4e+38 -3.4e+38 -3.4e+38 -3.4e+38 -3.4e+38 -3.4e+38 -3.4e+38 -3.4e+38 9 10 12 13 20 23 43 43 42 41 42 42 43 44 43 42 40 39 36 35 35 33 33 30 28 25 23 21 20 18 18 17 16 16 16 15 15 15 14 14 14 14 14 13 13 13 13 13 13 12 12
-3.4e+38 -3.4e+38 -3.4e+38 -3.4e+38 -3.4e+38 -3.4e+38 -3.4e+38 -3.4e+38 -3.4e+38 -3.4e+38 -3.4e+38 -3.4e+38 -3.4e+38 -3.4e+38 -3.4e+38 -3.4e+38 -3.4e+38 -3.4e+38 -3.4e+38 -3.4e+38 11 13 21 19 26 41 44 46 44 44 45 46 45 43 43 39 38 37 37 38 34 31 29 27 25 23 23 21 19 18 17 17 16 16 16 15 15 15 14 14 14 14 13 13 13 13 13 12 12
