EcoCrop/data/climate/prec_4.asc
NCOLS 660 
NROWS 360 
XLLCORNER -20 
YLLCORNER -30 
CELLSIZE 0.1666667 
NODATA_value -3.4e+38 
[rows 248 to 278 of 360, columns 207 to 275 of 660]
151 197 165 155 149 150 136 136 135 132 123 121 121 119 116 115 113 112 111 111 112 114 117 117 116 118 118 119 118 118 117 119 119 120 122 124 125 126 127 127 126 124 121 117 113 109 104 101 97 93 91 91 94 95 98 100 104 110 107 104 101 96 92 88 86 83 79 77 76
183 183 177 163 144 139 134 131 132 127 123 121 117 118 116 114 108 105 106 106 107 108 110 111 114 114 114 115 115 114 115 114 115 116 117 119 120 121 122 122 121 119 117 113 110 106 102 99 95 91 88 88 89 91 92 94 98 102 102 100 95 92 88 87 84 81 78 77 75
169 166 180 154 147 137 137 130 133 126 121 118 115 116 114 112 104 101 101 103 104 107 107 110 109 109 111 111 109 109 109 110 110 111 112 114 115 116 117 117 116 115 113 110 107 104 100 96 92 89 86 85 86 87 89 91 95 98 95 93 91 89 88 84 82 79 78 76 75
143 178 170 166 147 141 134 136 130 125 122 118 114 114 113 108 102 96 97 99 102 105 107 107 106 107 106 106 107 108 106 107 107 108 109 109 112 111 112 112 112 111 110 108 105 102 98 94 90 87 85 83 83 84 85 88 90 93 90 87 87 84 83 81 77 77 74 74 73
145 147 164 154 141 135 133 130 127 128 123 121 116 114 112 106 100 92 94 97 100 103 103 103 104 105 104 103 103 105 104 104 105 105 106 106 106 107 107 108 108 107 107 105 103 100 97 93 89 84 82 80 81 80 88 86 87 87 85 81 81 78 77 74 73 72 71 70 73
141 172 162 148 139 137 131 130 129 128 126 120 116 115 112 107 100 94 94 95 98 99 100 101 102 102 101 99 100 99 98 101 100 102 101 102 103 102 103 104 104 104 104 103 102 100 96 92 87 82 78 75 75 79 77 77 80 78 77 76 78 74 72 68 68 68 68 68 69
155 149 145 146 138 151 132 132 135 133 128 123 119 115 114 109 101 97 95 95 97 97 98 100 98 97 98 99 98 97 97 96 96 97 99 98 99 99 99 100 100 101 101 101 100 99 96 91 85 79 74 72 70 72 71 72 72 73 73 69 72 68 65 64 65 63 64 63 65
157 154 149 142 138 132 135 141 145 140 132 124 121 117 114 111 103 98 96 96 96 95 96 96 94 93 93 93 93 94 92 93 94 94 93 93 95 95 95 96 97 97 98 99 99 98 96 91 83 75 69 66 66 66 67 63 66 67 67 65 63 62 61 61 60 59 59 59 59
161 152 145 141 137 142 138 156 152 143 134 128 123 119 114 108 103 99 96 95 94 93 95 94 93 91 91 92 89 92 91 91 88 91 91 90 90 90 91 92 93 94 95 96 97 98 97 92 80 67 65 64 60 58 58 59 59 58 59 59 58 59 56 56 55 55 54 54 55
156 156 142 137 135 133 142 147 147 141 134 128 123 119 113 106 102 101 95 94 93 92 92 89 91 90 89 88 89 89 88 88 87 87 86 87 87 87 87 88 88 89 90 91 93 95 96 94 73 58 55 54 52 53 51 54 54 55 54 56 55 54 53 53 52 52 52 51 51
160 153 144 132 130 131 134 136 138 135 131 126 122 119 113 106 102 98 94 92 92 90 89 88 86 87 85 85 84 85 84 83 81 83 82 83 83 83 83 83 83 84 85 86 87 88 87 80 64 52 48 46 47 47 48 49 50 50 51 51 51 49 50 50 50 49 49 48 48
151 147 136 129 127 126 125 129 130 130 128 124 121 118 112 105 101 97 94 91 90 89 87 84 84 84 82 82 82 79 81 80 79 79 77 78 78 77 78 79 79 79 79 80 80 80 77 70 60 50 44 42 42 43 44 46 47 47 47 47 48 48 47 47 47 45 45 44 44
145 136 131 127 124 123 122 124 125 126 124 121 120 116 111 104 98 95 92 89 86 86 83 82 81 81 80 79 77 76 77 76 76 74 75 74 73 73 73 74 74 74 74 74 74 72 69 63 55 48 42 39 39 40 42 43 44 45 45 45 46 46 44 45 44 44 43 42 42
136 133 129 125 123 120 119 120 120 122 120 117 116 113 107 103 98 92 89 87 84 82 80 79 77 77 77 74 73 74 72 72 71 71 70 68 68 69 69 69 69 69 69 68 68 66 63 58 52 46 41 36 37 39 41 42 42 43 42 43 43 43 43 42 42 42 42 43 45
132 130 126 122 119 117 116 116 117 116 115 112 111 107 103 98 94 90 86 84 81 79 77 75 74 73 73 71 70 69 68 67 66 65 65 64 65 65 65 64 64 64 64 63 63 62 59 55 51 46 42 39 39 40 41 41 42 41 42 42 42 41 40 40 40 40 40 42 42
129 126 122 118 115 113 112 112 112 112 111 108 106 103 98 95 90 87 84 80 79 76 75 73 72 70 70 69 68 65 66 64 62 62 60 59 61 60 60 60 60 59 60 60 59 58 56 54 51 47 44 42 42 41 42 41 41 41 39 40 39 38 38 38 38 39 38 38 38
123 120 114 112 109 107 106 106 106 107 105 103 100 98 93 90 87 83 80 77 75 73 72 71 69 68 67 66 65 62 62 60 58 58 57 57 56 54 54 56 55 56 57 57 56 56 55 53 51 48 46 45 45 44 42 42 41 40 39 39 38 36 37 36 36 36 36 35 36
108 108 105 103 102 101 100 100 101 102 100 98 96 92 90 86 83 80 77 74 72 71 69 68 67 65 65 63 61 59 57 56 54 54 53 53 51 52 50 51 52 53 53 54 54 54 54 53 51 49 48 48 48 47 44 42 41 39 38 38 37 36 35 34 34 34 34 33 33
94 95 96 94 94 93 95 95 96 96 94 93 90 87 85 82 80 77 74 72 70 68 67 66 65 64 61 60 58 57 55 53 50 50 49 48 48 48 49 48 49 50 51 51 52 53 54 53 52 50 49 49 50 48 45 42 39 38 37 36 35 34 34 32 33 33 33 33 32
84 86 86 86 87 89 88 89 89 89 88 86 85 83 81 79 77 75 73 72 68 67 65 64 63 61 60 58 56 54 52 49 48 47 45 45 44 45 45 45 47 47 48 50 51 53 54 55 53 50 48 48 49 47 44 41 39 38 35 34 33 32 31 31 31 31 31 30 30
78 79 79 78 79 80 81 82 83 83 82 82 80 79 76 76 74 73 72 73 68 66 64 63 61 60 58 56 54 52 49 47 43 43 41 41 40 40 41 43 43 44 46 47 49 52 55 58 56 49 47 47 46 44 42 40 38 36 34 33 31 30 29 29 29 30 29 29 29
74 73 73 72 72 73 74 76 77 77 77 76 76 75 73 73 72 71 71 70 67 65 63 61 59 58 56 55 52 49 47 44 42 40 38 37 36 37 37 39 40 42 43 44 46 49 54 62 68 51 48 47 45 43 41 39 37 35 33 32 30 29 28 28 28 28 28 27 27
71 69 67 67 67 67 68 70 71 71 73 72 72 70 70 70 69 68 68 67 65 63 61 59 58 57 55 53 50 48 45 42 39 36 35 34 34 34 35 36 38 38 40 40 42 44 48 59 75 60 50 46 44 41 39 37 35 34 32 30 29 28 28 27 27 27 26 26 26
68 65 62 60 61 63 64 65 66 67 68 68 68 67 67 66 66 66 65 64 63 61 60 58 57 55 54 51 48 46 43 40 37 34 31 30 30 31 33 34 35 36 37 37 38 38 38 41 51 53 47 44 41 39 37 35 33 32 31 30 28 27 27 27 26 26 25 25 25
65 62 58 56 57 59 61 62 63 63 64 64 65 65 64 64 63 63 63 62 61 59 58 57 55 54 52 50 47 45 42 39 36 32 29 27 28 30 32 33 33 34 34 34 34 34 33 34 40 43 42 39 38 36 35 33 32 31 30 29 28 27 26 26 26 25 25 25 24
63 60 57 56 56 57 58 59 60 60 61 61 62 62 62 62 61 61 60 60 59 58 56 55 53 52 51 49 46 44 41 38 35 32 28 24 28 30 31 32 32 32 33 33 32 32 32 32 35 38 38 36 35 34 33 32 30 29 29 28 27 26 26 25 25 24 24 24 23
60 58 57 56 56 57 57 57 57 58 58 58 59 59 59 59 59 58 58 58 57 56 55 54 53 51 49 48 46 43 41 39 36 34 32 32 31 32 32 32 32 32 31 31 31 31 31 31 33 34 35 34 33 32 30 29 29 28 27 26 26 26 25 25 25 24 24 23 22
56 56 56 57 57 57 57 56 56 56 56 56 56 56 57 57 57 57 56 56 55 55 54 53 52 50 49 47 45 43 42 40 38 37 37 37 35 33 32 32 32 31 31 30 30 30 30 30 31 31 32 32 31 30 29 28 28 27 26 26 25 25 25 24 24 24 23 22 21
52 53 55 57 59 58 57 55 54 54 54 54 54 54 55 55 55 55 55 54 54 53 53 52 51 49 48 46 45 43 42 40 39 38 38 37 36 34 33 32 32 31 30 30 29 29 29 29 29 30 29 29 28 27 27 27 26 25 26 25 24 25 24 24 24 23 22 22 21
47 50 53 57 60 59 57 55 54 53 52 52 52 53 53 53 53 53 53 53 53 52 52 51 50 49 48 45 44 43 42 41 40 39 38 37 36 34 33 32 31 31 30 29 29 29 28 28 28 28 28 27 26 25 25 25 25 25 25 25 24 24 24 23 23 23 22 22 21
42 46 51 55 58 58 56 54 53 51 51 51 51 51 51 51 52 52 52 52 52 52 51 50 50 49 47 46 44 43 42 41 40 39 38 37 36 35 33 32 31 30 30 29 28 28 28 28 27 27 27 26 25 24 25 25 24 24 24 24 23 24 23 23 22 22 22 22 21
