EcoCrop/data/climate/prec_7.asc
NCOLS 660 
NROWS 360 
XLLCORNER -20 
YLLCORNER -30 
CELLSIZE 0.1666667 
NODATA_value -3.4e+38 
[rows 31 to 61 of 360, columns 560 to 629 of 660]
305 236 175 158 177 212 225 239 262 270 270 273 289 300 309 280 270 267 279 292 309 320 332 342 339 319 313 318 326 351 379 355 334 318 313 318 334 342 332 331 359 362 342 322 311 311 316 324 332 321 305 289 278 275 266 272 277 278 272 259 249 275 286 302 311 318 295 287 278 282
280 264 198 178 201 238 246 254 268 278 302 308 303 288 289 263 269 278 276 300 312 324 336 353 343 324 314 314 326 351 375 366 347 329 307 326 358 349 347 349 357 356 341 321 321 326 330 339 340 330 316 304 289 268 271 275 274 277 277 269 279 294 306 292 304 330 314 307 292 281
300 290 205 194 213 255 259 264 281 291 303 298 288 277 265 264 287 288 286 283 319 336 334 337 334 324 320 317 315 337 364 358 353 341 346 361 396 372 372 347 341 334 332 332 322 331 341 351 347 333 322 309 292 271 283 275 277 279 279 276 272 267 278 290 309 322 317 310 311 293
349 301 232 184 208 255 258 265 290 293 295 294 284 283 280 282 300 308 302 302 328 339 330 329 319 321 323 324 323 338 348 358 358 360 379 430 430 389 364 345 327 322 322 337 335 341 347 349 343 338 331 317 303 283 282 285 287 287 287 284 283 281 287 299 320 325 316 316 318 314
308 245 221 180 189 236 237 272 294 295 288 288 282 280 292 304 305 305 297 301 334 338 328 309 303 320 341 352 348 348 347 352 350 361 382 413 402 394 368 362 328 305 313 336 350 354 351 349 337 338 341 327 319 307 305 293 295 295 298 294 294 291 291 305 317 297 304 320 328 321
318 260 219 181 189 218 248 282 295 289 284 282 272 267 308 317 307 299 299 304 328 335 329 308 302 324 367 405 381 365 362 348 343 352 355 371 404 392 370 361 341 320 336 364 373 370 361 348 341 345 351 346 345 326 334 315 315 315 315 310 309 304 304 304 306 293 322 329 325 318
305 303 268 218 223 247 283 297 303 291 273 266 273 277 294 301 298 298 301 312 323 338 344 315 301 332 380 409 398 381 368 356 352 356 348 358 403 377 374 373 379 367 380 397 402 389 370 356 353 357 366 362 355 353 351 347 330 330 330 330 334 315 306 306 322 326 330 328 303 313
308 295 271 250 256 291 343 323 314 300 271 267 277 283 292 286 291 302 310 313 321 342 347 319 293 341 394 414 405 397 380 373 367 368 372 374 370 363 386 376 391 398 411 417 415 397 375 359 357 363 371 372 370 368 365 366 359 358 353 358 351 343 324 343 341 332 357 305 290 295
304 298 290 271 260 295 317 312 325 311 291 286 281 283 285 279 291 315 317 314 321 354 367 343 331 359 401 416 407 401 395 394 380 374 370 369 365 359 361 396 406 424 438 435 429 401 378 356 353 362 371 375 374 380 380 382 370 369 372 378 375 369 359 351 342 329 309 324 308 317
303 290 303 318 304 310 326 314 301 304 300 293 282 278 272 277 294 321 323 321 329 368 417 374 360 381 402 414 428 398 382 382 379 375 366 360 354 349 367 411 436 459 467 461 445 424 385 362 357 364 372 375 376 375 388 399 387 376 395 407 401 388 377 366 355 345 339 342 335 340
314 310 326 330 333 322 310 295 294 293 290 289 281 276 275 290 321 340 334 325 329 351 389 391 384 396 414 410 409 392 392 381 365 358 352 341 340 346 370 404 438 469 491 478 453 429 415 381 370 373 376 375 372 370 386 399 401 401 418 425 419 393 392 377 368 373 364 367 358 350
321 310 319 307 303 282 272 266 277 291 288 288 281 277 283 303 337 342 341 331 327 338 357 373 390 419 435 410 415 410 400 375 344 335 333 328 328 336 364 394 432 468 490 478 456 430 405 387 392 397 390 387 366 357 381 403 414 420 428 430 417 418 414 397 392 391 406 391 378 365
320 331 331 310 285 263 257 250 267 285 289 290 286 283 293 307 320 330 327 308 309 323 339 355 375 388 411 417 438 452 416 379 345 337 325 322 314 319 345 386 425 457 473 467 452 427 403 395 375 383 403 396 370 364 389 416 427 431 429 424 424 417 413 418 407 396 406 406 395 376
318 341 355 340 310 285 267 261 268 280 289 294 295 296 301 308 303 299 313 296 304 322 340 361 386 401 409 415 430 446 416 382 347 379 328 320 310 306 341 383 425 454 464 463 448 422 396 377 382 385 380 375 371 379 411 448 422 435 437 434 417 407 401 388 371 377 392 403 395 384
337 367 393 379 342 298 270 253 245 249 255 273 296 308 308 282 263 264 273 293 306 327 345 374 402 409 403 393 403 426 647 382 448 382 321 313 317 328 357 399 440 463 475 469 444 418 391 370 359 361 369 377 378 390 414 436 419 425 431 430 417 405 392 379 369 376 391 401 401 397
359 370 392 394 357 305 270 247 232 230 240 235 237 247 247 244 243 252 272 300 307 341 364 388 399 398 396 365 369 537 526 474 370 347 313 313 333 358 385 421 465 474 483 481 447 413 393 346 331 340 351 366 381 390 397 391 385 412 422 424 419 408 391 375 375 383 397 410 416 412
391 377 374 375 342 296 264 237 217 208 210 209 217 226 232 244 247 256 277 288 314 364 399 401 387 370 352 349 335 360 395 352 354 319 309 325 351 389 406 438 485 502 493 499 454 405 364 325 317 327 342 364 385 388 389 388 394 411 426 433 442 424 398 376 376 394 406 416 428 427
410 399 382 382 327 281 263 273 208 192 180 193 200 205 215 237 256 272 286 299 335 381 410 406 372 332 316 322 334 323 325 323 328 312 312 325 349 385 408 436 484 506 494 467 437 391 348 312 317 333 348 363 378 384 383 382 391 403 417 445 483 446 412 401 383 411 420 404 426 450
461 464 447 390 329 285 238 220 211 218 212 207 205 193 210 228 252 268 279 308 347 400 399 386 365 306 288 293 295 296 303 299 305 302 313 315 320 345 370 415 472 519 528 470 425 377 327 309 327 348 359 368 380 388 379 374 377 388 395 428 452 446 434 432 433 435 432 430 436 454
497 500 472 390 329 278 234 213 209 220 229 226 224 215 228 235 266 259 281 298 330 371 389 445 417 354 303 280 290 287 290 293 297 297 311 309 310 336 353 393 436 500 566 447 408 358 311 317 338 359 371 384 400 409 396 396 391 391 400 408 418 426 444 459 466 447 435 399 407 396
555 545 478 397 314 240 213 199 208 229 228 225 223 232 263 239 249 233 239 262 295 331 355 456 436 351 281 286 287 294 289 285 290 296 299 329 360 353 355 388 426 492 526 477 393 330 308 326 345 366 381 397 418 432 419 413 406 399 392 390 387 411 442 477 462 462 410 418 406 387
623 580 507 407 287 209 177 175 193 233 226 229 225 219 216 211 201 203 222 299 314 324 326 327 246 239 250 271 289 295 289 281 288 297 316 341 366 371 381 409 444 490 499 434 377 360 350 350 351 374 392 399 414 434 434 430 424 410 396 384 371 402 433 458 462 432 425 410 384 359
696 656 539 396 248 185 152 157 171 192 198 212 221 220 216 206 189 210 214 206 217 225 224 218 220 225 233 261 286 300 297 294 289 296 311 348 373 391 406 427 458 492 497 433 393 402 393 366 359 375 399 408 429 439 444 447 444 435 411 397 396 409 425 438 444 435 418 379 366 338
787 728 568 350 205 151 135 142 154 171 187 199 213 222 217 207 193 182 179 178 188 203 208 211 227 230 225 261 280 295 291 287 293 307 329 359 388 412 430 446 466 484 473 437 409 399 386 367 362 367 400 417 427 437 445 452 462 437 424 414 415 421 420 419 428 423 406 382 351 318
929 761 574 330 227 137 126 131 147 165 185 199 208 214 213 209 196 182 176 173 182 205 214 228 244 241 238 252 276 285 282 279 300 324 351 381 411 434 447 457 471 481 467 440 412 393 375 361 361 364 374 403 418 428 435 441 445 434 421 417 427 433 424 415 419 408 396 371 348 319
899 715 452 301 218 117 117 128 145 166 184 198 206 212 210 205 199 188 184 178 191 208 221 241 255 255 253 259 275 283 284 287 316 343 370 404 438 448 452 459 477 485 480 453 426 401 378 361 357 367 380 391 406 422 421 417 410 404 398 400 412 424 425 406 391 386 382 371 339 324
911 651 405 303 185 138 114 121 146 173 189 207 217 223 218 209 219 214 214 214 210 221 238 253 261 262 270 274 294 296 298 307 329 353 381 412 441 449 445 457 489 513 501 473 447 417 391 370 349 342 350 374 406 427 411 390 378 372 369 369 380 393 390 380 372 367 353 348 343 343
901 604 340 214 168 139 115 113 146 189 204 212 215 217 210 204 214 224 226 244 254 251 264 271 268 276 275 281 292 305 312 327 338 356 378 398 415 427 432 463 508 534 521 492 468 443 418 392 361 330 331 368 400 413 398 369 353 345 340 340 349 360 359 359 351 346 334 336 324 313
941 618 330 177 129 112 109 118 147 184 209 209 208 206 201 198 200 211 229 237 244 254 291 294 284 283 282 287 296 305 318 332 343 354 369 381 387 406 416 470 509 525 520 503 486 467 460 401 380 358 354 364 379 388 367 344 329 324 321 323 327 335 337 336 332 324 318 313 302 292
1085 758 403 203 130 101 101 113 134 162 188 191 190 191 190 191 193 207 216 226 237 253 275 288 297 277 288 291 300 304 320 332 342 348 357 374 374 388 427 474 505 517 517 507 492 476 456 417 382 362 355 360 368 369 348 326 308 309 309 319 311 325 316 317 313 306 297 289 281 272
1271 1134 616 375 150 100 94 104 121 141 156 165 173 174 177 189 188 196 214 222 229 245 262 281 287 299 294 300 312 304 310 321 333 337 340 342 352 383 436 479 500 510 513 507 480 451 428 406 382 363 353 355 360 360 349 334 310 304 309 319 297 297 294 301 298 287 275 268 260 254
