EcoCrop/data/climate/prec_8.asc
NCOLS 660 
NROWS 360 
XLLCORNER -20 
YLLCORNER -30 
CELLSIZE 0.1666667 
NODATA_value -3.4e+38 
[rows 124 to 154 of 360, columns 70 to 139 of 660]
307 312 318 320 311 299 289 286 292 297 304 301 290 279 268 257 241 226 212 206 203 202 199 195 189 183 177 171 164 157 150 143 141 144 150 156 157 159 161 164 165 168 170 176 179 182 184 188 192 194 193 192 192 193 199 217 248 276 253 246 245 244 249 236 222 207 187 184 182 178
291 293 296 297 293 286 279 277 280 282 284 280 273 262 250 238 222 206 190 186 187 187 186 182 178 173 167 160 154 149 142 135 134 136 141 147 147 151 151 155 157 160 164 166 171 174 179 183 184 185 186 185 188 194 203 228 242 252 237 229 229 229 225 222 204 189 172 169 170 167
273 276 276 280 273 270 266 266 266 265 263 258 253 244 233 219 207 192 182 175 175 175 174 173 168 165 157 152 147 143 135 130 131 128 131 135 137 141 143 148 148 150 155 159 164 167 172 176 177 179 179 181 184 190 205 223 243 239 221 213 212 212 205 188 171 164 156 157 158 153
260 258 257 256 254 253 251 251 251 249 246 240 235 226 216 204 193 182 174 168 165 165 166 162 159 156 150 143 138 134 128 126 121 120 122 124 127 129 131 136 138 141 147 152 157 162 167 171 174 173 176 173 178 187 210 224 232 221 209 201 200 196 189 172 154 144 141 146 143 144
247 246 243 239 239 238 237 239 239 235 230 224 218 210 200 190 178 172 163 157 155 157 158 154 152 147 141 138 132 125 122 118 115 111 113 113 118 120 121 126 129 134 139 144 148 154 162 165 167 170 167 168 170 183 205 227 225 212 204 196 191 186 178 168 149 140 136 138 139 135
246 241 233 225 224 227 227 226 225 221 217 210 204 196 185 176 164 158 150 147 144 147 149 148 144 139 135 132 128 123 114 112 105 103 102 104 108 110 113 119 122 127 131 137 143 147 155 162 164 166 163 164 164 179 200 213 213 201 197 188 184 179 172 165 152 144 138 135 130 129
252 244 235 223 218 221 220 217 215 208 203 197 191 181 173 163 155 145 140 136 133 137 136 138 136 131 127 124 119 113 108 103 100 94 96 98 98 102 106 109 115 119 123 129 135 141 147 153 159 164 163 161 164 185 193 197 195 186 186 180 176 172 167 157 150 145 137 133 127 122
263 253 242 231 225 223 217 211 206 197 190 186 179 169 160 149 141 134 130 124 124 124 126 124 121 119 117 116 114 107 100 94 103 86 88 91 91 95 99 106 112 114 115 122 126 133 142 149 154 160 159 157 180 186 182 169 171 170 175 175 170 168 162 153 148 146 138 130 121 114
278 268 257 245 236 229 221 207 200 191 181 172 164 156 147 137 129 126 123 121 118 115 115 113 109 108 107 107 102 97 93 88 83 81 83 84 86 88 95 104 100 103 106 112 119 127 135 144 151 161 157 151 174 158 175 156 153 163 169 168 163 160 159 153 151 151 140 127 116 108
289 284 273 260 251 239 225 205 194 185 175 163 152 143 135 125 119 120 121 122 113 109 105 101 99 98 96 92 93 89 85 81 78 77 78 80 81 84 94 90 93 93 98 104 111 120 127 136 144 151 148 141 160 153 179 184 158 150 161 159 156 152 155 152 159 162 138 120 108 101
302 298 286 273 261 243 222 204 190 175 163 149 139 131 127 119 116 115 115 111 104 99 94 90 88 86 84 83 81 80 78 75 74 75 76 75 75 83 85 82 83 85 91 96 103 110 117 125 132 137 131 126 145 142 190 191 166 146 141 140 139 139 139 142 147 148 120 105 98 93
309 307 292 278 260 243 220 200 184 167 152 137 132 123 121 113 112 109 108 103 96 91 85 81 77 75 75 75 73 73 71 69 70 72 72 74 74 77 78 75 77 79 83 88 95 102 109 118 121 121 117 112 113 133 204 176 155 137 123 114 118 120 122 118 118 105 92 90 87 87
300 301 280 264 249 230 214 193 180 161 146 133 126 118 112 108 107 105 101 96 89 85 77 73 70 69 69 67 66 66 65 66 65 66 69 70 70 72 71 73 74 74 77 84 89 95 103 106 109 111 115 105 152 132 195 162 140 124 110 109 111 107 108 103 106 94 82 80 82 81
264 265 256 248 231 218 215 186 173 159 146 133 124 116 108 102 101 101 96 90 82 76 69 66 64 64 63 63 62 63 62 63 63 62 65 64 66 67 73 71 72 75 77 80 84 89 94 98 102 106 104 103 104 121 126 123 117 109 102 101 101 95 94 94 96 89 79 76 77 81
229 235 235 223 213 203 191 176 167 156 146 135 124 117 105 96 94 96 91 82 77 73 68 63 60 61 60 59 61 62 61 62 60 61 59 59 62 67 68 69 73 78 84 82 81 82 87 91 100 97 101 106 110 133 110 98 91 86 82 80 82 76 76 81 90 83 73 71 74 79
203 209 209 202 193 187 178 168 160 151 144 136 125 114 106 96 89 83 77 75 71 71 67 61 58 58 59 59 60 61 62 64 62 62 59 60 64 78 68 70 78 87 87 91 88 79 79 82 85 86 90 103 103 99 79 72 71 66 67 62 60 60 58 65 74 77 68 65 69 78
182 188 188 185 178 173 166 158 151 144 137 128 120 112 105 92 83 73 74 64 65 67 64 60 61 60 60 60 61 62 62 66 67 68 69 68 70 70 80 77 88 103 98 92 86 102 97 106 78 77 76 85 78 68 58 52 58 57 58 51 41 48 43 49 54 57 56 57 64 76
172 172 170 169 165 160 155 148 142 136 128 121 114 105 98 88 75 64 60 58 58 58 56 56 58 60 61 61 61 63 65 68 76 74 79 77 76 76 76 80 90 107 109 95 89 82 80 102 84 81 68 62 57 53 47 47 50 49 37 35 27 32 37 41 42 44 47 48 58 68
166 162 157 156 154 149 146 139 133 126 120 114 106 98 91 81 71 63 58 54 52 52 51 52 56 60 61 61 63 65 67 70 72 77 81 86 82 78 76 79 92 116 115 93 81 75 104 76 90 64 51 49 45 43 39 38 39 33 29 28 -3.4e+38 -3.4e+38 -3.4e+38 -3.4e+38 -3.4e+38 -3.4e+38 -3.4e+38 -3.4e+38 -3.4e+38 -3.4e+38
158 154 146 142 141 138 137 132 125 118 112 105 97 90 84 74 66 61 57 52 51 49 50 53 57 61 63 61 64 65 68 70 73 82 77 80 79 75 78 84 90 108 105 88 76 69 73 70 79 75 44 39 37 34 31 30 29 -3.4e+38 -3.4e+38 -3.4e+38 -3.4e+38 -3.4e+38 -3.4e+38 -3.4e+38 -3.4e+38 -3.4e+38 -3.4e+38 -3.4e+38 -3.4e+38 -3.4e+38
153 143 135 129 131 131 128 124 118 110 104 96 88 80 74 67 61 59 56 50 48 46 49 52 58 62 62 61 64 68 70 72 73 75 78 73 71 68 74 83 83 89 87 81 71 67 57 50 54 72 37 33 32 28 26 24 -3.4e+38 -3.4e+38 -3.4e+38 -3.4e+38 -3.4e+38 -3.4e+38 -3.4e+38 -3.4e+38 -3.4e+38 -3.4e+38 -3.4e+38 -3.4e+38 -3.4e+38 -3.4e+38
153 142 128 123 127 126 122 117 110 104 95 87 79 71 65 59 56 54 50 45 43 42 46 51 56 62 61 61 62 68 73 77 77 74 69 71 67 60 66 75 74 78 77 75 69 57 47 39 35 31 27 -3.4e+38 -3.4e+38 -3.4e+38 -3.4e+38 -3.4e+38 -3.4e+38 -3.4e+38 -3.4e+38 -3.4e+38 -3.4e+38 -3.4e+38 -3.4e+38 -3.4e+38 -3.4e+38 -3.4e+38 -3.4e+38 -3.4e+38 -3.4e+38 -3.4e+38
158 146 136 130 125 121 116 111 103 96 86 77 69 67 58 52 50 45 39 37 36 37 42 46 51 59 59 55 55 66 77 78 75 69 67 68 64 64 69 70 67 67 64 60 51 43 37 29 22 -3.4e+38 -3.4e+38 -3.4e+38 -3.4e+38 -3.4e+38 -3.4e+38 -3.4e+38 -3.4e+38 -3.4e+38 -3.4e+38 -3.4e+38 -3.4e+38 -3.4e+38 -3.4e+38 -3.4e+38 -3.4e+38 -3.4e+38 -3.4e+38 -3.4e+38 -3.4e+38 -3.4e+38
159 154 147 139 130 121 113 105 99 88 78 68 61 56 50 47 43 37 33 31 31 32 35 40 44 53 52 47 51 61 70 73 68 64 64 68 67 62 69 65 60 60 53 47 45 40 30 -3.4e+38 -3.4e+38 -3.4e+38 -3.4e+38 -3.4e+38 -3.4e+38 -3.4e+38 -3.4e+38 -3.4e+38 -3.4e+38 -3.4e+38 -3.4e+38 -3.4e+38 -3.4e+38 -3.4e+38 -3.4e+38 -3.4e+38 -3.4e+38 -3.4e+38 -3.4e+38 -3.4e+38 -3.4e+38 -3.4e+38
162 160 158 150 135 120 113 105 92 80 71 62 52 47 43 41 38 34 29 27 26 27 29 32 35 37 38 40 45 52 54 62 60 57 62 64 62 57 63 62 56 52 42 39 38 -3.4e+38 -3.4e+38 -3.4e+38 -3.4e+38 -3.4e+38 -3.4e+38 -3.4e+38 -3.4e+38 -3.4e+38 -3.4e+38 -3.4e+38 -3.4e+38 -3.4e+38 -3.4e+38 -3.4e+38 -3.4e+38 -3.4e+38 -3.4e+38 -3.4e+38 -3.4e+38 -3.4e+38 -3.4e+38 -3.4e+38 -3.4e+38 -3.4e+38
167 165 169 166 138 119 112 101 89 76 64 56 47 40 38 37 35 -3.4e+38 -3.4e+38 -3.4e+38 -3.4e+38 -3.4e+38 -3.4e+38 -3.4e+38 -3.4e+38 -3.4e+38 -3.4e+38 -3.4e+38 -3.4e+38 -3.4e+38 -3.4e+38 -3.4e+38 49 50 55 60 62 63 60 58 51 45 -3.4e+38 -3.4e+38 -3.4e+38 -3.4e+38 -3.4e+38 -3.4e+38 -3.4e+38 -3.4e+38 -3.4e+38 -3.4e+38 -3.4e+38 -3.4e+38 -3.4e+38 -3.4e+38 -3.4e+38 -3.4e+38 -3.4e+38 -3.4e+38 -3.4e+38 -3.4e+38 -3.4e+38 -3.4e+38 -3.4e+38 -3.4e+38 -3.4e+38 -3.4e+38 -3.4e+38 -3.4e+38
167 170 172 172 141 115 112 98 83 71 62 53 45 -3.4e+38 -3.4e+38 -3.4e+38 -3.4e+38 -3.4e+38 -3.4e+38 -3.4e+38 -3.4e+38 -3.4e+38 -3.4e+38 -3.4e+38 -3.4e+38 -3.4e+38 -3.4e+38 -3.4e+38 -3.4e+38 -3.4e+38 -3.4e+38 -3.4e+38 -3.4e+38 -3.4e+38 -3.4e+38 -3.4e+38 64 63 56 53 -3.4e+38 -3.4e+38 -3.4e+38 -3.4e+38 -3.4e+38 -3.4e+38 -3.4e+38 -3.4e+38 -3.4e+38 -3.4e+38 -3.4e+38 -3.4e+38 -3.4e+38 -3.4e+38 -3.4e+38 -3.4e+38 -3.4e+38 -3.4e+38 -3.4e+38 -3.4e+38 -3.4e+38 -3.4e+38 -3.4e+38 -3.4e+38 -3.4e+38 -3.4e+38 -3.4e+38 -3.4e+38 -3.4e+38 -3.4e+38
165 165 157 163 139 122 112 95 83 70 -3.4e+38 -3.4e+38 -3.4e+38 -3.4e+38 -3.4e+38 -3.4e+38 -3.4e+38 -3.4e+38 -3.4e+38 -3.4e+38 -3.4e+38 -3.4e+38 -3.4e+38 -3.4e+38 -3.4e+38 -3.4e+38 -3.4e+38 -3.4e+38 -3.4e+38 -3.4e+38 -3.4e+38 -3.4e+38 -3.4e+38 -3.4e+38 -3.4e+38 -3.4e+38 -3.4e+38 56 -3.4e+38 -3.4e+38 -3.4e+38 -3.4e+38 -3.4e+38 -3.4e+38 -3.4e+38 -3.4e+38 -3.4e+38 -3.4e+38 -3.4e+38 -3.4e+38 -3.4e+38 -3.4e+38 -3.4e+38 -3.4e+38 -3.4e+38 -3.4e+38 -3.4e+38 -3.4e+38 -3.4e+38 -3.4e+38 -3.4e+38 -3.4e+38 -3.4e+38 -3.4e+38 -3.4e+38 -3.4e+38 -3.4e+38 -3.4e+38 -3.4e+38 -3.4e+38
-3.4e+38 153 146 138 128 121 108 96 -3.4e+38 -3.4e+38 -3.4e+38 -3.4e+38 -3.4e+38 -3.4e+38 -3.4e+38 -3.4e+38 -3.4e+38 -3.4e+38 -3.4e+38 -3.4e+38 -3.4e+38 -3.4e+38 -3.4e+38 -3.4e+38 -3.4e+38 -3.4e+38 -3.4e+38 -3.4e+38 -3.4e+38 -3.4e+38 -3.4e+38 -3.4e+38 -3.4e+38 -3.4e+38 -3.4e+38 -3.4e+38 -3.4e+38 -3.4e+38 -3.4e+38 -3.4e+38 -3.4e+38 -3.4e+38 -3.4e+38 -3.4e+38 -3.4e+38 -3.4e+38 -3.4e+38 -3.4e+38 -3.4e+38 -3.4e+38 -3.4e+38 -3.4e+38 -3.4e+38 -3.4e+38 -3.4e+38 -3.4e+38 -3.4e+38 -3.4e+38 -3.4e+38 -3.4e+38 -3.4e+38 -3.4e+38 -3.4e+38 -3.4e+38 -3.4e+38 -3.4e+38 -3.4e+38 -3.4e+38 -3.4e+38 -3.4e+38
-3.4e+38 -3.4e+38 -3.4e+38 129 123 124 -3.4e+38 -3.4e+38 -3.4e+38 -3.4e+38 -3.4e+38 -3.4e+38 -3.4e+38 -3.4e+38 -3.4e+38 -3.4e+38 -3.4e+38 -3.4e+38 -3.4e+38 -3.4e+38 -3.4e+38 -3.4e+38 -3.4e+38 -3.4e+38 -3.4e+38 -3.4e+38 -3.4e+38 -3.4e+38 -3.4e+38 -3.4e+38 -3.4e+38 -3.4e+38 -3.4e+38 -3.4e+38 -3.4e+38 -3.4e+38 -3.4e+38 -3.4e+38 -3.4e+38 -3.4e+38 -3.4e+38 -3.4e+38 -3.4e+38 -3.4e+38 -3.4e+38 -3.4e+38 -3.4e+38 -3.4e+38 -3.4e+38 -3.4e+38 -3.4e+38 -3.4e+38 -3.4e+38 -3.4e+38 -3.4e+38 -3.4e+38 -3.4e+38 -3.4e+38 -3.4e+38 -3.4e+38 -3.4e+38 -3.4e+38 -3.4e+38 -3.4e+38 -3.4e+38 -3.4e+38 -3.4e+38 -3.4e+38 -3.4e+38 -3.4e+38
-3.4e+38 -3.4e+38 -3.4e+38 -3.4e+38 -3.4e+38 -3.4e+38 -3.4e+38 -3.4e+38 -3.4e+38 -3.4e+38 -3.4e+38 -3.4e+38 -3.4e+38 -3.4e+38 -3.4e+38 -3.4e+38 -3.4e+38 -3.4e+38 -3.4e+38 -3.4e+38 -3.4e+38 -3.4e+38 -3.4e+38 -3.4e+38 -3.4e+38 -3.4e+38 -3.4e+38 -3.4e+38 -3.4e+38 -3.4e+38 -3.4e+38 -3.4e+38 -3.4e+38 -3.4e+38 -3.4e+38 -3.4e+38 -3.4e+38 -3.4e+38 -3.4e+38 -3.4e+38 -3.4e+38 -3.4e+38 -3.4e+38 -3.4e+38 -3.4e+38 -3.4e+38 -3.4e+38 -3.4e+38 -3.4e+38 -3.4e+38 -3.4e+38 -3.4e+38 -3.4e+38 -3.4e+38 -3.4e+38 -3.4e+38 -3.4e+38 -3.4e+38 -3.4e+38 -3.4e+38 -3.4e+38 -3.4e+38 -3.4e+38 -3.4e+38 -3.4e+38 -3.4e+38 -3.4e+38 -3.4e+38 -3.4e+38 -3.4e+38
