EcoCrop/data/climate/prec_3.asc
NCOLS 660 
NROWS 360 
XLLCORNER -20 
YLLCORNER -30 
CELLSIZE 0.1666667 
NODATA_value -3.4e+38 
[rows 186 to 216 of 360, columns 207 to 275 of 660]
199 198 191 187 179 178 173 170 166 164 163 163 164 165 169 172 178 183 187 193 197 199 198 196 190 186 183 180 178 175 174 173 174 178 185 192 194 195 194 193 191 189 187 183 184 181 182 178 174 175 176 176 179 180 183 186 184 187 185 187 186 186 189 193 196 197 200 203 204
214 204 200 188 183 178 178 173 166 163 160 160 161 163 165 172 177 179 183 187 190 193 193 192 189 186 183 181 178 176 175 174 174 179 187 197 199 195 193 192 189 187 186 183 180 180 179 179 179 178 178 178 181 185 184 186 185 189 186 191 191 191 191 195 198 201 203 203 210
217 211 202 191 191 182 178 173 168 161 157 157 158 160 163 170 172 175 178 181 183 186 187 188 186 184 183 180 178 177 177 176 175 179 194 197 199 197 192 191 187 187 185 182 181 178 176 176 176 178 180 182 182 186 185 188 189 190 188 194 198 193 195 197 200 203 206 208 211
221 209 205 199 191 190 181 176 169 160 154 154 155 157 160 164 169 169 172 175 178 180 181 181 181 181 180 180 178 178 178 178 179 183 190 195 196 194 192 189 188 185 183 180 180 179 180 174 179 177 178 181 185 189 189 187 192 193 193 194 194 196 197 199 203 205 209 212 215
235 223 209 208 200 196 183 180 172 162 155 153 153 155 156 160 164 163 166 169 172 174 176 177 177 177 178 178 177 177 178 180 181 184 187 192 192 191 190 188 186 185 179 178 178 179 178 176 175 180 182 185 185 190 189 190 192 191 193 198 199 207 199 200 204 207 211 214 218
239 234 222 212 204 195 180 179 168 164 157 155 153 154 155 157 158 159 159 162 167 170 172 170 173 174 176 176 177 178 178 181 182 186 187 189 192 188 186 184 182 182 179 178 177 174 175 174 177 176 181 183 187 191 191 191 191 192 199 199 197 201 200 201 205 208 210 215 220
256 242 218 227 206 193 201 183 179 169 159 156 154 153 152 152 151 151 152 157 160 164 164 165 170 171 175 175 176 177 178 180 182 184 184 190 188 187 185 180 181 180 178 177 177 173 174 175 178 177 180 181 188 187 190 192 193 197 193 195 204 212 200 202 204 208 211 216 222
259 241 234 214 220 215 201 189 174 166 160 158 156 154 152 149 146 145 145 150 157 162 163 164 168 171 173 175 176 177 178 179 183 183 185 184 184 184 183 181 176 175 171 173 170 171 170 174 177 179 182 187 187 189 192 195 194 195 195 200 202 200 201 201 203 208 211 216 222
252 239 233 229 224 218 213 200 179 174 163 161 160 154 150 146 142 139 138 144 153 161 164 167 170 171 174 175 176 177 178 179 180 182 183 182 181 182 183 176 174 175 176 170 171 170 169 174 178 178 181 189 191 187 193 197 196 198 195 199 196 198 199 199 202 205 208 212 218
237 220 228 225 224 216 219 214 196 176 163 173 162 157 151 146 139 133 130 140 158 165 166 171 171 172 175 175 176 177 178 179 179 181 181 181 182 180 179 176 173 172 168 164 167 165 173 168 175 176 180 186 189 186 192 192 197 198 195 201 195 198 197 198 201 202 205 207 212
242 227 202 218 233 232 219 203 197 189 173 172 163 160 155 147 141 133 124 140 168 170 171 171 173 175 176 177 177 179 180 180 181 181 179 180 179 176 178 177 174 171 169 162 161 161 168 174 172 179 183 187 190 189 190 187 192 192 194 198 194 196 196 197 198 201 202 203 205
214 217 204 199 203 240 206 212 194 186 179 175 165 163 157 155 150 144 141 153 170 173 172 173 174 176 177 179 179 180 181 182 182 182 181 179 180 179 177 174 172 173 166 163 164 166 166 165 171 182 185 187 186 188 190 185 191 191 193 196 194 195 195 196 196 197 199 198 199
229 217 211 223 198 202 225 232 211 191 175 165 163 162 160 160 162 160 158 163 169 174 175 174 173 175 178 180 178 181 181 182 181 182 182 182 180 183 175 173 171 168 167 164 165 162 158 161 164 170 177 183 186 188 188 186 185 187 194 195 194 194 193 194 195 196 196 196 196
217 209 218 215 226 206 232 219 198 176 173 177 171 168 166 167 171 171 168 168 172 173 173 174 176 176 176 178 181 181 181 181 182 179 182 179 177 175 172 174 171 172 168 161 161 161 157 160 159 174 175 178 171 177 175 184 185 190 191 195 194 190 191 192 193 193 194 194 194
205 199 210 211 224 222 216 206 193 180 170 174 172 170 173 172 176 176 174 171 169 170 170 173 177 175 178 178 179 180 179 179 180 182 177 176 175 174 172 170 169 167 165 160 164 161 160 155 156 162 164 169 169 179 174 176 185 186 187 189 195 193 190 191 192 191 192 193 194
197 195 185 189 214 212 203 186 188 167 174 181 175 169 172 173 174 175 173 171 170 171 170 170 170 173 180 181 181 181 181 183 183 182 181 180 180 177 173 174 172 167 168 162 164 160 161 164 167 167 169 176 175 175 169 177 182 182 187 189 192 187 190 190 192 192 192 192 193
195 184 181 191 206 205 201 195 176 181 180 177 179 172 172 172 171 172 173 171 169 169 169 171 171 174 179 180 182 183 187 186 186 187 182 183 180 181 176 177 174 173 169 173 171 168 164 170 177 177 179 173 178 174 176 177 182 186 186 187 188 188 192 191 191 190 190 190 190
194 190 182 197 192 200 196 193 166 185 180 180 177 173 171 171 170 172 171 170 167 166 168 169 172 175 178 183 183 182 185 185 185 187 187 186 181 184 177 175 174 175 178 169 170 171 170 170 170 175 176 174 178 181 181 182 185 185 192 190 190 188 190 190 190 190 189 189 189
193 195 181 180 184 176 184 184 168 181 175 179 174 168 172 170 172 172 172 169 167 167 164 170 174 178 178 181 183 182 183 181 187 187 187 182 179 175 173 178 176 174 172 176 171 174 174 174 173 173 178 176 179 181 185 184 189 190 192 190 190 189 190 190 189 188 188 187 187
201 196 187 180 177 175 172 191 186 182 177 178 178 171 175 168 169 171 173 168 166 170 169 168 174 180 181 182 185 184 186 191 190 184 188 180 179 178 175 178 178 175 177 175 175 177 177 178 181 181 182 178 184 184 187 187 189 192 195 195 192 192 191 192 191 189 187 184 183
198 198 197 182 189 178 178 185 180 182 178 178 176 169 165 164 165 170 172 169 168 169 171 171 179 178 185 187 182 188 187 184 185 184 187 191 179 181 184 176 178 179 187 178 178 178 181 184 187 185 187 189 187 190 194 195 194 194 195 196 193 193 191 189 191 187 186 182 180
196 197 186 183 184 176 179 190 179 179 178 175 171 161 166 161 163 173 165 169 170 170 174 174 178 179 185 186 182 193 186 182 183 182 185 181 181 176 180 177 177 181 181 185 182 184 180 184 187 191 191 193 194 194 201 199 198 199 195 193 196 196 190 191 191 186 184 181 177
180 186 183 190 183 178 173 177 183 177 167 169 168 161 163 161 167 170 165 170 167 176 174 180 182 180 185 186 189 195 193 184 186 183 184 181 182 180 180 183 176 184 185 186 184 185 184 187 190 192 200 198 196 202 202 196 200 198 198 195 194 198 191 190 190 186 183 178 175
173 184 185 187 192 183 178 186 178 175 165 170 168 157 160 166 170 166 169 168 171 172 177 184 180 183 189 189 192 194 193 192 191 185 182 182 183 188 179 181 176 181 187 188 186 190 187 193 200 197 203 202 202 204 202 201 203 202 201 197 196 199 194 193 191 190 179 174 169
186 187 189 187 196 185 172 184 178 168 161 157 164 173 163 179 177 165 168 171 173 180 188 187 181 191 185 188 195 189 195 179 183 184 182 181 186 187 188 181 177 183 183 187 191 190 192 195 199 204 203 203 203 208 206 204 201 203 202 193 198 194 197 194 192 187 176 170 166
188 177 184 189 191 185 175 178 172 170 155 164 156 169 156 178 185 174 180 181 171 191 189 178 178 181 180 193 194 191 193 181 183 182 179 185 186 179 177 174 172 182 181 185 190 193 195 199 200 206 206 205 208 204 206 205 197 202 201 192 196 197 194 191 188 181 172 165 161
174 168 167 190 176 180 174 180 172 165 159 162 152 172 159 176 177 178 185 190 177 196 188 172 181 179 173 174 188 191 186 191 183 178 182 189 187 184 176 181 180 176 187 184 188 193 203 202 206 205 211 213 208 205 205 209 202 201 199 197 197 191 191 186 183 179 169 165 159
167 169 175 176 176 175 186 169 172 164 152 160 150 168 173 178 174 186 188 196 197 200 196 173 187 166 181 185 181 190 190 190 182 180 178 180 182 183 173 182 184 186 189 191 198 194 200 205 208 211 210 212 213 205 210 207 201 199 201 193 194 193 184 182 180 175 168 160 158
168 169 184 173 180 179 181 166 173 153 150 156 152 172 176 168 183 188 192 195 203 203 196 190 191 169 181 183 183 189 190 186 184 178 182 181 180 179 181 183 184 189 192 194 203 203 204 208 213 213 214 215 208 201 209 199 203 201 198 194 188 181 183 181 176 168 164 158 161
171 171 180 189 182 180 176 164 159 154 154 152 155 173 181 170 192 197 191 205 204 202 205 193 194 180 188 187 186 189 188 186 184 179 183 183 175 179 179 183 188 190 194 199 208 211 214 213 216 219 217 215 206 202 218 194 192 197 198 193 184 180 177 170 169 166 166 158 159
170 173 185 190 180 182 174 167 160 165 154 163 160 162 185 185 193 191 197 209 208 210 208 205 196 191 193 191 192 182 192 180 181 185 192 181 175 177 182 183 190 193 192 203 210 214 224 229 224 225 222 215 206 209 202 194 190 196 195 190 187 182 174 169 172 166 163 156 153
