EcoCrop/data/climate/prec_8.asc
NCOLS 660 
NROWS 360 
XLLCORNER -20 
YLLCORNER -30 
CELLSIZE 0.1666667 
NODATA_value -3.4e+38 
[rows 93 to 123 of 360, columns 350 to 419 of 660]
246 203 189 194 178 159 142 136 123 36 66 22 22 23 28 26 22 20 -3.4e+38 -3.4e+38 -3.4e+38 -3.4e+38 -3.4e+38 -3.4e+38 -3.4e+38 -3.4e+38 -3.4e+38 -3.4e+38 24 33 44 57 77 92 79 103 115 114 107 102 93 90 85 61 74 49 41 39 33 29 28 27 16 14 10 7 12 13 11 7 4 11 5 2 -3.4e+38 -3.4e+38 -3.4e+38 -3.4e+38 -3.4e+38 -3.4e+38
247 228 210 189 179 157 156 147 127 79 67 25 23 23 26 33 30 24 18 -3.4e+38 -3.4e+38 -3.4e+38 -3.4e+38 -3.4e+38 -3.4e+38 -3.4e+38 -3.4e+38 -3.4e+38 28 38 51 66 67 89 80 112 129 110 122 105 96 94 91 70 77 63 54 55 43 46 43 37 17 12 11 5 4 6 5 8 5 2 2 -3.4e+38 -3.4e+38 -3.4e+38 -3.4e+38 -3.4e+38 -3.4e+38 -3.4e+38
242 221 201 208 182 182 163 155 155 87 61 29 25 23 25 34 38 33 21 17 -3.4e+38 -3.4e+38 -3.4e+38 -3.4e+38 -3.4e+38 -3.4e+38 -3.4e+38 -3.4e+38 -3.4e+38 38 54 71 62 81 112 121 126 112 112 105 84 91 93 87 86 77 76 54 33 33 23 12 19 9 14 12 3 2 2 2 2 1 1 -3.4e+38 -3.4e+38 -3.4e+38 -3.4e+38 -3.4e+38 -3.4e+38 -3.4e+38
254 238 229 222 198 188 178 163 164 111 66 33 28 25 24 27 49 44 24 19 17 -3.4e+38 -3.4e+38 -3.4e+38 -3.4e+38 -3.4e+38 19 -3.4e+38 -3.4e+38 33 43 52 68 82 104 105 108 96 113 111 98 90 101 101 96 30 22 20 12 7 7 11 7 5 4 2 -3.4e+38 -3.4e+38 -3.4e+38 -3.4e+38 -3.4e+38 -3.4e+38 -3.4e+38 -3.4e+38 -3.4e+38 -3.4e+38 -3.4e+38 -3.4e+38 -3.4e+38 -3.4e+38
203 244 220 233 223 191 193 176 167 91 68 38 31 33 26 25 33 40 29 29 23 18 -3.4e+38 -3.4e+38 -3.4e+38 -3.4e+38 20 -3.4e+38 -3.4e+38 -3.4e+38 32 51 81 83 94 94 103 73 97 98 81 106 62 49 33 27 24 13 8 6 6 5 5 3 2 -3.4e+38 -3.4e+38 -3.4e+38 -3.4e+38 -3.4e+38 -3.4e+38 -3.4e+38 -3.4e+38 -3.4e+38 -3.4e+38 -3.4e+38 -3.4e+38 -3.4e+38 -3.4e+38 -3.4e+38
262 261 243 233 201 217 203 191 159 101 70 45 34 36 35 24 25 26 39 48 38 22 17 14 -3.4e+38 -3.4e+38 -3.4e+38 -3.4e+38 -3.4e+38 -3.4e+38 25 39 52 68 95 75 90 75 71 44 46 42 60 17 30 32 32 20 6 4 3 2 2 -3.4e+38 -3.4e+38 -3.4e+38 -3.4e+38 -3.4e+38 -3.4e+38 -3.4e+38 -3.4e+38 -3.4e+38 -3.4e+38 -3.4e+38 -3.4e+38 -3.4e+38 -3.4e+38 -3.4e+38 -3.4e+38 -3.4e+38
265 237 202 230 250 229 209 194 151 157 83 58 38 33 32 26 26 24 28 42 53 25 18 13 -3.4e+38 -3.4e+38 -3.4e+38 -3.4e+38 -3.4e+38 -3.4e+38 21 29 50 62 102 65 52 36 29 25 29 13 6 12 3 2 2 -3.4e+38 -3.4e+38 -3.4e+38 -3.4e+38 -3.4e+38 -3.4e+38 -3.4e+38 -3.4e+38 -3.4e+38 -3.4e+38 -3.4e+38 -3.4e+38 -3.4e+38 -3.4e+38 -3.4e+38 -3.4e+38 -3.4e+38 -3.4e+38 -3.4e+38 -3.4e+38 -3.4e+38 -3.4e+38 -3.4e+38
307 261 211 247 231 218 200 185 164 132 87 70 45 37 31 27 35 24 26 50 40 24 18 13 -3.4e+38 -3.4e+38 -3.4e+38 -3.4e+38 -3.4e+38 -3.4e+38 17 23 32 56 70 58 82 26 16 16 7 3 2 -3.4e+38 -3.4e+38 -3.4e+38 -3.4e+38 -3.4e+38 -3.4e+38 -3.4e+38 -3.4e+38 -3.4e+38 -3.4e+38 -3.4e+38 -3.4e+38 -3.4e+38 -3.4e+38 -3.4e+38 -3.4e+38 -3.4e+38 -3.4e+38 -3.4e+38 -3.4e+38 -3.4e+38 -3.4e+38 -3.4e+38 -3.4e+38 -3.4e+38 -3.4e+38 -3.4e+38
266 233 207 212 215 206 200 192 182 136 90 79 51 47 37 40 30 26 22 49 26 24 31 21 19 9 -3.4e+38 -3.4e+38 -3.4e+38 -3.4e+38 12 17 28 30 32 43 22 21 10 6 3 1 -3.4e+38 -3.4e+38 -3.4e+38 -3.4e+38 -3.4e+38 -3.4e+38 -3.4e+38 -3.4e+38 -3.4e+38 -3.4e+38 -3.4e+38 -3.4e+38 -3.4e+38 -3.4e+38 -3.4e+38 -3.4e+38 -3.4e+38 -3.4e+38 -3.4e+38 -3.4e+38 -3.4e+38 -3.4e+38 -3.4e+38 -3.4e+38 -3.4e+38 -3.4e+38 -3.4e+38 -3.4e+38
258 229 247 231 214 215 219 210 158 127 93 66 59 95 44 34 29 29 24 22 21 25 29 23 21 12 7 7 -3.4e+38 -3.4e+38 -3.4e+38 11 16 20 18 14 14 11 6 4 2 -3.4e+38 -3.4e+38 -3.4e+38 -3.4e+38 -3.4e+38 -3.4e+38 -3.4e+38 -3.4e+38 -3.4e+38 -3.4e+38 -3.4e+38 -3.4e+38 -3.4e+38 -3.4e+38 -3.4e+38 -3.4e+38 -3.4e+38 -3.4e+38 -3.4e+38 -3.4e+38 -3.4e+38 -3.4e+38 -3.4e+38 -3.4e+38 -3.4e+38 -3.4e+38 -3.4e+38 -3.4e+38 -3.4e+38
233 238 248 230 207 215 224 187 160 145 112 69 64 66 49 38 32 30 31 27 21 30 30 26 22 15 11 8 7 -3.4e+38 -3.4e+38 7 8 10 10 8 7 -3.4e+38 -3.4e+38 -3.4e+38 -3.4e+38 -3.4e+38 -3.4e+38 -3.4e+38 -3.4e+38 -3.4e+38 -3.4e+38 -3.4e+38 -3.4e+38 -3.4e+38 -3.4e+38 -3.4e+38 -3.4e+38 -3.4e+38 -3.4e+38 -3.4e+38 -3.4e+38 -3.4e+38 -3.4e+38 -3.4e+38 -3.4e+38 -3.4e+38 -3.4e+38 -3.4e+38 -3.4e+38 -3.4e+38 -3.4e+38 -3.4e+38 -3.4e+38 -3.4e+38
255 234 248 239 229 209 214 181 167 142 110 72 76 60 54 53 41 31 35 30 25 29 33 29 29 24 17 12 8 -3.4e+38 -3.4e+38 -3.4e+38 -3.4e+38 -3.4e+38 -3.4e+38 -3.4e+38 -3.4e+38 -3.4e+38 -3.4e+38 -3.4e+38 -3.4e+38 -3.4e+38 -3.4e+38 -3.4e+38 -3.4e+38 -3.4e+38 -3.4e+38 -3.4e+38 -3.4e+38 -3.4e+38 -3.4e+38 -3.4e+38 -3.4e+38 -3.4e+38 -3.4e+38 -3.4e+38 -3.4e+38 -3.4e+38 -3.4e+38 -3.4e+38 -3.4e+38 -3.4e+38 -3.4e+38 -3.4e+38 -3.4e+38 -3.4e+38 -3.4e+38 -3.4e+38 -3.4e+38 -3.4e+38
251 251 274 263 301 209 248 175 166 122 115 104 79 64 62 68 70 47 37 39 44 43 30 32 35 28 21 18 16 8 -3.4e+38 -3.4e+38 -3.4e+38 -3.4e+38 -3.4e+38 -3.4e+38 -3.4e+38 -3.4e+38 -3.4e+38 -3.4e+38 -3.4e+38 -3.4e+38 -3.4e+38 -3.4e+38 -3.4e+38 -3.4e+38 -3.4e+38 -3.4e+38 -3.4e+38 -3.4e+38 -3.4e+38 -3.4e+38 -3.4e+38 -3.4e+38 -3.4e+38 -3.4e+38 -3.4e+38 -3.4e+38 -3.4e+38 -3.4e+38 -3.4e+38 -3.4e+38 -3.4e+38 -3.4e+38 -3.4e+38 -3.4e+38 -3.4e+38 -3.4e+38 -3.4e+38 -3.4e+38
254 252 273 246 241 294 220 184 194 134 111 97 85 71 63 66 59 54 54 28 39 33 33 31 29 30 28 30 25 14 -3.4e+38 -3.4e+38 -3.4e+38 -3.4e+38 -3.4e+38 -3.4e+38 -3.4e+38 -3.4e+38 -3.4e+38 -3.4e+38 -3.4e+38 -3.4e+38 -3.4e+38 -3.4e+38 -3.4e+38 -3.4e+38 -3.4e+38 -3.4e+38 -3.4e+38 -3.4e+38 -3.4e+38 -3.4e+38 -3.4e+38 -3.4e+38 -3.4e+38 -3.4e+38 -3.4e+38 -3.4e+38 -3.4e+38 -3.4e+38 -3.4e+38 -3.4e+38 -3.4e+38 -3.4e+38 -3.4e+38 -3.4e+38 -3.4e+38 -3.4e+38 -3.4e+38 -3.4e+38
277 250 293 249 316 328 302 216 203 136 119 112 100 80 58 52 47 47 40 46 42 36 37 33 30 33 31 23 14 8 6 -3.4e+38 -3.4e+38 -3.4e+38 -3.4e+38 -3.4e+38 -3.4e+38 -3.4e+38 -3.4e+38 -3.4e+38 -3.4e+38 -3.4e+38 -3.4e+38 -3.4e+38 -3.4e+38 -3.4e+38 -3.4e+38 -3.4e+38 -3.4e+38 -3.4e+38 -3.4e+38 -3.4e+38 -3.4e+38 -3.4e+38 -3.4e+38 -3.4e+38 -3.4e+38 -3.4e+38 -3.4e+38 -3.4e+38 -3.4e+38 -3.4e+38 -3.4e+38 -3.4e+38 -3.4e+38 -3.4e+38 -3.4e+38 -3.4e+38 -3.4e+38 -3.4e+38
365 257 278 259 251 340 311 231 182 149 130 113 103 86 71 55 48 41 39 41 37 41 41 40 33 36 46 28 13 -3.4e+38 -3.4e+38 -3.4e+38 -3.4e+38 -3.4e+38 -3.4e+38 -3.4e+38 -3.4e+38 -3.4e+38 -3.4e+38 -3.4e+38 -3.4e+38 -3.4e+38 -3.4e+38 -3.4e+38 -3.4e+38 -3.4e+38 -3.4e+38 -3.4e+38 -3.4e+38 -3.4e+38 -3.4e+38 -3.4e+38 -3.4e+38 -3.4e+38 -3.4e+38 -3.4e+38 -3.4e+38 -3.4e+38 -3.4e+38 -3.4e+38 -3.4e+38 -3.4e+38 -3.4e+38 -3.4e+38 -3.4e+38 -3.4e+38 -3.4e+38 -3.4e+38 -3.4e+38 -3.4e+38
390 322 345 288 345 301 347 246 218 172 135 120 113 95 83 57 47 41 37 53 61 41 39 33 29 63 22 -3.4e+38 -3.4e+38 -3.4e+38 -3.4e+38 -3.4e+38 -3.4e+38 -3.4e+38 -3.4e+38 -3.4e+38 -3.4e+38 -3.4e+38 -3.4e+38 -3.4e+38 -3.4e+38 -3.4e+38 -3.4e+38 -3.4e+38 -3.4e+38 -3.4e+38 -3.4e+38 -3.4e+38 -3.4e+38 -3.4e+38 -3.4e+38 -3.4e+38 -3.4e+38 -3.4e+38 -3.4e+38 -3.4e+38 -3.4e+38 -3.4e+38 -3.4e+38 -3.4e+38 -3.4e+38 -3.4e+38 -3.4e+38 -3.4e+38 -3.4e+38 -3.4e+38 -3.4e+38 -3.4e+38 -3.4e+38 -3.4e+38
308 322 273 284 295 271 254 297 202 167 144 127 113 100 84 60 50 42 37 39 75 39 43 35 25 23 -3.4e+38 15 8 -3.4e+38 -3.4e+38 -3.4e+38 -3.4e+38 -3.4e+38 -3.4e+38 -3.4e+38 -3.4e+38 -3.4e+38 -3.4e+38 -3.4e+38 -3.4e+38 -3.4e+38 -3.4e+38 -3.4e+38 -3.4e+38 -3.4e+38 -3.4e+38 -3.4e+38 -3.4e+38 -3.4e+38 -3.4e+38 -3.4e+38 -3.4e+38 -3.4e+38 -3.4e+38 -3.4e+38 -3.4e+38 -3.4e+38 -3.4e+38 -3.4e+38 -3.4e+38 -3.4e+38 -3.4e+38 -3.4e+38 -3.4e+38 -3.4e+38 -3.4e+38 -3.4e+38 -3.4e+38 -3.4e+38
359 258 259 288 268 272 259 284 228 214 165 139 117 96 79 66 70 78 43 43 51 58 42 39 32 33 23 19 11 6 -3.4e+38 -3.4e+38 -3.4e+38 -3.4e+38 -3.4e+38 -3.4e+38 -3.4e+38 -3.4e+38 -3.4e+38 -3.4e+38 -3.4e+38 -3.4e+38 -3.4e+38 -3.4e+38 -3.4e+38 -3.4e+38 -3.4e+38 -3.4e+38 -3.4e+38 -3.4e+38 -3.4e+38 -3.4e+38 -3.4e+38 -3.4e+38 -3.4e+38 -3.4e+38 -3.4e+38 -3.4e+38 -3.4e+38 -3.4e+38 -3.4e+38 -3.4e+38 -3.4e+38 -3.4e+38 -3.4e+38 -3.4e+38 -3.4e+38 3 3 1
341 250 300 315 320 321 292 287 259 223 191 150 119 102 86 73 70 55 50 50 45 49 46 38 35 30 29 20 13 8 6 -3.4e+38 -3.4e+38 -3.4e+38 -3.4e+38 -3.4e+38 -3.4e+38 -3.4e+38 -3.4e+38 -3.4e+38 -3.4e+38 -3.4e+38 -3.4e+38 -3.4e+38 -3.4e+38 -3.4e+38 -3.4e+38 -3.4e+38 -3.4e+38 -3.4e+38 -3.4e+38 -3.4e+38 -3.4e+38 -3.4e+38 -3.4e+38 -3.4e+38 -3.4e+38 -3.4e+38 -3.4e+38 -3.4e+38 0 0 0 -3.4e+38 0 0 1 2 16 10
251 321 262 319 369 339 328 276 255 238 217 156 123 105 94 82 84 108 63 54 47 46 44 40 39 46 45 25 16 11 8 7 -3.4e+38 -3.4e+38 -3.4e+38 -3.4e+38 -3.4e+38 -3.4e+38 -3.4e+38 -3.4e+38 -3.4e+38 -3.4e+38 -3.4e+38 -3.4e+38 -3.4e+38 -3.4e+38 -3.4e+38 -3.4e+38 -3.4e+38 -3.4e+38 -3.4e+38 -3.4e+38 -3.4e+38 0 1 0 0 0 1 1 10 0 1 0 0 1 8 5 10 10
270 252 359 387 383 359 359 302 245 246 206 158 131 123 117 91 101 71 83 70 64 57 50 47 43 49 39 29 19 14 11 8 -3.4e+38 -3.4e+38 -3.4e+38 -3.4e+38 -3.4e+38 -3.4e+38 -3.4e+38 -3.4e+38 -3.4e+38 -3.4e+38 -3.4e+38 -3.4e+38 -3.4e+38 -3.4e+38 -3.4e+38 -3.4e+38 -3.4e+38 -3.4e+38 -3.4e+38 -3.4e+38 1 3 3 16 17 29 26 20 18 21 16 8 2 1 9 8 9 11
299 234 305 305 266 335 294 298 258 246 219 177 131 140 131 132 83 80 74 89 70 80 72 60 53 50 42 38 23 18 14 11 9 -3.4e+38 -3.4e+38 -3.4e+38 -3.4e+38 -3.4e+38 -3.4e+38 -3.4e+38 -3.4e+38 -3.4e+38 -3.4e+38 -3.4e+38 3 2 1 1 -3.4e+38 -3.4e+38 1 15 9 41 44 28 22 20 15 12 7 5 5 3 2 2 2 2 8 6
256 263 279 242 280 224 283 264 274 242 238 185 140 136 144 116 106 105 97 80 74 75 72 66 62 60 51 41 32 26 19 15 11 9 7 -3.4e+38 -3.4e+38 -3.4e+38 -3.4e+38 -3.4e+38 -3.4e+38 -3.4e+38 2 3 3 2 6 2 10 1 1 7 27 37 36 25 17 16 15 10 6 5 3 3 2 2 2 2 2 3
282 235 209 209 213 270 232 307 323 237 237 165 146 143 137 108 107 104 105 90 83 76 71 71 77 73 67 86 59 46 35 22 16 13 10 7 -3.4e+38 -3.4e+38 4 -3.4e+38 3 4 3 4 5 4 37 7 12 2 5 7 28 28 26 20 14 12 11 11 6 5 3 2 2 2 1 2 2 2
226 221 249 207 254 233 267 311 332 244 241 183 145 135 134 109 126 113 107 92 84 80 75 74 76 87 93 96 102 90 57 39 26 20 15 12 9 8 7 10 9 6 5 4 4 6 8 6 4 4 3 18 31 27 18 14 11 9 7 6 6 5 4 2 2 2 1 2 2 2
209 202 208 202 203 194 189 268 293 243 243 187 143 134 165 139 115 115 106 96 89 85 81 79 83 88 101 117 116 77 68 90 59 55 33 24 21 20 25 20 20 11 11 12 6 6 10 7 5 5 6 5 14 16 13 11 8 6 5 4 4 4 3 3 2 2 2 2 2 3
236 228 206 195 185 165 174 276 183 229 237 158 137 158 134 126 121 113 108 100 96 91 89 95 112 104 96 104 111 117 109 95 73 57 65 53 43 35 32 38 69 45 33 23 24 16 15 14 12 7 10 8 9 8 7 7 6 5 4 3 3 3 2 2 2 2 2 2 2 3
254 326 292 226 212 210 128 184 259 214 172 150 151 139 131 135 134 118 112 115 115 113 104 106 119 128 153 142 125 131 121 113 90 76 67 53 51 49 51 59 45 35 26 19 15 10 10 10 9 9 8 9 6 5 4 4 4 4 3 2 2 1 1 1 1 1 1 1 2 2
215 253 251 241 209 185 268 277 148 193 155 139 139 133 131 130 126 127 125 128 126 137 147 150 148 155 153 146 134 123 112 110 92 80 68 61 50 44 41 38 34 27 19 14 10 8 6 6 7 6 5 5 4 3 2 2 2 3 3 2 1 1 1 1 0 0 1 1 1 1
239 222 242 235 196 214 215 91 182 177 142 127 127 138 137 144 190 179 227 234 207 187 184 146 134 137 136 134 139 123 104 94 82 75 61 52 44 36 31 27 23 20 17 11 8 6 5 4 3 3 3 2 2 2 1 1 1 1 2 2 1 1 1 0 0 0 0 0 1 1
