EcoCrop/data/climate/prec_5.asc
NCOLS 660 
NROWS 360 
XLLCORNER -20 
YLLCORNER -30 
CELLSIZE 0.1666667 
NODATA_value -3.4e+38 
[rows 279 to 309 of 360, columns 276 to 344 of 660]
4 4 4 5 5 6 5 5 5 5 4 4 4 4 4 4 5 5 5 6 7 7 8 7 8 8 9 9 8 8 6 6 5 4 4 4 4 6 6 6 6 5 4 4 4 5 6 7 8 10 12 14 18 20 27 22 25 36 43 48 49 55 50 48 48 45 44 47 53
4 4 4 5 5 6 7 6 6 5 5 5 5 5 5 5 5 6 7 7 8 8 9 8 8 8 10 8 7 8 7 5 5 4 4 4 5 6 5 6 7 5 5 4 5 6 7 8 10 10 12 14 16 21 24 22 21 25 28 36 41 44 48 45 41 38 42 48 53
4 4 4 4 5 6 7 7 6 6 5 5 5 5 6 6 6 7 7 6 6 8 9 6 7 8 8 8 7 7 6 5 5 6 5 5 5 6 6 6 7 6 6 5 5 7 8 9 10 12 13 14 15 18 21 19 19 21 27 29 32 38 41 40 40 38 42 50 57
4 4 4 4 5 6 7 7 7 6 6 6 6 6 6 6 6 7 6 5 4 2 5 5 7 8 6 7 8 7 7 7 6 6 4 5 6 7 8 7 7 7 6 6 6 7 9 11 12 13 14 14 14 15 23 18 18 19 22 24 29 33 36 38 40 44 46 53 61
4 4 4 4 5 6 6 6 6 6 6 7 7 6 6 7 7 7 7 6 5 4 5 7 8 8 8 9 9 10 9 7 5 3 5 7 8 7 7 7 7 7 7 9 9 10 11 13 14 14 16 17 15 16 20 18 18 18 20 22 26 31 35 40 43 46 50 58 66
4 4 4 5 5 5 6 5 5 6 6 6 7 7 7 7 7 7 6 7 7 6 6 7 7 7 8 9 10 9 10 11 8 8 8 9 9 8 8 8 8 9 10 11 13 14 14 15 17 18 19 19 20 21 21 21 20 19 21 24 28 33 38 42 47 49 55 62 70
4 4 5 5 5 5 5 5 5 5 6 6 6 7 7 7 6 6 6 6 6 6 6 6 6 8 8 9 10 10 11 12 12 10 10 11 11 10 9 9 10 11 14 15 17 18 17 19 21 22 23 24 25 25 25 25 24 24 25 27 31 36 42 48 53 57 62 69 75
4 4 4 5 5 5 5 5 5 5 5 6 6 6 7 7 6 6 6 6 6 5 5 5 5 8 8 8 8 11 11 11 12 13 13 14 13 10 9 10 10 15 18 19 22 22 22 24 24 25 27 29 30 31 30 30 28 29 30 32 36 41 48 55 63 69 72 -3.4e+38 -3.4e+38
4 3 4 4 4 4 4 4 4 4 5 5 6 6 7 7 6 6 6 5 5 5 4 4 4 7 8 7 7 8 10 11 12 13 13 13 14 8 9 11 19 20 25 24 26 26 26 27 27 28 30 33 35 35 34 33 32 33 35 36 40 46 53 62 72 81 -3.4e+38 -3.4e+38 -3.4e+38
4 4 3 3 4 4 4 5 5 4 5 5 6 7 7 7 7 6 6 6 5 5 5 4 4 5 5 6 7 7 8 10 11 12 12 12 11 10 10 13 29 26 35 30 30 30 30 29 30 30 31 35 37 37 37 36 36 36 36 37 42 50 59 68 77 84 -3.4e+38 -3.4e+38 -3.4e+38
3 3 3 3 3 4 6 7 6 6 6 6 7 7 8 8 7 6 6 6 6 5 5 5 4 4 5 6 7 6 6 9 12 11 10 11 10 10 13 15 17 77 42 34 32 32 31 32 31 32 33 35 37 38 38 39 38 38 37 37 45 55 65 74 81 -3.4e+38 -3.4e+38 -3.4e+38 -3.4e+38
3 3 3 3 4 4 5 6 6 6 6 7 7 8 9 8 7 6 6 6 6 6 5 4 4 4 5 6 6 5 6 8 9 9 9 9 10 10 17 22 33 45 40 36 34 33 32 33 53 31 33 34 36 39 40 41 41 41 41 42 50 61 73 80 -3.4e+38 -3.4e+38 -3.4e+38 -3.4e+38 -3.4e+38
3 3 3 4 4 4 5 5 6 6 7 7 8 9 9 9 8 7 6 6 6 6 5 4 4 5 5 6 5 5 6 8 9 9 9 10 11 12 16 19 22 53 35 31 36 30 31 31 33 31 31 34 37 40 42 44 44 45 46 50 57 67 78 -3.4e+38 -3.4e+38 -3.4e+38 -3.4e+38 -3.4e+38 -3.4e+38
3 3 4 4 4 5 4 4 5 6 6 7 7 8 9 9 8 8 7 7 6 6 6 4 4 5 5 5 5 6 7 9 9 10 9 9 9 10 11 17 38 27 29 30 28 27 27 28 30 27 30 33 39 42 44 47 48 50 52 56 62 70 -3.4e+38 -3.4e+38 -3.4e+38 -3.4e+38 -3.4e+38 -3.4e+38 -3.4e+38
3 3 3 4 4 5 4 4 5 5 5 6 7 7 8 8 8 7 7 7 6 6 6 5 5 5 6 6 6 6 9 11 11 11 10 8 9 10 11 12 17 20 23 26 27 27 27 26 27 26 29 33 40 44 47 50 52 54 57 61 -3.4e+38 -3.4e+38 -3.4e+38 -3.4e+38 -3.4e+38 -3.4e+38 -3.4e+38 -3.4e+38 -3.4e+38
2 3 3 4 4 4 5 5 5 5 5 6 6 6 7 7 7 7 7 6 6 5 5 5 5 5 6 6 6 7 11 15 13 12 10 8 9 11 15 21 28 18 20 22 23 27 26 23 22 23 28 34 41 47 51 54 56 59 -3.4e+38 -3.4e+38 -3.4e+38 -3.4e+38 -3.4e+38 -3.4e+38 -3.4e+38 -3.4e+38 -3.4e+38 -3.4e+38 -3.4e+38
2 3 3 4 4 4 5 5 4 4 4 4 5 6 6 6 6 6 6 6 6 5 5 5 4 4 6 6 7 8 9 10 12 13 11 10 10 13 12 13 16 17 19 21 23 24 20 20 21 22 27 34 43 50 55 58 60 -3.4e+38 -3.4e+38 -3.4e+38 -3.4e+38 -3.4e+38 -3.4e+38 -3.4e+38 -3.4e+38 -3.4e+38 -3.4e+38 -3.4e+38 -3.4e+38
2 3 3 3 4 4 5 5 4 4 4 3 4 5 5 6 6 6 6 5 6 6 6 5 6 6 6 7 7 7 11 9 11 12 12 11 10 9 10 11 24 16 19 21 22 21 19 19 20 22 27 34 45 54 59 62 63 -3.4e+38 -3.4e+38 -3.4e+38 -3.4e+38 -3.4e+38 -3.4e+38 -3.4e+38 -3.4e+38 -3.4e+38 -3.4e+38 -3.4e+38 -3.4e+38
2 2 3 3 4 4 5 5 5 4 4 2 3 4 5 6 6 6 5 5 6 7 7 7 7 8 8 8 7 7 11 8 10 11 11 11 10 10 8 13 17 17 19 21 23 16 17 19 19 21 25 33 48 59 64 65 -3.4e+38 -3.4e+38 -3.4e+38 -3.4e+38 -3.4e+38 -3.4e+38 -3.4e+38 -3.4e+38 -3.4e+38 -3.4e+38 -3.4e+38 -3.4e+38 -3.4e+38
2 2 3 3 3 4 4 5 5 5 5 4 4 4 6 7 6 6 6 4 5 8 7 8 10 9 8 7 8 8 8 9 10 12 11 9 10 9 8 11 20 28 36 25 17 17 17 17 18 20 23 29 -3.4e+38 67 -3.4e+38 -3.4e+38 -3.4e+38 -3.4e+38 -3.4e+38 -3.4e+38 -3.4e+38 -3.4e+38 -3.4e+38 -3.4e+38 -3.4e+38 -3.4e+38 -3.4e+38 -3.4e+38 -3.4e+38
2 2 2 3 3 4 4 5 6 6 7 7 5 5 7 7 7 6 7 7 8 8 8 9 10 9 8 7 8 7 8 11 12 16 14 10 7 8 10 22 31 40 34 16 16 17 17 17 17 18 19 24 40 -3.4e+38 -3.4e+38 -3.4e+38 -3.4e+38 -3.4e+38 -3.4e+38 -3.4e+38 -3.4e+38 -3.4e+38 -3.4e+38 -3.4e+38 -3.4e+38 -3.4e+38 -3.4e+38 -3.4e+38 -3.4e+38
2 2 2 2 3 3 4 5 7 8 8 8 7 7 6 7 8 7 7 9 9 8 8 8 10 10 8 7 8 9 11 14 16 23 28 10 8 9 11 14 24 23 19 16 16 17 16 18 19 18 19 22 30 -3.4e+38 -3.4e+38 -3.4e+38 -3.4e+38 -3.4e+38 -3.4e+38 -3.4e+38 -3.4e+38 -3.4e+38 -3.4e+38 -3.4e+38 -3.4e+38 -3.4e+38 -3.4e+38 -3.4e+38 -3.4e+38
1 1 1 2 3 3 4 5 7 9 8 8 8 7 4 8 8 6 5 8 8 8 7 8 11 10 8 8 8 13 16 19 18 15 12 11 9 9 12 26 21 21 18 17 16 17 17 20 19 18 19 21 -3.4e+38 -3.4e+38 -3.4e+38 -3.4e+38 -3.4e+38 -3.4e+38 -3.4e+38 -3.4e+38 -3.4e+38 -3.4e+38 -3.4e+38 -3.4e+38 -3.4e+38 -3.4e+38 -3.4e+38 -3.4e+38 -3.4e+38
1 1 1 2 2 3 3 4 5 6 7 6 5 6 6 7 5 4 7 8 10 9 8 10 12 12 9 9 10 12 14 15 21 17 18 10 8 9 16 21 29 20 17 15 16 17 18 18 17 18 18 21 -3.4e+38 -3.4e+38 -3.4e+38 -3.4e+38 -3.4e+38 -3.4e+38 -3.4e+38 -3.4e+38 -3.4e+38 -3.4e+38 -3.4e+38 -3.4e+38 -3.4e+38 -3.4e+38 -3.4e+38 -3.4e+38 -3.4e+38
0 0 1 2 2 2 3 3 3 4 5 5 5 6 6 6 6 5 6 8 16 12 11 11 18 14 10 9 9 10 17 15 22 16 13 10 10 10 16 19 19 14 14 16 17 19 18 17 17 18 18 20 23 -3.4e+38 -3.4e+38 -3.4e+38 -3.4e+38 -3.4e+38 -3.4e+38 -3.4e+38 -3.4e+38 -3.4e+38 -3.4e+38 -3.4e+38 -3.4e+38 -3.4e+38 -3.4e+38 -3.4e+38 -3.4e+38
0 0 1 1 2 2 2 3 3 3 5 7 7 7 6 6 6 6 6 9 14 15 16 17 18 14 10 10 9 9 12 11 14 11 10 9 11 13 14 16 13 16 15 18 18 17 17 16 17 17 18 20 22 25 -3.4e+38 -3.4e+38 -3.4e+38 -3.4e+38 -3.4e+38 -3.4e+38 -3.4e+38 -3.4e+38 -3.4e+38 -3.4e+38 -3.4e+38 -3.4e+38 -3.4e+38 -3.4e+38 -3.4e+38
1 1 1 1 2 2 3 3 5 6 6 6 6 6 6 6 6 5 5 8 12 16 16 12 13 11 10 10 9 9 10 10 10 10 9 8 9 10 12 13 14 15 17 18 17 16 16 16 16 17 19 20 22 24 27 -3.4e+38 -3.4e+38 -3.4e+38 -3.4e+38 -3.4e+38 -3.4e+38 -3.4e+38 -3.4e+38 -3.4e+38 -3.4e+38 -3.4e+38 -3.4e+38 -3.4e+38 -3.4e+38
1 1 1 2 2 3 3 4 7 8 7 6 6 5 5 5 5 5 5 7 9 11 9 8 8 8 8 9 9 9 9 9 8 10 8 6 8 8 10 10 11 14 14 15 15 15 15 16 17 18 19 20 21 23 -3.4e+38 -3.4e+38 -3.4e+38 -3.4e+38 -3.4e+38 -3.4e+38 -3.4e+38 -3.4e+38 -3.4e+38 -3.4e+38 -3.4e+38 -3.4e+38 -3.4e+38 -3.4e+38 -3.4e+38
2 2 2 2 3 3 4 5 6 7 6 5 5 4 3 4 5 6 6 5 6 7 7 6 6 7 8 8 9 9 10 10 10 9 8 7 8 8 7 9 10 12 13 14 14 15 15 15 16 18 19 21 22 24 -3.4e+38 -3.4e+38 -3.4e+38 -3.4e+38 -3.4e+38 -3.4e+38 -3.4e+38 -3.4e+38 -3.4e+38 -3.4e+38 -3.4e+38 -3.4e+38 -3.4e+38 -3.4e+38 -3.4e+38
2 2 3 3 3 3 4 4 4 5 4 4 4 3 3 3 4 5 5 4 5 6 6 6 6 7 8 9 11 11 11 11 11 11 10 8 7 8 8 8 9 10 11 12 13 14 14 15 17 18 19 21 23 25 27 -3.4e+38 -3.4e+38 -3.4e+38 -3.4e+38 -3.4e+38 -3.4e+38 -3.4e+38 -3.4e+38 -3.4e+38 -3.4e+38 -3.4e+38 -3.4e+38 -3.4e+38 -3.4e+38
3 3 3 3 4 4 4 3 3 3 3 3 3 3 3 3 3 4 4 4 5 5 7 6 6 7 8 9 10 11 11 12 13 14 12 9 8 8 8 9 9 10 10 12 13 14 15 16 18 18 20 22 23 25 28 31 -3.4e+38 -3.4e+38 -3.4e+38 -3.4e+38 -3.4e+38 -3.4e+38 -3.4e+38 -3.4e+38 -3.4e+38 -3.4e+38 -3.4e+38 -3.4e+38 -3.4e+38
