EcoCrop/data/climate/prec_6.asc
NCOLS 660 
NROWS 360 
XLLCORNER -20 
YLLCORNER -30 
CELLSIZE 0.1666667 
NODATA_value -3.4e+38 
[rows 0 to 30 of 360, columns 490 to 559 of 660]
0 0 0 0 0 0 0 0 0 0 0 0 0 0 0 0 0 0 0 0 0 0 0 0 0 0 0 0 1 1 2 3 5 6 8 11 13 14 14 17 16 15 16 18 22 24 29 31 34 33 27 18 15 13 12 11 11 11 11 11 11 12 13 14 14 15 15 16 16 16
0 0 0 0 0 0 0 0 0 0 0 0 0 0 0 0 0 0 0 0 0 0 0 0 0 0 0 0 1 2 3 4 5 6 8 11 11 12 12 16 17 17 18 21 22 24 27 32 30 36 21 19 17 15 13 11 10 10 9 9 10 10 12 13 14 14 15 15 16 16
0 0 0 0 0 0 0 0 0 0 0 0 0 0 0 0 0 0 0 0 0 0 0 0 0 0 0 0 1 2 3 4 5 7 8 9 9 10 10 11 17 18 19 20 22 24 26 27 28 27 19 20 19 17 14 11 10 9 8 8 8 9 10 12 13 14 15 15 16 17
0 0 0 0 0 0 0 0 0 0 0 0 1 0 0 0 0 0 0 0 0 0 0 0 0 0 0 1 1 2 2 4 5 7 9 8 8 9 10 11 12 15 19 18 21 23 23 29 26 22 20 21 22 20 15 10 8 8 7 7 7 8 9 11 12 13 14 15 16 17
0 0 0 0 0 0 0 0 0 0 0 0 0 0 1 0 0 0 0 0 0 0 0 0 0 0 1 1 1 3 3 4 6 7 8 7 7 7 8 9 14 17 19 19 21 22 21 22 23 19 18 20 22 20 14 10 8 7 7 7 7 8 9 10 12 13 14 15 16 16
0 0 0 0 0 0 0 0 0 0 0 0 0 1 1 1 1 0 0 0 0 0 0 0 0 1 1 1 1 1 3 4 5 7 8 6 6 6 6 7 9 11 12 13 17 19 19 17 21 15 15 16 17 15 12 9 8 7 7 7 7 8 9 10 12 13 14 15 15 16
0 0 0 0 0 0 0 0 0 0 0 0 0 1 1 1 1 1 1 1 1 1 1 1 1 1 1 1 1 2 5 4 6 8 7 6 6 6 6 7 8 10 17 17 19 15 14 15 12 11 12 12 11 10 9 8 7 7 7 7 8 9 10 11 12 13 14 15 15 15
0 0 0 0 0 0 0 0 0 0 0 0 0 1 1 1 1 1 1 1 1 1 1 1 1 1 2 2 2 3 4 5 7 8 6 6 6 6 6 6 8 9 10 11 10 10 11 10 9 9 9 9 8 7 6 6 7 7 7 8 9 9 10 11 12 13 14 15 15 15
0 0 0 0 0 0 0 0 0 0 0 0 1 1 1 1 1 1 1 1 1 1 1 1 2 2 2 3 4 5 5 6 8 8 7 7 6 6 6 7 8 9 9 8 8 8 8 7 7 7 6 6 6 5 5 6 7 7 8 9 10 10 11 12 13 14 14 15 16 16
0 0 0 0 0 0 0 0 0 0 0 0 1 1 1 1 1 1 1 1 1 1 2 2 2 3 3 4 4 6 7 7 7 7 6 6 6 6 7 8 9 9 8 7 6 6 6 6 5 5 5 5 5 5 5 6 7 8 9 10 11 12 12 13 14 15 15 16 16 16
1 1 0 0 0 0 0 0 0 0 0 1 1 1 1 1 1 1 1 1 2 2 2 3 3 4 4 5 6 7 8 9 10 10 6 6 6 6 7 8 9 9 7 6 5 5 5 5 4 4 5 5 5 6 6 7 8 9 10 11 12 13 14 14 15 15 16 17 18 18
2 1 1 1 0 0 0 0 0 0 1 1 1 1 1 1 1 1 2 2 2 2 3 3 4 5 6 7 8 9 9 10 11 11 8 6 6 6 6 6 7 6 5 4 4 4 4 4 4 4 4 5 6 7 7 8 9 10 11 12 13 14 15 16 16 16 17 17 18 21
1 1 2 1 1 1 1 1 1 1 1 1 1 1 1 1 1 2 2 2 2 3 4 5 5 6 7 8 9 11 11 11 13 8 12 5 5 5 5 5 5 5 4 4 4 4 4 4 4 4 5 6 7 8 9 10 10 11 13 14 15 16 17 17 17 17 17 17 17 19
1 1 3 2 1 1 1 1 1 1 1 1 1 1 1 1 1 2 2 2 3 4 5 5 6 7 8 9 11 11 12 12 13 14 10 5 5 5 5 5 5 5 5 3 4 4 4 4 4 4 6 7 9 10 10 11 12 13 14 16 18 18 19 19 19 18 18 17 16 16
1 2 1 2 1 1 1 1 1 1 1 1 1 1 1 2 2 3 2 3 5 5 5 6 6 7 9 10 12 13 13 13 15 15 6 5 5 4 4 4 5 8 10 8 6 6 5 4 4 5 6 8 11 12 12 12 12 14 16 18 20 21 21 21 20 19 18 17 17 17
1 1 2 2 2 2 2 2 2 2 2 2 2 2 2 2 2 3 4 4 4 5 6 7 7 8 9 10 12 13 13 12 11 7 6 5 5 4 4 4 6 9 14 14 9 7 6 5 4 5 6 9 13 14 13 12 13 14 16 19 22 23 23 23 22 20 19 18 18 18
2 2 2 2 2 2 3 3 3 2 2 2 3 2 2 3 3 3 4 4 6 5 6 8 7 8 9 10 12 13 12 10 11 8 6 5 5 5 5 5 7 9 12 12 10 8 6 5 4 4 6 9 12 13 13 12 12 13 16 19 22 25 25 25 23 21 19 18 18 18
2 2 2 2 2 2 3 3 2 2 2 2 2 3 3 3 3 4 4 4 5 5 7 6 11 7 9 11 11 11 12 13 9 8 6 5 5 5 5 5 6 8 10 10 9 8 7 5 4 4 6 9 12 12 11 10 11 12 15 19 23 26 26 26 23 21 20 19 18 19
3 3 3 3 3 3 3 3 3 3 3 2 2 2 2 3 4 4 4 4 5 5 5 9 6 8 9 11 12 11 12 11 9 8 6 6 6 5 5 5 6 7 9 9 9 8 7 6 6 6 7 10 12 12 10 8 9 11 14 18 23 27 26 25 23 21 20 19 19 20
3 3 3 3 4 4 3 3 4 3 3 3 3 3 3 3 4 4 5 5 5 7 5 7 6 9 9 11 10 13 13 11 10 8 7 6 6 6 5 5 6 7 8 9 9 8 8 7 7 8 9 11 13 13 11 9 8 10 13 17 21 24 25 24 22 21 20 19 20 22
3 3 3 3 3 4 4 4 4 4 4 3 3 3 3 4 4 4 4 5 5 4 5 5 6 7 8 9 8 10 12 11 10 9 7 7 7 7 7 7 7 8 9 9 9 9 9 9 9 9 10 11 13 13 11 10 8 9 13 16 19 21 22 22 22 22 21 22 23 25
3 3 4 4 4 4 4 4 4 4 3 3 3 3 3 3 3 4 6 4 4 4 4 5 5 6 9 7 8 11 12 10 13 12 10 8 8 8 8 8 8 9 9 9 9 9 10 10 10 11 12 12 13 13 13 12 11 11 14 16 18 18 20 20 22 23 24 26 28 28
3 4 4 4 4 5 5 4 4 4 3 3 3 3 3 3 4 3 3 3 5 4 4 5 5 7 8 6 7 10 13 14 10 11 13 12 8 8 9 9 10 9 9 9 10 10 10 11 11 12 13 14 14 15 15 16 17 18 17 17 17 17 18 19 21 23 27 30 32 32
3 4 4 4 4 4 4 4 4 4 3 3 3 3 3 3 3 3 4 4 3 4 4 6 5 6 8 7 8 10 13 11 11 10 12 10 9 10 9 10 10 10 10 10 10 11 11 12 13 14 14 15 16 17 18 19 21 21 19 18 17 17 16 17 20 25 29 32 34 34
2 3 4 4 4 4 4 4 4 4 5 4 4 3 4 4 3 3 3 3 3 4 4 4 5 6 10 7 9 10 11 12 11 10 12 14 12 11 10 10 10 10 9 10 10 11 12 13 14 15 15 16 17 18 20 22 23 23 21 19 17 15 14 16 23 28 31 33 35 37
2 2 3 3 3 3 3 3 3 3 3 2 2 2 3 2 2 4 3 3 3 3 4 6 6 8 7 8 9 11 11 11 12 12 12 11 11 11 10 10 9 9 9 10 10 11 12 13 15 16 16 17 18 19 21 23 25 25 22 20 18 15 15 18 30 31 32 34 36 39
2 2 2 3 4 3 3 3 3 2 2 2 2 2 2 2 1 2 2 3 4 5 4 4 6 7 8 -3.4e+38 -3.4e+38 10 11 11 11 10 13 11 12 11 10 10 9 9 9 10 10 11 12 14 16 17 16 17 18 19 22 25 27 25 23 20 18 17 18 23 32 31 33 35 36 38
1 2 2 2 3 3 3 3 3 2 2 1 1 1 1 1 1 1 2 2 3 3 4 4 5 -3.4e+38 -3.4e+38 -3.4e+38 -3.4e+38 -3.4e+38 10 11 10 10 12 12 11 11 11 10 9 9 9 10 10 10 11 12 14 15 15 16 17 19 22 25 27 25 23 21 19 19 20 25 26 28 33 35 36 38
1 1 2 2 2 -3.4e+38 -3.4e+38 2 2 2 1 -3.4e+38 -3.4e+38 -3.4e+38 -3.4e+38 -3.4e+38 1 -3.4e+38 -3.4e+38 -3.4e+38 -3.4e+38 -3.4e+38 -3.4e+38 -3.4e+38 -3.4e+38 -3.4e+38 -3.4e+38 -3.4e+38 -3.4e+38 -3.4e+38 9 10 9 11 11 12 12 12 11 11 10 10 10 10 10 10 10 11 11 13 13 14 16 18 21 23 24 24 23 21 20 20 21 22 24 27 36 45 39 37
1 -3.4e+38 -3.4e+38 -3.4e+38 -3.4e+38 -3.4e+38 -3.4e+38 -3.4e+38 -3.4e+38 -3.4e+38 -3.4e+38 -3.4e+38 -3.4e+38 -3.4e+38 -3.4e+38 -3.4e+38 -3.4e+38 -3.4e+38 -3.4e+38 -3.4e+38 -3.4e+38 -3.4e+38 -3.4e+38 -3.4e+38 -3.4e+38 -3.4e+38 -3.4e+38 -3.4e+38 -3.4e+38 -3.4e+38 9 9 9 9 10 12 12 13 13 12 11 10 10 10 10 10 10 10 11 12 12 13 15 17 19 21 23 23 23 22 21 22 22 24 27 31 37 42 42 45
-3.4e+38 -3.4e+38 -3.4e+38 -3.4e+38 -3.4e+38 -3.4e+38 -3.4e+38 -3.4e+38 -3.4e+38 -3.4e+38 -3.4e+38 -3.4e+38 -3.4e+38 -3.4e+38 -3.4e+38 -3.4e+38 -3.4e+38 -3.4e+38 -3.4e+38 -3.4e+38 -3.4e+38 -3.4e+38 -3.4e+38 -3.4e+38 -3.4e+38 -3.4e+38 -3.4e+38 -3.4e+38 -3.4e+38 -3.4e+38 8 9 10 8 9 12 13 14 14 13 12 11 10 10 10 10 10 10 11 11 12 13 14 16 18 20 22 23 23 23 23 24 26 27 32 36 42 55 51 58
