EcoCrop/data/climate/prec_3.asc
NCOLS 660 
NROWS 360 
XLLCORNER -20 
YLLCORNER -30 
CELLSIZE 0.1666667 
NODATA_value -3.4e+38 
[rows 155 to 185 of 360, columns 207 to 275 of 660]
138 149 155 158 151 130 120 106 96 92 91 88 94 91 92 90 89 89 98 103 111 108 110 112 112 113 114 118 114 113 110 109 109 109 111 112 112 112 115 117 115 115 110 110 109 109 108 110 113 118 123 127 131 134 135 135 132 131 127 124 123 121 120 119 118 118 120 122 124
148 160 173 187 166 144 127 115 105 96 96 99 98 96 95 91 93 96 103 107 116 114 114 116 116 116 117 116 115 114 114 115 114 115 117 115 115 114 113 117 113 115 111 110 111 110 113 113 115 120 124 127 131 134 135 134 135 132 130 128 126 124 122 122 120 119 119 119 120
154 162 173 180 168 155 131 119 116 104 107 105 102 102 102 102 102 99 102 107 112 116 117 120 120 121 120 121 118 118 117 116 117 120 119 120 121 116 113 114 113 112 115 112 112 112 114 116 119 122 125 129 133 135 136 135 135 134 133 131 129 126 125 124 121 119 117 117 118
152 158 160 159 165 155 144 127 116 106 110 112 108 107 105 105 107 106 109 110 114 117 120 122 125 124 123 123 121 122 121 121 123 125 125 129 124 119 118 114 112 113 115 114 113 116 118 118 121 125 129 131 132 134 135 136 135 136 135 133 131 129 127 125 122 120 115 113 116
150 153 151 150 153 149 140 133 128 113 113 115 115 110 109 111 110 112 108 116 116 118 122 125 126 126 126 125 124 125 125 128 128 131 132 134 132 128 119 112 114 112 113 114 117 116 121 123 126 128 131 131 133 135 135 135 135 136 138 135 133 131 129 126 125 122 121 111 118
152 149 150 149 146 147 142 138 132 116 119 118 117 113 111 113 112 115 116 118 118 121 126 125 127 128 128 128 128 128 129 130 134 136 141 143 139 131 118 112 114 114 117 116 119 121 122 124 128 129 132 135 138 138 138 138 138 136 136 135 133 134 131 129 127 125 122 120 122
151 152 150 146 142 146 139 132 125 123 120 120 121 122 120 117 116 121 119 122 122 123 127 128 129 130 131 131 131 132 132 133 138 141 146 151 152 138 133 120 117 118 119 117 120 121 125 126 130 134 136 138 138 138 141 141 140 138 137 135 134 133 129 130 130 128 127 127 129
149 153 149 144 140 139 140 137 127 126 120 124 123 122 122 124 126 124 123 124 126 128 129 131 131 132 133 134 135 137 137 138 144 145 148 151 150 142 134 128 123 120 117 117 117 120 125 129 133 134 133 135 140 141 142 141 141 140 139 136 132 130 128 128 132 132 133 132 133
152 149 147 145 140 136 137 134 128 126 125 128 127 129 127 129 127 128 129 130 131 131 133 132 134 138 139 140 139 140 141 144 148 148 149 150 150 144 138 134 128 124 123 119 119 122 126 130 134 137 140 138 139 142 140 140 142 142 141 137 132 128 127 129 131 134 134 137 140
152 149 153 147 138 141 137 139 129 126 129 130 133 133 131 133 133 134 134 135 136 136 136 137 139 138 139 139 142 142 145 145 150 151 154 152 154 150 141 136 131 131 124 122 118 123 129 132 137 138 139 140 143 139 141 145 141 145 142 138 134 132 130 131 136 137 138 141 143
154 153 147 144 145 141 139 133 131 128 130 130 134 136 138 140 138 139 140 140 140 140 140 140 141 140 140 142 143 146 147 152 152 154 152 153 151 148 146 142 141 137 128 120 116 123 131 138 141 141 140 142 140 143 144 143 145 143 141 141 137 134 135 134 137 139 144 146 148
149 146 145 143 144 140 136 139 133 131 131 133 136 140 142 143 145 145 146 145 144 144 143 143 142 142 142 142 143 145 147 150 152 153 154 156 157 154 150 143 143 138 136 117 117 125 134 144 147 141 143 141 142 142 143 145 147 144 145 144 141 139 137 138 139 142 145 147 150
157 146 143 148 138 141 139 132 132 130 134 136 138 144 148 149 150 152 151 151 150 148 146 145 145 143 144 144 145 147 150 152 154 155 156 155 154 151 148 144 141 138 135 129 127 132 138 146 148 144 143 144 146 144 144 144 144 145 144 141 145 140 142 143 143 145 148 150 152
157 148 154 145 141 138 137 132 133 130 137 138 141 147 151 154 157 159 158 157 154 151 150 148 147 146 145 145 146 148 151 154 156 157 157 157 156 153 150 147 144 142 139 135 138 139 142 148 148 146 145 145 145 145 145 145 146 146 146 146 144 146 146 144 146 147 149 152 154
156 154 151 148 147 155 144 137 132 131 138 141 146 151 157 162 165 167 167 164 159 154 152 150 148 148 147 146 146 149 153 157 160 162 163 161 158 158 155 150 149 144 143 141 144 144 147 149 150 151 149 147 147 146 146 145 144 145 148 145 149 149 147 149 149 150 154 155 158
160 156 158 150 157 156 147 147 141 131 140 145 150 158 162 167 173 177 175 170 164 157 155 152 151 150 149 147 146 152 158 162 164 164 163 162 160 158 154 151 148 146 146 146 142 143 146 149 154 153 154 152 149 148 147 146 145 145 149 149 146 147 148 149 150 153 155 159 163
176 168 161 158 156 161 154 154 146 143 144 151 155 161 166 173 180 185 183 176 169 163 158 155 154 152 150 150 151 155 161 166 168 168 166 166 161 158 155 153 152 147 149 147 147 146 150 153 151 154 157 156 153 150 148 147 147 147 149 147 146 148 149 150 153 157 159 162 166
171 166 164 160 165 165 160 162 156 154 152 155 160 165 170 176 184 188 186 179 172 166 161 158 155 153 153 153 155 159 165 172 172 171 169 167 161 162 158 156 152 152 151 149 145 149 150 153 156 157 162 161 163 158 151 151 149 149 148 147 148 149 151 154 157 160 162 166 169
175 172 163 161 165 168 164 162 159 160 159 160 162 168 172 177 182 185 184 179 173 168 161 159 156 155 154 155 158 161 166 172 173 171 169 168 166 161 160 158 154 153 151 149 149 146 152 157 158 161 165 168 170 167 164 156 154 154 151 150 151 154 155 157 158 162 166 169 173
178 172 169 166 165 167 165 160 162 161 162 162 164 170 173 176 180 181 181 177 172 168 163 159 157 156 155 156 159 162 166 170 172 173 170 168 165 163 159 159 157 155 155 153 153 150 157 162 164 168 169 171 174 170 168 164 159 156 152 151 152 154 161 159 162 165 168 172 178
182 171 170 166 169 166 165 160 164 160 162 164 167 170 173 176 178 179 178 175 171 167 163 159 157 156 155 157 159 161 166 170 171 172 172 171 169 164 161 159 158 160 159 159 160 160 163 165 170 171 175 177 176 176 171 167 165 161 156 151 151 155 159 161 164 168 170 173 176
180 174 172 167 168 167 163 161 159 163 162 165 168 170 173 176 176 178 176 173 170 166 162 159 156 155 155 156 159 161 165 167 170 173 173 174 173 170 161 159 161 164 164 165 166 168 173 174 176 179 176 177 181 179 174 172 169 168 165 161 158 158 160 163 167 172 174 178 180
189 182 179 174 164 161 159 157 159 161 162 165 168 171 174 176 177 176 175 173 169 165 161 157 156 154 153 153 156 159 162 165 169 172 173 176 177 177 168 164 167 168 170 174 176 179 181 183 184 185 184 184 183 184 178 174 172 172 171 169 167 168 167 169 174 174 178 181 183
186 185 179 172 169 163 157 156 158 160 162 167 170 171 173 175 177 176 176 173 169 164 160 156 155 153 152 151 154 157 162 165 169 173 176 179 182 183 181 178 175 178 178 181 182 186 192 191 189 185 187 187 183 183 183 176 175 171 173 171 170 169 172 176 178 180 182 184 185
188 184 181 174 166 158 152 154 157 160 162 166 169 171 173 176 177 178 177 174 171 166 160 157 156 154 151 151 154 157 162 166 170 174 178 183 187 190 188 188 185 183 183 185 188 192 199 198 191 190 187 183 184 185 178 176 175 173 174 174 174 176 176 180 181 182 183 185 188
190 190 186 177 171 162 154 156 159 162 164 166 169 172 174 176 178 178 179 178 175 171 165 162 159 156 153 151 155 158 162 166 169 174 179 185 191 196 197 195 191 190 190 191 191 194 198 196 195 192 187 185 184 183 180 176 174 174 175 175 175 178 177 180 182 183 186 189 190
192 190 184 179 171 166 163 162 164 164 165 167 169 172 174 178 180 180 183 183 182 178 175 171 166 163 158 157 158 160 163 165 169 173 179 185 192 198 202 197 193 191 192 192 195 195 197 194 192 191 188 184 182 180 179 177 176 172 173 175 179 179 180 181 183 187 187 189 192
192 188 182 179 172 168 165 166 166 166 166 168 169 172 175 178 180 183 186 189 190 189 185 181 174 169 167 163 163 163 166 168 171 174 180 186 192 198 200 199 194 192 189 189 190 192 191 190 187 185 182 182 180 179 179 179 176 174 171 173 177 178 181 182 185 186 192 193 194
194 186 182 178 175 171 170 170 167 166 167 167 169 172 175 177 181 185 189 193 198 199 196 190 183 177 173 169 168 168 169 171 174 176 181 188 194 198 196 195 194 191 190 188 187 186 186 185 183 180 180 180 179 179 180 179 177 175 173 172 175 179 181 185 188 188 192 196 195
194 184 182 180 175 174 171 168 167 166 166 167 167 170 173 176 180 185 191 197 203 208 203 195 188 183 179 174 172 171 170 171 175 179 182 188 194 197 196 194 190 187 188 188 188 185 184 179 177 176 177 177 180 180 181 181 179 179 175 175 179 181 185 187 190 192 195 196 198
198 189 187 181 179 174 171 169 167 165 164 165 167 168 172 175 180 184 190 196 201 204 202 196 190 186 183 179 175 173 172 172 174 178 184 190 193 195 196 195 191 189 186 184 185 183 183 180 175 173 174 177 180 181 183 183 183 183 180 180 180 184 187 190 193 194 196 200 201
