EcoCrop/data/climate/prec_10.asc
NCOLS 660 
NROWS 360 
XLLCORNER -20 
YLLCORNER -30 
CELLSIZE 0.1666667 
NODATA_value -3.4e+38 
[rows 124 to 154 of 360, columns 345 to 413 of 660]
46 36 31 47 34 32 32 29 30 33 29 31 32 22 19 18 21 26 47 40 48 55 52 52 52 63 50 51 40 48 44 45 39 35 32 29 28 27 27 28 30 29 30 30 31 31 31 31 30 27 24 22 21 20 20 19 18 18 19 19 21 21 22 22 23 23 26 27 28
51 37 37 37 33 33 34 36 32 30 30 25 24 17 17 18 22 35 40 59 61 47 61 47 46 54 51 53 43 52 49 45 42 39 36 34 32 32 32 32 33 33 34 34 34 32 31 31 32 32 28 27 29 25 25 22 21 20 21 22 21 23 23 24 24 24 25 27 29
58 42 43 36 28 27 30 28 33 30 32 24 19 15 17 21 29 54 71 68 72 43 54 57 56 56 54 56 53 52 47 46 44 41 40 38 38 38 38 38 38 39 40 40 38 36 33 32 34 33 32 32 28 27 25 24 23 23 22 22 22 23 25 24 25 25 26 28 30
58 58 52 38 30 29 27 25 21 21 31 24 18 21 21 30 56 74 76 59 60 61 58 56 61 59 59 61 54 57 51 52 43 47 43 44 42 42 42 43 43 43 43 43 42 41 38 35 35 33 32 33 32 31 29 28 27 26 25 25 25 25 25 26 26 27 28 28 30
55 48 37 40 33 35 31 26 23 23 27 26 22 25 33 63 79 66 58 73 68 68 52 64 57 55 62 43 57 57 51 52 49 47 48 48 48 48 47 47 48 48 47 46 45 44 43 40 37 37 35 35 34 33 33 33 31 29 29 27 28 28 28 28 29 29 30 30 31
53 45 38 36 41 59 32 31 27 26 25 25 31 51 65 76 58 68 76 63 76 71 63 70 65 49 61 57 53 60 53 54 58 49 53 52 55 53 54 53 51 52 51 50 49 47 46 45 43 40 38 38 36 35 35 34 34 35 36 32 32 32 31 31 32 32 32 32 32
53 48 43 41 64 34 31 36 32 32 34 40 68 77 83 59 57 68 81 67 57 84 82 76 65 65 61 55 54 59 57 50 59 57 54 57 58 59 60 60 58 56 55 55 53 52 50 48 47 45 43 40 39 37 37 36 36 35 36 36 37 37 36 35 35 35 35 37 36
56 53 49 57 72 42 37 40 35 34 51 65 77 83 92 81 63 70 92 81 92 79 86 74 71 69 63 48 58 56 57 49 58 59 59 59 63 62 66 67 65 63 60 60 58 55 54 52 49 47 46 45 43 40 39 38 37 37 37 37 37 38 37 39 39 39 40 40 40
60 57 69 56 43 43 43 39 37 46 90 93 80 88 97 79 70 72 86 69 91 110 92 69 66 70 63 50 58 52 54 54 59 62 64 63 65 68 67 70 71 70 67 64 63 60 57 55 53 51 48 48 46 45 42 40 39 39 39 38 39 39 38 39 40 41 41 41 41
61 66 72 53 48 44 35 37 42 57 64 83 67 92 104 115 91 89 66 93 116 106 89 87 71 66 60 51 53 51 55 53 59 64 69 69 71 70 72 76 76 77 76 72 69 65 62 59 56 53 52 50 48 47 45 43 41 40 40 40 39 39 39 40 41 41 41 42 42
72 75 70 58 52 40 32 31 67 62 62 68 83 65 109 118 102 87 110 142 111 97 87 74 73 61 55 52 47 49 49 56 59 66 74 78 77 75 81 86 86 83 82 79 75 72 67 63 60 57 55 52 50 48 47 45 44 42 41 41 41 40 40 41 41 41 41 41 41
88 93 74 68 64 48 42 50 72 77 68 67 71 77 106 112 139 143 158 139 120 112 96 81 70 58 55 49 43 47 51 60 65 69 76 81 85 82 84 90 91 92 88 84 80 76 71 67 64 60 57 54 52 50 48 46 45 44 42 42 42 41 41 41 41 41 40 40 41
89 92 88 74 79 68 69 67 78 74 56 58 77 92 98 114 134 158 175 184 180 115 105 82 69 61 53 49 45 51 85 64 68 69 75 84 88 94 98 93 100 99 97 92 87 82 76 71 67 63 59 57 53 51 50 48 47 45 44 43 42 43 41 41 40 40 40 39 40
100 97 99 80 91 78 78 89 80 59 47 51 103 104 95 103 129 158 155 145 130 118 88 78 68 60 55 49 48 59 69 62 66 71 75 84 90 97 102 101 105 105 103 99 92 85 79 73 69 65 62 58 55 52 50 49 47 46 45 44 43 42 41 40 40 39 39 39 39
97 125 109 108 108 103 110 102 84 79 87 80 127 134 129 114 129 157 160 140 126 109 100 84 74 60 56 53 52 59 70 63 67 73 77 81 90 98 106 109 111 110 105 99 95 87 80 75 71 67 63 60 57 54 51 49 48 47 45 44 43 42 41 40 40 39 38 38 38
110 132 106 73 125 119 129 119 103 105 91 119 93 120 137 123 104 155 135 139 122 104 99 128 79 65 57 52 64 58 66 65 67 76 77 82 88 97 106 113 118 112 105 99 94 89 82 77 72 68 64 61 58 55 53 50 49 47 45 43 43 42 41 40 39 38 38 38 38
93 92 63 85 134 171 155 153 134 124 124 118 129 132 129 115 110 113 119 134 114 102 89 87 75 66 60 54 58 59 62 67 72 71 78 80 88 95 103 110 112 109 106 101 96 89 83 78 73 68 65 61 59 56 53 51 49 47 45 43 42 42 41 40 39 38 38 38 38
152 82 75 82 120 208 179 157 161 148 133 135 135 129 119 113 105 109 123 103 120 103 83 86 110 70 63 59 57 60 61 63 67 69 75 78 84 91 100 107 107 102 102 97 93 87 83 77 73 70 65 62 59 56 53 51 50 47 45 44 42 41 40 39 39 38 37 37 38
180 91 84 148 256 183 221 220 130 136 155 158 130 121 121 113 111 122 124 109 118 103 88 77 78 96 83 69 61 61 61 62 66 70 72 76 80 87 95 97 100 97 93 90 90 85 80 76 72 68 65 62 59 56 54 51 49 47 45 44 42 41 40 39 38 37 37 38 38
99 94 109 205 232 233 230 217 141 150 131 165 140 110 114 126 113 98 130 104 109 99 85 77 72 77 87 79 81 69 71 66 66 68 70 73 75 81 94 94 94 88 87 84 86 82 78 74 72 67 64 61 59 56 54 51 49 47 45 44 42 41 40 39 38 37 37 37 37
89 116 134 124 217 222 212 199 160 167 168 132 155 156 138 134 121 105 102 96 88 96 80 78 71 64 71 102 79 75 71 69 69 69 69 71 73 77 89 88 83 81 81 78 81 80 77 73 69 67 64 61 59 56 53 51 49 47 45 43 42 41 39 38 37 37 37 37 -3.4e+38
92 135 112 113 169 199 186 165 156 154 160 156 128 156 155 150 132 136 123 98 67 74 67 79 73 61 64 70 78 74 73 71 70 72 73 72 72 73 73 75 80 79 73 72 74 75 75 72 69 66 63 61 58 56 53 51 49 47 45 44 42 41 39 38 37 37 37 36 -3.4e+38
112 66 108 137 140 116 110 135 143 158 152 152 161 153 159 128 137 136 112 69 88 72 73 78 71 61 62 64 73 79 78 76 75 76 78 80 75 76 84 73 67 68 68 68 68 71 72 70 68 65 63 60 58 55 53 51 49 47 45 43 41 40 39 38 37 37 35 -3.4e+38 -3.4e+38
71 75 127 124 114 109 107 108 124 141 114 148 150 168 106 144 101 98 75 99 110 72 62 75 65 61 58 60 64 70 77 77 79 78 79 83 85 80 72 68 65 62 61 65 64 68 73 71 69 65 62 60 57 55 52 50 48 47 45 43 41 40 39 39 40 35 34 -3.4e+38 -3.4e+38
55 64 77 106 102 101 94 109 133 111 113 129 152 166 154 135 110 105 102 112 93 69 59 66 64 58 54 56 60 64 69 77 76 80 83 79 78 75 71 68 64 60 57 57 61 67 68 71 69 66 62 60 57 54 52 50 48 47 45 43 42 41 40 41 42 35 -3.4e+38 -3.4e+38 -3.4e+38
72 63 76 104 93 97 97 106 85 90 102 115 132 150 141 119 112 112 109 94 78 81 59 53 62 55 53 54 56 62 65 69 73 76 77 78 79 78 75 71 66 60 55 57 62 63 67 72 71 67 63 60 57 54 52 50 48 46 45 44 43 42 42 43 38 -3.4e+38 -3.4e+38 -3.4e+38 -3.4e+38
57 58 76 114 86 100 98 105 108 90 88 97 105 132 118 100 76 91 90 92 79 76 73 63 54 54 52 51 56 60 62 67 72 75 76 78 80 82 81 77 71 66 61 60 63 64 69 70 72 69 65 60 57 54 51 49 48 46 46 44 44 44 46 41 -3.4e+38 -3.4e+38 -3.4e+38 -3.4e+38 -3.4e+38
56 59 68 91 92 91 100 104 99 94 87 79 89 74 80 74 97 67 71 71 74 64 65 57 51 50 51 49 53 58 60 67 73 76 78 81 85 87 90 86 80 72 68 66 67 67 69 71 72 70 66 61 58 54 50 49 48 47 47 46 46 47 45 40 -3.4e+38 -3.4e+38 -3.4e+38 -3.4e+38 -3.4e+38
54 62 68 74 89 89 96 95 96 92 99 91 88 102 96 98 86 75 68 63 62 62 66 57 47 44 47 48 51 55 60 68 71 76 81 85 91 98 98 92 86 79 73 71 71 70 70 72 75 73 68 62 59 55 52 50 49 48 48 49 49 46 42 -3.4e+38 -3.4e+38 -3.4e+38 -3.4e+38 -3.4e+38 -3.4e+38
52 59 73 82 90 93 96 96 99 98 96 92 90 92 96 89 77 70 60 50 55 53 58 53 46 45 44 46 48 52 58 66 70 76 82 88 96 101 102 97 91 86 79 75 74 73 72 72 74 75 69 64 61 57 54 52 50 49 50 51 48 43 41 -3.4e+38 -3.4e+38 -3.4e+38 -3.4e+38 -3.4e+38 -3.4e+38
45 54 83 90 94 95 97 100 107 102 100 93 84 77 77 78 71 65 56 51 46 46 49 49 46 46 43 44 46 49 54 63 68 78 87 95 100 102 102 96 90 89 84 77 74 74 73 73 74 77 73 67 62 59 56 53 51 51 53 50 45 42 -3.4e+38 -3.4e+38 -3.4e+38 -3.4e+38 -3.4e+38 -3.4e+38 -3.4e+38
