EcoCrop/data/climate/prec_12.asc
NCOLS 660 
NROWS 360 
XLLCORNER -20 
YLLCORNER -30 
CELLSIZE 0.1666667 
NODATA_value -3.4e+38 
[rows 93 to 123 of 360, columns 345 to 413 of 660]
0 1 1 1 0 0 7 13 7 10 25 10 28 58 51 89 37 38 40 46 42 35 31 -3.4e+38 -3.4e+38 -3.4e+38 -3.4e+38 -3.4e+38 -3.4e+38 -3.4e+38 -3.4e+38 -3.4e+38 -3.4e+38 3 2 2 3 5 4 3 3 4 3 2 1 1 1 1 1 1 1 1 1 2 2 2 2 2 3 3 3 3 4 4 4 4 5 5 5
0 1 2 1 0 1 2 6 1 4 5 6 12 62 81 77 35 34 35 39 43 39 31 24 -3.4e+38 -3.4e+38 -3.4e+38 -3.4e+38 -3.4e+38 -3.4e+38 -3.4e+38 -3.4e+38 -3.4e+38 3 2 2 4 3 4 3 3 4 2 3 1 1 0 0 0 0 1 1 1 1 1 2 2 2 2 3 3 3 3 3 4 4 4 4 -3.4e+38
1 1 2 1 0 0 1 2 2 4 15 14 11 12 72 60 35 32 31 33 40 40 35 25 20 -3.4e+38 -3.4e+38 -3.4e+38 -3.4e+38 -3.4e+38 -3.4e+38 -3.4e+38 -3.4e+38 -3.4e+38 3 2 5 3 4 4 3 3 1 1 1 0 0 0 0 0 0 1 1 1 1 2 2 2 2 2 3 2 2 2 3 3 3 3 -3.4e+38
1 1 2 2 2 3 4 3 4 18 21 14 13 11 62 53 33 29 28 27 31 42 37 24 20 17 -3.4e+38 -3.4e+38 -3.4e+38 -3.4e+38 -3.4e+38 6 -3.4e+38 -3.4e+38 3 3 3 4 4 3 2 1 1 1 0 0 0 0 0 0 1 1 1 2 2 2 2 2 2 2 2 -3.4e+38 -3.4e+38 -3.4e+38 -3.4e+38 -3.4e+38 -3.4e+38 -3.4e+38 -3.4e+38
1 2 2 4 6 7 5 10 3 12 4 9 17 12 49 45 31 27 30 25 24 30 32 25 23 19 16 -3.4e+38 -3.4e+38 -3.4e+38 -3.4e+38 7 -3.4e+38 -3.4e+38 -3.4e+38 3 4 6 5 4 2 1 1 0 0 0 0 0 1 1 1 1 2 2 2 2 2 2 2 2 -3.4e+38 -3.4e+38 -3.4e+38 -3.4e+38 -3.4e+38 -3.4e+38 -3.4e+38 -3.4e+38 -3.4e+38
1 2 2 3 4 3 5 8 11 4 4 9 6 22 42 38 29 24 27 27 21 21 22 27 28 23 16 13 11 -3.4e+38 -3.4e+38 -3.4e+38 -3.4e+38 -3.4e+38 -3.4e+38 4 4 4 5 4 3 2 1 1 1 1 1 1 2 1 1 1 1 2 2 2 2 2 -3.4e+38 -3.4e+38 -3.4e+38 -3.4e+38 -3.4e+38 -3.4e+38 -3.4e+38 -3.4e+38 -3.4e+38 -3.4e+38 -3.4e+38
2 2 3 3 2 3 7 12 11 10 7 3 4 24 15 35 30 22 21 21 19 19 18 20 24 25 16 13 11 -3.4e+38 -3.4e+38 -3.4e+38 -3.4e+38 -3.4e+38 -3.4e+38 4 4 5 5 4 3 3 3 3 3 2 3 4 3 3 3 3 -3.4e+38 -3.4e+38 -3.4e+38 -3.4e+38 -3.4e+38 -3.4e+38 -3.4e+38 -3.4e+38 -3.4e+38 -3.4e+38 -3.4e+38 -3.4e+38 -3.4e+38 -3.4e+38 -3.4e+38 -3.4e+38 -3.4e+38
2 3 3 3 3 4 4 11 9 10 3 2 2 14 28 31 29 22 19 17 16 20 15 16 24 20 15 13 11 -3.4e+38 -3.4e+38 -3.4e+38 -3.4e+38 -3.4e+38 -3.4e+38 5 5 5 5 5 4 3 3 4 3 4 5 5 -3.4e+38 -3.4e+38 -3.4e+38 -3.4e+38 -3.4e+38 -3.4e+38 -3.4e+38 -3.4e+38 -3.4e+38 -3.4e+38 -3.4e+38 -3.4e+38 -3.4e+38 -3.4e+38 -3.4e+38 -3.4e+38 -3.4e+38 -3.4e+38 -3.4e+38 -3.4e+38 -3.4e+38
4 4 5 3 3 4 8 11 12 12 12 4 5 7 25 27 27 20 19 17 19 15 13 12 21 14 14 16 13 13 11 -3.4e+38 -3.4e+38 -3.4e+38 -3.4e+38 5 5 5 5 5 4 4 4 4 5 5 6 -3.4e+38 -3.4e+38 -3.4e+38 -3.4e+38 -3.4e+38 -3.4e+38 -3.4e+38 -3.4e+38 -3.4e+38 -3.4e+38 -3.4e+38 -3.4e+38 -3.4e+38 -3.4e+38 -3.4e+38 -3.4e+38 -3.4e+38 -3.4e+38 -3.4e+38 -3.4e+38 -3.4e+38 -3.4e+38
3 6 6 5 5 6 8 8 11 13 7 7 6 21 26 24 19 19 27 16 13 12 12 11 10 11 12 14 13 13 11 11 9 -3.4e+38 -3.4e+38 -3.4e+38 4 5 5 4 4 4 4 5 5 6 -3.4e+38 -3.4e+38 -3.4e+38 -3.4e+38 -3.4e+38 -3.4e+38 -3.4e+38 -3.4e+38 -3.4e+38 -3.4e+38 -3.4e+38 -3.4e+38 -3.4e+38 -3.4e+38 -3.4e+38 -3.4e+38 -3.4e+38 -3.4e+38 -3.4e+38 -3.4e+38 -3.4e+38 -3.4e+38 -3.4e+38
5 6 6 5 6 7 8 9 11 14 12 9 17 23 25 24 16 17 18 14 12 10 10 11 10 9 12 13 13 12 11 11 9 7 -3.4e+38 -3.4e+38 4 4 4 4 4 4 -3.4e+38 -3.4e+38 -3.4e+38 -3.4e+38 -3.4e+38 -3.4e+38 -3.4e+38 -3.4e+38 -3.4e+38 -3.4e+38 -3.4e+38 -3.4e+38 -3.4e+38 -3.4e+38 -3.4e+38 -3.4e+38 -3.4e+38 -3.4e+38 -3.4e+38 -3.4e+38 -3.4e+38 -3.4e+38 -3.4e+38 -3.4e+38 -3.4e+38 -3.4e+38 -3.4e+38
10 7 5 5 6 7 9 9 10 12 17 16 23 26 25 22 14 16 13 12 12 10 8 9 9 8 10 12 12 13 13 11 10 8 -3.4e+38 -3.4e+38 -3.4e+38 -3.4e+38 -3.4e+38 -3.4e+38 -3.4e+38 -3.4e+38 -3.4e+38 -3.4e+38 -3.4e+38 -3.4e+38 -3.4e+38 -3.4e+38 -3.4e+38 -3.4e+38 -3.4e+38 -3.4e+38 -3.4e+38 -3.4e+38 -3.4e+38 -3.4e+38 -3.4e+38 -3.4e+38 -3.4e+38 -3.4e+38 -3.4e+38 -3.4e+38 -3.4e+38 -3.4e+38 -3.4e+38 -3.4e+38 -3.4e+38 -3.4e+38 -3.4e+38
7 7 5 6 6 8 9 8 9 5 20 9 26 27 19 19 18 14 11 11 13 14 9 7 9 12 13 9 12 16 13 12 12 11 7 -3.4e+38 -3.4e+38 -3.4e+38 -3.4e+38 -3.4e+38 -3.4e+38 -3.4e+38 -3.4e+38 -3.4e+38 -3.4e+38 -3.4e+38 -3.4e+38 -3.4e+38 -3.4e+38 -3.4e+38 -3.4e+38 -3.4e+38 -3.4e+38 -3.4e+38 -3.4e+38 -3.4e+38 -3.4e+38 -3.4e+38 -3.4e+38 -3.4e+38 -3.4e+38 -3.4e+38 -3.4e+38 -3.4e+38 -3.4e+38 -3.4e+38 -3.4e+38 -3.4e+38 -3.4e+38
5 10 7 7 7 8 10 9 12 13 6 18 26 27 19 16 14 12 10 9 10 9 8 10 5 7 7 8 8 8 15 18 19 16 11 -3.4e+38 -3.4e+38 -3.4e+38 -3.4e+38 -3.4e+38 -3.4e+38 -3.4e+38 -3.4e+38 -3.4e+38 -3.4e+38 -3.4e+38 -3.4e+38 -3.4e+38 -3.4e+38 -3.4e+38 -3.4e+38 -3.4e+38 -3.4e+38 -3.4e+38 -3.4e+38 -3.4e+38 -3.4e+38 -3.4e+38 -3.4e+38 -3.4e+38 -3.4e+38 -3.4e+38 -3.4e+38 -3.4e+38 -3.4e+38 -3.4e+38 -3.4e+38 -3.4e+38 -3.4e+38
3 4 5 9 7 8 10 8 13 6 6 6 25 26 17 15 15 13 9 6 5 4 5 4 6 7 6 8 7 7 22 24 17 13 10 8 -3.4e+38 -3.4e+38 -3.4e+38 -3.4e+38 -3.4e+38 -3.4e+38 -3.4e+38 -3.4e+38 -3.4e+38 -3.4e+38 -3.4e+38 -3.4e+38 -3.4e+38 -3.4e+38 -3.4e+38 -3.4e+38 -3.4e+38 -3.4e+38 -3.4e+38 -3.4e+38 -3.4e+38 -3.4e+38 -3.4e+38 -3.4e+38 -3.4e+38 -3.4e+38 -3.4e+38 -3.4e+38 -3.4e+38 -3.4e+38 -3.4e+38 -3.4e+38 -3.4e+38
4 5 7 10 9 9 10 11 13 13 7 6 21 22 17 15 12 11 8 6 4 3 2 2 3 3 6 10 14 11 31 27 22 15 -3.4e+38 -3.4e+38 -3.4e+38 -3.4e+38 -3.4e+38 -3.4e+38 -3.4e+38 -3.4e+38 -3.4e+38 -3.4e+38 -3.4e+38 -3.4e+38 -3.4e+38 -3.4e+38 -3.4e+38 -3.4e+38 -3.4e+38 -3.4e+38 -3.4e+38 -3.4e+38 -3.4e+38 -3.4e+38 -3.4e+38 -3.4e+38 -3.4e+38 -3.4e+38 -3.4e+38 -3.4e+38 -3.4e+38 -3.4e+38 -3.4e+38 -3.4e+38 -3.4e+38 -3.4e+38 -3.4e+38
6 6 7 12 11 10 10 9 10 8 8 9 24 24 19 13 11 11 8 6 3 2 1 1 4 9 4 6 6 9 23 17 -3.4e+38 -3.4e+38 -3.4e+38 -3.4e+38 -3.4e+38 -3.4e+38 -3.4e+38 -3.4e+38 -3.4e+38 -3.4e+38 -3.4e+38 -3.4e+38 -3.4e+38 -3.4e+38 -3.4e+38 -3.4e+38 -3.4e+38 -3.4e+38 -3.4e+38 -3.4e+38 -3.4e+38 -3.4e+38 -3.4e+38 -3.4e+38 -3.4e+38 -3.4e+38 -3.4e+38 -3.4e+38 -3.4e+38 -3.4e+38 -3.4e+38 -3.4e+38 -3.4e+38 -3.4e+38 -3.4e+38 -3.4e+38 -3.4e+38
8 10 13 12 12 10 11 13 13 11 14 22 11 21 15 13 11 9 7 4 2 1 1 0 1 9 3 6 6 7 11 -3.4e+38 15 13 -3.4e+38 -3.4e+38 -3.4e+38 -3.4e+38 -3.4e+38 -3.4e+38 -3.4e+38 -3.4e+38 -3.4e+38 -3.4e+38 -3.4e+38 -3.4e+38 -3.4e+38 -3.4e+38 -3.4e+38 -3.4e+38 -3.4e+38 -3.4e+38 -3.4e+38 -3.4e+38 -3.4e+38 -3.4e+38 -3.4e+38 -3.4e+38 -3.4e+38 -3.4e+38 -3.4e+38 -3.4e+38 -3.4e+38 -3.4e+38 -3.4e+38 -3.4e+38 -3.4e+38 -3.4e+38 -3.4e+38
5 7 13 12 11 11 9 12 14 18 20 28 18 22 19 14 11 8 5 3 2 2 4 1 1 2 6 4 5 7 12 10 11 11 9 -3.4e+38 -3.4e+38 -3.4e+38 -3.4e+38 -3.4e+38 -3.4e+38 -3.4e+38 -3.4e+38 -3.4e+38 -3.4e+38 -3.4e+38 -3.4e+38 -3.4e+38 -3.4e+38 -3.4e+38 -3.4e+38 -3.4e+38 -3.4e+38 -3.4e+38 -3.4e+38 -3.4e+38 -3.4e+38 -3.4e+38 -3.4e+38 -3.4e+38 -3.4e+38 -3.4e+38 -3.4e+38 -3.4e+38 -3.4e+38 -3.4e+38 -3.4e+38 -3.4e+38 -3.4e+38
14 7 6 8 11 11 8 12 13 13 13 19 19 26 18 16 10 7 5 3 2 2 1 1 1 1 2 3 3 5 6 8 8 8 7 6 -3.4e+38 -3.4e+38 -3.4e+38 -3.4e+38 -3.4e+38 -3.4e+38 -3.4e+38 -3.4e+38 -3.4e+38 -3.4e+38 -3.4e+38 -3.4e+38 -3.4e+38 -3.4e+38 -3.4e+38 -3.4e+38 -3.4e+38 -3.4e+38 -3.4e+38 -3.4e+38 -3.4e+38 -3.4e+38 -3.4e+38 -3.4e+38 -3.4e+38 -3.4e+38 -3.4e+38 -3.4e+38 -3.4e+38 0 0 0 -3.4e+38
15 7 11 7 8 6 11 11 13 11 12 13 24 21 15 15 10 6 5 4 2 3 5 1 1 1 2 2 2 3 5 6 6 6 5 5 4 -3.4e+38 -3.4e+38 -3.4e+38 -3.4e+38 -3.4e+38 -3.4e+38 -3.4e+38 -3.4e+38 -3.4e+38 -3.4e+38 -3.4e+38 -3.4e+38 -3.4e+38 -3.4e+38 -3.4e+38 -3.4e+38 -3.4e+38 -3.4e+38 -3.4e+38 -3.4e+38 -3.4e+38 0 0 0 0 0 0 0 1 0 0 0
16 15 14 13 13 8 8 12 12 12 12 12 16 16 15 14 10 7 6 5 3 4 2 3 2 2 2 2 2 2 4 4 4 4 4 4 3 -3.4e+38 -3.4e+38 -3.4e+38 -3.4e+38 -3.4e+38 -3.4e+38 -3.4e+38 -3.4e+38 -3.4e+38 -3.4e+38 -3.4e+38 -3.4e+38 -3.4e+38 -3.4e+38 -3.4e+38 -3.4e+38 -3.4e+38 -3.4e+38 -3.4e+38 -3.4e+38 0 0 0 1 1 2 2 2 1 2 2 1
16 18 18 13 8 10 6 11 11 13 12 14 15 18 17 16 12 6 7 6 6 2 2 2 3 2 3 3 2 2 3 3 3 3 3 3 3 2 -3.4e+38 -3.4e+38 -3.4e+38 -3.4e+38 -3.4e+38 -3.4e+38 -3.4e+38 -3.4e+38 -3.4e+38 -3.4e+38 -3.4e+38 0 0 0 0 -3.4e+38 -3.4e+38 0 1 1 2 3 2 1 1 1 1 0 0 0 0
11 18 17 12 8 7 8 9 9 11 11 12 14 14 18 18 13 7 7 7 5 4 4 3 2 2 2 3 2 3 3 3 3 3 3 2 2 2 2 1 -3.4e+38 -3.4e+38 -3.4e+38 -3.4e+38 -3.4e+38 -3.4e+38 -3.4e+38 0 0 0 0 1 0 1 0 0 0 2 2 2 1 1 1 1 1 0 0 0 0
12 14 12 9 8 7 6 5 6 8 10 12 11 11 18 20 10 8 7 6 4 4 4 4 3 3 2 2 2 3 3 3 4 3 2 2 2 2 1 1 1 -3.4e+38 -3.4e+38 0 -3.4e+38 0 0 0 0 0 0 4 1 1 0 0 0 2 2 2 1 1 1 1 1 0 0 0 0
9 7 10 7 6 5 5 7 6 8 8 9 9 11 23 23 13 7 6 6 4 5 4 4 3 3 3 2 2 3 3 3 3 3 3 2 2 2 1 1 1 1 1 0 1 1 0 0 0 0 0 1 0 0 0 0 1 2 2 1 1 1 1 1 0 0 0 0 0
4 9 5 4 4 4 5 5 6 6 8 9 8 9 26 26 14 7 6 10 7 4 4 4 3 3 3 3 3 3 3 3 3 3 2 2 2 2 2 2 1 1 1 2 2 2 1 1 1 0 0 1 0 0 0 0 0 1 1 1 1 1 1 0 0 0 0 0 0
4 5 4 5 6 5 5 5 6 6 6 5 7 8 22 26 9 7 9 6 5 5 4 4 4 3 3 3 3 4 4 3 3 2 2 2 2 2 2 2 2 2 2 3 5 10 10 6 3 3 1 1 1 1 1 1 1 1 1 1 1 1 0 0 0 0 0 0 0
6 5 4 4 6 5 9 6 5 5 4 5 5 6 20 12 8 9 7 6 6 7 5 5 5 5 5 4 5 5 5 5 4 3 3 2 2 2 2 2 2 3 3 5 8 8 6 3 2 1 1 1 1 1 1 1 1 1 1 1 0 1 1 0 0 0 0 0 0
5 6 6 5 7 5 6 6 5 4 4 4 5 6 16 9 7 7 7 7 6 6 6 6 6 6 7 7 5 6 3 4 4 3 3 2 2 2 2 2 2 2 3 3 4 4 3 1 0 0 0 0 0 1 1 1 1 1 0 0 0 0 1 1 0 0 0 0 0
5 5 5 5 6 6 5 6 6 5 5 4 4 12 12 7 6 6 8 8 8 10 9 9 9 8 7 6 3 2 8 6 5 4 3 2 2 2 2 1 2 2 2 2 2 2 1 1 0 0 0 0 0 0 0 0 0 0 0 0 0 0 1 1 1 0 0 0 0
