EcoCrop/data/climate/prec_10.asc
NCOLS 660 
NROWS 360 
XLLCORNER -20 
YLLCORNER -30 
CELLSIZE 0.1666667 
NODATA_value -3.4e+38 
[rows 217 to 247 of 360, columns 207 to 275 of 660]
91 121 116 130 136 145 152 152 160 163 161 171 168 161 185 190 167 197 203 202 213 215 218 214 210 218 213 221 228 209 201 200 199 201 198 197 197 196 195 193 191 189 185 186 185 183 182 179 176 176 175 170 167 161 152 151 149 149 143 136 134 125 123 119 112 113 121 107 113
88 122 116 134 139 145 153 152 158 169 165 179 180 155 164 185 179 196 195 201 215 214 210 212 214 217 216 218 220 214 198 195 206 196 200 195 195 192 191 192 190 190 187 187 184 186 184 180 180 179 174 172 170 159 155 149 140 137 134 131 132 124 118 113 109 107 111 100 112
85 92 127 137 142 146 155 160 166 167 168 175 182 152 165 189 190 187 197 201 207 208 209 216 210 211 216 217 217 214 211 197 199 194 200 193 193 188 186 187 186 189 188 188 187 186 185 183 183 180 178 172 170 160 157 147 142 134 131 124 121 120 114 109 106 101 112 103 111
82 91 115 131 147 151 154 162 165 173 168 171 179 153 174 175 183 183 182 200 203 207 212 213 213 209 213 210 208 207 205 204 192 192 190 187 187 183 185 182 184 186 188 190 189 184 188 185 183 184 178 175 174 168 159 149 145 136 129 125 114 109 114 102 100 100 105 115 108
77 90 102 133 149 154 157 165 168 169 166 158 169 159 150 167 167 183 173 194 201 199 209 206 206 210 207 204 203 205 204 195 185 186 183 185 182 184 183 185 189 186 186 190 189 187 186 184 183 183 181 179 175 178 164 159 150 138 132 121 120 108 114 112 109 110 100 109 112
78 89 122 148 152 155 164 157 162 162 152 150 159 154 148 163 165 169 169 185 195 198 202 206 207 201 201 204 202 197 186 194 183 184 176 179 172 179 178 186 183 185 186 181 184 183 183 183 179 181 181 181 176 178 173 171 156 140 133 128 130 120 124 119 111 106 101 107 111
71 91 98 148 153 157 155 153 165 160 156 148 145 147 144 155 157 167 172 170 178 195 198 203 204 199 202 199 197 195 191 189 175 176 173 173 167 169 173 186 186 184 183 180 180 182 180 181 182 177 181 181 175 178 173 171 154 147 142 136 132 129 121 111 114 117 121 108 110
64 79 107 133 151 155 155 157 161 149 141 135 144 147 149 141 145 159 165 165 168 185 193 198 201 198 197 196 193 190 186 184 171 171 169 167 162 166 169 180 179 176 179 177 177 178 179 179 177 175 179 179 174 178 172 167 169 155 147 150 137 139 129 124 115 120 125 107 105
47 65 127 133 145 151 153 155 157 155 138 142 139 135 141 143 140 152 155 164 164 172 184 182 198 196 195 193 189 185 178 175 164 164 164 162 160 163 166 169 167 164 176 172 171 173 174 175 171 171 173 174 174 172 168 168 158 158 150 153 142 136 133 117 116 117 112 100 97
54 64 109 113 135 141 146 151 157 157 157 131 138 135 136 138 146 150 154 158 164 169 171 178 195 194 193 189 183 181 176 170 164 161 159 156 156 160 160 159 166 161 165 165 168 170 170 170 167 168 174 170 169 167 165 164 157 159 156 150 142 136 132 120 118 110 106 98 101
49 73 83 95 119 129 138 147 154 158 156 157 137 139 135 131 140 139 150 154 161 165 169 178 182 188 188 186 180 177 172 167 164 161 157 148 151 152 155 155 165 156 165 160 163 165 166 167 166 165 166 166 163 166 161 163 156 154 152 148 143 134 130 122 113 100 94 93 92
59 71 77 93 109 113 126 139 153 162 158 155 133 134 131 129 139 139 145 149 149 162 168 178 190 188 185 182 175 172 168 160 158 153 151 150 149 147 148 152 152 150 154 154 157 161 161 163 159 159 159 160 160 160 159 161 151 150 147 146 142 137 128 121 113 106 97 90 88
59 58 71 80 87 102 121 133 148 161 160 134 128 132 124 122 134 138 137 147 153 159 168 172 188 184 182 178 173 169 164 157 151 146 146 148 145 141 147 146 144 144 146 150 150 155 154 158 153 154 159 156 159 156 153 154 153 146 143 141 136 130 125 117 110 108 104 87 85
40 51 73 74 85 110 117 128 140 152 149 139 129 125 122 123 130 131 137 138 148 160 161 172 176 179 180 173 168 164 159 155 151 144 144 143 142 141 144 141 142 141 141 151 145 153 152 153 148 153 154 149 149 148 152 151 142 145 143 136 135 129 121 114 105 99 89 86 82
71 68 80 76 82 107 118 123 130 142 144 141 137 126 127 128 129 129 137 141 143 149 162 168 173 171 172 171 166 158 155 152 147 142 142 140 135 135 137 135 137 143 140 144 140 146 148 144 144 150 146 150 147 145 144 142 137 137 139 134 131 126 121 111 100 93 92 87 88
45 69 67 82 92 100 124 119 123 128 138 140 139 133 133 148 133 131 132 144 142 153 156 163 167 167 167 165 162 156 153 148 144 140 138 133 134 135 133 134 139 141 138 143 138 141 145 141 139 145 145 143 141 142 140 140 132 133 133 131 129 126 120 106 93 87 87 83 79
35 70 70 80 79 105 113 119 119 120 130 142 140 138 135 135 133 134 133 138 148 152 155 161 163 159 162 160 159 154 150 144 141 138 135 133 135 134 133 133 139 139 135 140 139 136 140 141 134 138 138 139 138 136 134 131 129 126 125 127 124 121 115 106 95 88 82 78 70
51 66 72 79 95 105 111 113 121 121 127 135 148 140 163 143 132 135 131 137 143 143 150 154 154 153 154 154 154 147 146 142 138 135 133 131 133 129 134 136 136 137 136 137 134 135 136 136 129 134 134 134 133 130 129 124 121 125 121 121 120 115 109 98 91 79 75 71 68
33 53 89 84 85 102 114 116 118 125 130 137 145 154 158 161 134 129 129 132 139 141 143 145 147 150 147 148 149 147 142 139 135 131 129 128 130 130 134 132 135 135 131 133 133 132 131 129 129 126 129 128 126 125 123 117 116 115 115 114 113 110 103 94 83 81 72 70 67
33 38 54 65 85 99 117 119 122 126 128 134 142 148 153 153 127 128 126 136 134 136 137 142 142 144 146 143 146 145 140 136 132 128 125 122 127 130 134 131 134 132 130 126 128 127 125 126 126 119 121 121 120 119 116 111 110 111 108 106 103 98 92 85 79 76 72 70 70
33 50 71 83 92 107 115 123 125 125 127 130 133 140 140 142 146 122 124 129 133 133 133 135 138 142 142 142 140 139 138 134 130 126 122 120 124 128 131 132 131 130 125 123 123 122 122 120 120 115 116 115 112 110 110 105 105 102 99 94 90 88 82 78 77 77 71 72 69
33 47 62 123 104 120 120 122 122 123 126 129 133 134 134 135 134 117 119 120 129 130 131 132 132 135 136 138 141 138 134 131 126 125 121 120 121 124 127 129 127 126 122 121 118 115 116 115 114 111 110 108 107 105 102 99 97 94 88 86 80 77 78 75 75 75 69 70 74
64 65 97 139 119 132 140 131 125 130 126 127 126 126 126 129 125 120 120 122 131 130 130 129 129 133 133 134 141 140 136 131 128 124 121 119 120 124 127 125 125 123 120 117 115 112 110 110 109 107 106 102 102 101 97 96 93 88 83 77 72 71 73 72 73 72 73 81 78
62 83 127 139 155 131 137 132 134 133 128 125 123 122 121 120 119 115 115 123 130 134 133 130 128 131 131 138 137 138 134 131 127 119 119 121 121 121 124 124 123 119 116 114 111 108 105 105 104 102 101 99 99 97 94 92 89 84 80 73 66 64 70 71 70 66 81 86 85
73 116 135 149 150 141 155 140 138 136 126 122 120 118 117 115 113 112 113 120 124 136 135 132 131 136 131 128 134 136 133 130 125 121 121 120 121 122 122 122 121 118 114 110 107 104 100 99 99 99 96 96 96 95 92 92 87 82 78 71 65 62 70 71 73 71 82 86 82
86 144 166 164 166 161 159 155 139 137 127 121 119 117 115 112 111 112 113 117 124 130 130 129 134 135 131 130 129 134 130 128 126 124 119 120 120 117 119 122 119 117 112 107 103 100 96 95 95 94 94 94 94 94 93 91 89 82 78 75 68 66 72 72 73 76 78 84 80
97 164 178 173 167 162 153 154 147 144 134 121 115 114 112 111 110 110 113 116 125 126 136 132 127 131 129 127 125 130 129 126 124 122 120 119 118 119 119 120 120 115 109 104 100 95 93 92 93 93 91 94 92 91 90 89 88 87 83 78 72 69 72 75 77 82 78 77 78
119 140 177 178 171 165 156 150 145 140 134 118 117 110 108 108 108 111 111 114 120 127 127 131 127 124 127 125 127 128 126 124 122 119 118 117 115 116 116 115 112 111 106 101 98 93 90 89 90 91 90 90 91 91 92 89 87 87 84 84 81 77 78 76 84 85 80 76 76
117 137 155 166 165 161 154 147 141 136 129 118 113 109 107 109 106 108 109 112 116 123 128 128 122 124 122 123 126 126 124 120 118 118 116 115 113 112 112 111 109 106 102 99 95 92 90 90 89 90 90 91 92 92 93 92 93 93 90 86 85 82 80 82 83 83 81 76 77
104 116 134 151 143 155 150 142 136 131 128 122 115 107 107 106 111 108 109 109 113 117 119 123 121 118 121 121 122 123 120 118 116 115 113 111 110 108 108 106 104 102 99 96 93 91 89 88 88 88 89 89 89 91 92 91 94 92 92 89 89 83 81 82 82 81 77 76 74
80 91 121 133 154 151 145 138 134 132 128 121 111 110 103 113 107 104 106 106 110 114 119 119 119 117 120 119 118 117 113 114 110 109 108 107 105 104 103 101 100 98 95 93 91 89 88 87 86 86 86 87 87 87 88 89 91 94 94 94 90 88 86 84 82 78 75 75 73
