EcoCrop/data/climate/prec_5.asc
NCOLS 660 
NROWS 360 
XLLCORNER -20 
YLLCORNER -30 
CELLSIZE 0.1666667 
NODATA_value -3.4e+38 
[rows 186 to 216 of 360, columns 276 to 344 of 660]
154 157 159 161 162 162 162 161 159 157 155 151 146 143 137 135 141 146 138 132 106 119 109 104 98 83 84 92 97 94 106 129 166 215 254 292 301 298 288 273 255 234 213 192 173 157 145 137 139 163 175 177 168 143 124 107 113 108 102 102 106 127 150 203 261 153 100 86 70
153 155 158 160 161 162 163 160 158 158 156 153 151 152 143 152 136 154 146 134 118 130 111 101 103 97 89 96 97 99 117 142 180 238 273 302 296 284 270 254 237 219 199 179 161 146 135 131 141 149 172 179 157 140 116 106 106 103 101 107 116 130 142 172 186 127 86 72 57
151 154 157 159 160 161 163 162 159 157 155 151 147 161 141 154 159 156 164 169 173 148 126 109 107 92 87 91 97 104 107 143 177 230 288 291 275 260 245 231 217 202 184 165 148 134 124 122 122 129 124 145 151 125 111 102 100 103 104 108 110 119 120 150 152 89 80 93 61
148 152 156 159 160 161 161 161 161 158 155 151 148 143 166 168 170 174 131 165 173 175 147 129 122 93 88 89 94 94 107 136 164 201 239 247 239 226 214 205 195 185 169 149 133 122 119 112 114 110 110 112 116 110 104 100 104 104 114 110 102 92 91 95 112 77 67 65 69
145 150 155 158 160 161 161 162 162 162 160 159 148 160 151 161 174 171 134 110 183 184 124 145 110 100 87 88 91 87 98 122 142 147 186 196 194 187 180 174 172 169 155 131 118 112 107 107 106 103 105 106 110 107 100 105 99 105 106 113 64 66 70 69 80 63 60 73 77
142 148 154 158 160 160 161 161 161 161 160 160 156 157 153 174 171 172 148 112 184 178 137 145 104 104 98 88 88 89 89 108 118 125 140 151 153 148 143 143 144 146 136 113 108 105 100 95 93 92 96 94 94 91 90 93 97 104 99 100 54 51 62 54 57 58 57 66 86
138 146 153 157 159 159 159 160 159 158 156 158 157 153 159 149 161 184 144 112 136 149 162 125 106 93 88 87 84 87 89 91 101 102 110 120 122 115 109 112 116 119 119 108 109 101 91 86 83 81 81 81 79 78 81 83 91 105 77 69 46 49 55 52 52 54 53 52 54
132 144 153 156 157 157 157 156 154 155 149 153 152 148 149 142 156 133 115 155 159 129 147 123 104 90 84 81 82 81 84 87 87 88 98 105 103 89 76 88 93 95 96 99 100 92 84 80 77 75 73 71 70 68 70 75 81 81 58 51 42 46 52 57 53 54 52 49 48
123 138 148 153 153 154 154 154 152 149 150 144 146 143 136 135 148 104 120 172 175 155 162 115 104 90 80 76 77 79 82 85 84 87 90 92 89 83 70 76 80 79 81 85 87 88 80 75 73 70 67 66 63 60 61 66 74 61 48 37 38 43 56 57 59 56 55 54 49
112 127 139 144 146 147 149 150 149 148 143 140 141 137 127 134 123 101 111 165 168 154 137 108 110 95 76 74 77 76 79 82 86 83 81 81 80 79 77 73 76 77 77 76 75 74 70 69 68 66 62 64 59 53 53 57 61 48 43 33 86 42 66 49 56 58 65 65 54
108 118 128 134 138 140 142 144 143 141 141 135 133 132 131 121 132 111 100 125 162 139 120 105 102 92 80 75 77 74 78 83 84 79 72 72 74 78 73 72 72 72 72 69 64 60 58 65 66 61 57 54 50 46 46 45 55 46 56 108 37 42 51 48 53 70 81 82 73
105 112 119 125 129 132 134 136 137 136 134 132 133 131 128 123 149 135 92 105 143 133 113 104 94 87 79 75 70 69 74 78 77 71 64 63 72 76 72 68 66 67 63 62 59 55 54 59 61 56 52 48 45 41 38 32 33 59 111 84 32 127 55 61 64 80 77 85 50
102 106 112 116 121 124 127 128 131 131 130 131 130 128 126 131 145 147 105 81 97 123 106 99 87 84 78 76 69 70 74 73 71 66 60 60 65 68 67 63 60 57 57 56 57 54 50 51 52 50 47 44 42 40 39 39 44 104 110 107 34 42 63 83 91 104 131 113 149
97 100 105 109 113 116 118 121 124 124 126 126 120 124 128 134 138 143 122 77 80 117 102 90 88 86 83 77 72 69 69 69 67 64 62 61 62 62 61 57 53 49 49 50 51 51 46 46 45 44 42 41 40 41 45 60 86 121 124 45 51 83 177 225 132 186 267 370 74
91 95 98 102 106 109 111 114 118 120 121 118 118 124 124 125 135 137 123 78 114 121 109 84 89 93 87 77 71 68 67 66 65 63 62 61 60 58 56 53 48 43 41 44 47 50 47 43 41 39 38 37 38 43 53 41 80 93 87 54 137 88 92 107 155 143 131 109 100
86 89 91 94 98 101 103 106 109 111 112 116 118 123 124 125 127 132 132 81 111 124 96 88 90 100 90 78 71 67 65 64 62 61 61 59 57 54 52 51 48 43 43 44 44 48 45 41 38 35 34 33 35 32 35 41 63 96 54 56 66 75 86 98 89 95 153 253 59
81 83 85 88 91 94 97 100 103 107 106 112 116 119 121 122 123 125 107 83 104 96 90 92 92 97 88 79 71 66 63 61 59 58 56 55 52 49 48 52 50 47 48 47 45 43 41 38 35 32 30 29 28 29 32 41 75 101 55 57 66 83 91 90 78 97 93 109 46
75 77 79 81 84 87 91 92 95 100 108 105 110 115 117 118 118 113 108 87 86 97 93 98 96 90 82 76 69 64 60 58 56 55 53 50 47 44 44 48 49 48 48 45 43 40 37 34 32 29 28 27 26 27 27 39 66 92 56 58 61 71 83 79 74 82 81 72 58
70 71 73 74 77 80 83 89 90 93 97 99 100 109 111 114 113 104 96 96 87 99 99 95 91 84 77 69 64 60 57 54 53 51 49 46 44 42 43 45 46 45 43 41 40 38 34 31 28 27 27 25 28 27 37 40 42 66 58 62 58 61 65 60 56 58 69 74 77
65 65 66 68 70 73 76 80 83 89 89 93 95 98 107 110 109 109 95 92 95 94 106 85 79 75 68 64 59 56 53 51 49 48 46 44 43 42 42 43 43 42 38 37 38 34 31 27 25 24 28 25 27 30 35 44 43 71 70 59 54 53 51 47 48 34 54 68 120
59 60 61 63 64 66 69 72 78 81 84 90 90 91 94 105 103 107 95 92 92 85 111 79 74 67 61 57 53 51 49 47 46 45 44 42 41 40 40 41 42 40 36 36 34 31 26 24 22 21 24 21 24 27 33 44 44 68 75 52 48 47 45 42 47 46 54 63 78
56 56 56 57 58 60 62 65 69 74 85 82 84 87 87 92 97 101 99 85 82 76 97 67 66 57 54 50 48 46 45 44 43 42 42 41 40 39 38 38 39 37 34 32 30 26 22 20 19 19 19 19 20 24 30 40 47 55 58 43 43 42 42 42 47 49 55 64 74
52 52 52 52 52 53 55 58 63 71 78 78 80 81 83 85 94 93 92 80 74 67 64 60 56 50 47 45 43 41 40 40 40 40 39 39 39 38 37 36 34 33 32 30 28 23 18 17 16 16 16 16 17 20 24 31 37 40 42 47 38 38 39 40 46 47 57 62 73
49 48 48 47 47 48 49 53 58 64 68 74 77 78 80 79 83 87 84 74 68 61 56 53 50 45 41 39 38 37 37 37 37 38 38 38 38 37 35 33 30 29 31 30 27 22 17 15 14 13 14 14 15 19 20 24 26 28 27 36 32 34 37 38 44 46 53 62 72
46 45 44 44 44 44 45 48 52 55 59 63 67 72 75 75 80 80 81 72 66 59 54 50 44 40 37 35 33 33 34 34 35 36 36 37 37 35 34 31 29 30 34 30 26 21 17 14 12 12 12 13 15 16 16 18 20 21 21 24 28 31 34 37 40 43 47 54 65
43 41 41 40 40 40 41 44 46 49 56 61 61 65 71 72 75 78 76 71 66 59 53 48 42 38 34 32 31 31 31 32 33 34 34 35 35 34 33 32 32 35 35 30 26 21 16 13 11 10 11 12 13 13 14 15 17 19 18 20 23 27 31 36 39 42 45 50 61
39 38 37 37 38 37 38 39 41 43 47 50 54 58 64 69 72 75 68 73 67 60 53 45 39 33 30 29 28 28 29 30 32 32 33 33 33 32 31 31 31 32 31 27 24 20 15 12 10 9 10 10 11 11 12 14 14 17 17 19 20 25 29 33 39 43 47 52 67
36 35 34 33 33 33 34 34 36 37 40 44 46 51 61 66 71 69 76 65 69 61 53 40 39 33 27 25 24 25 27 29 30 31 32 32 31 31 30 29 29 28 26 23 20 16 13 10 9 8 8 9 9 10 11 12 13 12 12 15 19 25 25 33 40 47 56 72 78
33 31 30 29 29 29 29 30 31 33 33 36 40 47 54 63 67 74 77 75 70 61 52 45 35 27 25 22 22 23 27 28 29 30 31 31 30 29 28 27 26 24 22 19 16 13 10 8 7 7 7 7 8 9 10 11 11 10 8 9 17 27 29 32 41 50 61 75 90
30 28 27 26 25 25 25 25 26 27 29 31 35 41 49 55 64 71 79 80 70 60 51 43 33 23 18 18 18 23 25 27 29 30 30 30 29 28 26 25 23 21 19 16 13 10 8 7 6 5 5 5 6 8 9 10 8 6 6 7 12 37 33 35 41 53 66 86 98
27 26 24 23 22 21 21 22 23 24 26 28 33 38 46 51 60 62 69 71 64 56 43 36 30 15 20 11 18 21 24 27 29 30 30 29 28 26 25 23 21 19 16 13 10 8 6 5 4 4 4 4 5 5 7 8 7 4 5 7 13 22 26 32 40 56 71 87 102
