EcoCrop/data/climate/prec_5.asc
NCOLS 660 
NROWS 360 
XLLCORNER -20 
YLLCORNER -30 
CELLSIZE 0.1666667 
NODATA_value -3.4e+38 
[rows 124 to 154 of 360, columns 276 to 344 of 660]
80 80 80 80 80 80 80 81 82 83 83 83 82 81 80 79 78 78 77 77 77 78 78 78 77 77 77 77 78 81 84 86 86 85 83 79 76 76 79 83 88 92 96 99 102 105 108 112 118 136 158 214 191 193 195 201 202 204 220 213 175 184 187 173 166 157 159 142 110
87 87 87 86 86 86 86 87 88 88 89 88 87 86 84 82 81 79 79 78 78 79 79 79 78 77 77 76 76 79 82 84 85 84 82 79 75 75 81 87 93 98 102 105 107 110 113 116 138 177 151 202 198 204 208 212 212 217 222 226 191 187 207 239 219 155 133 141 139
94 93 92 93 92 92 93 92 92 94 95 94 92 90 87 85 83 81 80 79 79 79 79 79 79 78 78 77 76 78 81 83 84 84 82 81 79 81 86 92 98 104 109 112 113 115 117 119 127 132 149 189 206 209 212 213 215 216 222 209 204 223 203 213 168 187 146 131 122
101 100 100 99 98 97 98 98 97 99 100 99 96 93 91 88 85 83 81 80 80 80 80 80 80 79 79 78 78 80 81 83 84 84 84 84 84 86 91 97 103 110 116 117 118 119 120 122 125 131 134 197 209 197 201 190 200 205 209 238 205 235 182 235 177 169 164 149 137
107 107 106 105 103 104 104 102 103 104 104 102 100 97 94 91 87 84 81 80 81 81 81 81 81 81 80 80 81 81 83 84 85 86 86 87 89 91 96 101 108 116 122 122 122 122 123 125 127 128 134 190 207 200 187 196 199 204 217 234 233 213 185 178 174 180 185 158 148
113 114 112 110 109 109 109 108 108 108 107 106 103 101 97 94 90 86 82 82 83 83 83 83 83 83 82 82 83 83 84 86 87 88 89 90 92 95 99 104 111 116 121 122 123 123 125 127 130 129 128 165 186 184 181 180 201 197 210 201 220 217 220 213 183 204 186 157 152
120 118 116 115 116 114 114 113 113 112 112 110 107 104 101 97 93 90 87 85 86 86 86 85 85 85 85 85 85 86 86 87 89 90 91 93 95 98 102 107 112 116 120 122 123 123 125 129 134 135 129 136 142 180 182 210 210 214 220 228 218 227 223 224 186 234 211 147 158
124 122 120 121 121 120 119 117 117 117 116 114 111 108 105 101 98 94 92 90 89 89 89 88 88 88 87 87 87 88 89 89 91 92 94 96 98 101 104 108 112 116 119 121 122 122 123 129 137 140 138 142 146 174 219 194 224 226 230 236 232 227 217 208 182 227 222 168 159
128 126 124 124 126 125 124 122 121 122 120 119 116 113 109 106 102 99 97 95 94 94 93 92 91 91 90 90 90 90 91 92 93 94 96 98 100 103 106 109 113 116 119 120 122 122 124 129 138 143 146 148 150 169 226 202 215 221 234 237 232 225 223 178 191 203 180 177 147
131 129 129 128 130 128 128 126 127 126 125 123 121 118 114 110 107 105 102 101 99 98 97 96 95 94 93 92 92 92 93 94 95 96 98 100 102 104 107 110 113 116 118 120 121 123 126 131 138 145 153 153 155 189 228 221 238 227 235 238 229 227 218 213 211 198 197 164 118
134 134 133 133 133 132 132 132 130 131 129 128 125 123 118 115 112 109 107 106 105 104 102 101 99 98 96 95 94 94 95 96 97 98 100 101 103 105 108 110 112 115 117 119 121 123 127 132 138 144 152 154 158 157 182 234 229 240 240 224 221 207 210 208 185 184 173 138 143
139 139 137 137 138 136 137 136 135 134 133 132 129 126 123 120 116 115 113 111 110 109 107 106 103 101 99 97 96 96 97 98 99 100 102 103 105 106 108 110 112 114 116 118 120 123 126 131 136 141 146 147 155 161 170 197 238 240 241 238 228 216 189 183 192 183 164 151 126
144 143 142 142 142 141 141 141 139 138 137 135 132 132 128 125 122 120 119 118 116 115 113 111 108 105 103 100 98 98 99 100 101 102 104 105 106 107 108 110 111 113 114 116 118 122 125 129 133 138 143 150 149 154 166 195 204 209 229 240 238 213 218 210 177 168 148 159 128
148 147 146 147 146 146 145 144 143 141 142 140 138 135 133 130 128 126 125 124 123 121 119 117 113 110 107 103 100 101 102 103 104 105 106 106 107 108 109 109 110 111 112 114 117 119 123 126 130 133 138 144 152 159 161 185 217 224 231 230 237 231 215 206 197 178 173 162 142
152 151 152 150 150 149 149 147 147 147 146 143 142 141 138 136 135 133 131 130 129 128 126 122 119 115 111 108 106 105 106 106 107 107 108 108 108 108 109 109 109 110 110 112 114 117 119 123 127 130 133 139 145 175 175 170 182 233 236 201 218 241 209 200 167 191 174 171 124
156 156 155 155 154 154 152 153 152 152 150 148 146 145 142 141 139 138 137 135 135 133 132 128 123 120 116 113 111 110 110 109 110 110 110 109 109 109 109 109 108 108 109 110 112 114 116 119 123 126 129 132 138 152 213 179 179 211 228 231 182 200 160 175 185 177 181 118 183
159 159 159 158 157 157 157 156 157 157 154 152 152 150 147 146 145 143 141 140 139 139 136 132 128 124 121 119 117 115 114 113 113 113 112 111 110 109 109 108 108 107 107 108 109 111 112 115 118 122 125 132 133 136 149 160 197 205 204 194 157 205 217 151 210 160 149 176 192
162 162 162 161 162 161 162 161 161 160 159 156 156 154 152 152 150 149 147 145 144 141 139 136 132 129 125 123 121 120 118 117 116 115 114 112 111 110 109 108 107 106 106 106 107 108 109 111 113 117 122 129 129 137 140 151 153 187 182 199 143 150 152 218 199 192 139 130 188
164 165 166 166 165 165 166 165 165 164 162 162 160 159 156 155 156 152 151 149 147 145 143 140 137 134 129 126 124 123 121 120 119 118 116 113 112 110 108 107 106 105 104 104 104 104 105 107 108 114 120 142 132 130 151 187 163 196 173 131 137 198 144 183 211 165 177 132 204
168 168 170 170 170 170 169 169 170 168 166 165 167 163 160 159 159 156 156 153 151 149 146 143 140 137 134 131 128 125 123 122 120 119 116 114 112 110 108 106 105 104 103 102 101 101 101 102 102 105 124 134 129 141 151 166 162 190 148 121 123 139 129 192 225 143 137 242 233
171 171 172 173 174 174 174 174 174 173 171 169 169 167 165 164 163 161 159 157 155 152 150 148 145 140 138 135 132 130 126 123 121 119 116 114 112 109 108 105 104 102 101 99 98 97 96 97 98 98 101 106 121 124 134 147 131 140 133 130 116 124 126 186 137 166 129 167 131
172 173 174 174 175 177 179 178 176 176 174 171 171 171 168 167 166 166 164 162 159 156 155 152 149 145 142 138 135 132 129 125 122 119 116 113 111 109 107 105 103 101 99 97 95 93 92 91 91 91 93 95 123 114 120 138 115 112 113 105 116 124 107 166 228 125 93 103 109
175 174 176 177 178 181 183 183 181 179 177 175 174 175 172 171 170 168 168 165 163 160 158 155 153 148 146 143 137 135 130 127 124 119 115 113 111 109 107 104 102 99 97 94 92 89 87 86 85 85 86 87 119 114 104 129 106 99 107 96 138 91 109 133 134 85 89 231 98
174 176 176 178 180 182 185 188 184 181 180 177 176 177 176 175 173 171 170 168 166 165 162 160 157 153 149 146 141 138 134 129 125 120 116 114 111 109 107 104 101 98 95 92 89 86 83 81 79 78 79 81 87 88 89 98 94 90 88 87 87 84 103 129 91 81 78 107 77
175 176 177 179 181 183 184 186 185 182 181 180 179 179 180 178 177 175 174 173 170 169 166 164 162 156 153 149 145 141 137 131 127 122 118 116 113 110 107 104 101 98 94 90 86 83 79 76 74 72 71 74 75 79 78 81 84 81 81 80 79 78 96 113 119 68 65 89 73
178 177 178 179 180 182 183 184 184 182 181 181 179 179 179 179 180 178 177 177 174 174 171 170 168 162 157 153 149 143 139 134 129 124 120 118 115 111 108 105 101 97 93 89 84 80 76 72 69 66 65 65 65 67 68 71 71 73 72 74 71 74 93 94 116 61 71 97 82
178 180 179 180 180 181 182 182 182 181 181 181 180 179 181 181 182 181 180 180 180 179 177 173 171 168 161 157 153 146 143 139 133 127 125 122 117 114 109 106 102 98 93 88 83 78 73 69 64 61 59 58 58 59 70 63 67 73 66 66 64 67 76 82 57 54 105 89 108
177 179 179 180 180 180 181 180 179 179 179 178 179 180 182 183 183 183 183 184 185 183 183 180 178 174 166 160 157 150 146 141 139 137 132 127 121 116 112 107 110 99 95 89 82 76 70 65 59 55 53 52 52 53 54 92 62 66 61 61 59 59 63 72 51 48 72 70 69
178 179 180 179 180 179 178 178 177 176 177 177 179 180 183 183 184 184 185 186 189 191 192 187 181 175 169 164 158 155 149 143 139 137 133 132 125 120 115 110 106 104 97 90 83 76 67 61 54 50 48 47 46 47 49 59 53 57 57 57 53 50 54 56 44 42 114 57 62
178 179 180 180 180 178 177 176 174 173 173 173 176 178 181 183 184 185 187 188 190 193 195 190 184 178 173 165 160 156 152 145 139 137 133 134 130 124 121 115 111 107 100 93 99 85 79 61 51 46 43 42 42 43 43 45 47 48 52 50 46 43 44 48 38 40 64 52 54
181 183 181 181 180 179 176 174 171 169 168 169 171 175 178 181 183 184 186 189 190 192 193 193 186 181 175 168 161 155 150 144 138 135 133 132 133 133 131 126 136 114 113 95 102 131 76 57 49 44 41 40 39 39 39 40 41 44 46 40 38 36 37 38 36 38 42 43 47
