EcoCrop/data/climate/prec_12.asc
NCOLS 660 
NROWS 360 
XLLCORNER -20 
YLLCORNER -30 
CELLSIZE 0.1666667 
NODATA_value -3.4e+38 
[rows 279 to 309 of 360, columns 207 to 275 of 660]
71 74 77 79 82 85 88 91 94 97 100 102 105 107 110 113 115 118 120 122 124 125 124 126 126 125 124 122 123 123 124 124 125 125 125 128 129 131 131 132 134 136 137 139 141 143 145 148 150 153 155 158 160 163 164 166 167 171 171 174 177 180 184 183 188 193 200 205 206
69 72 74 77 80 83 86 89 91 94 96 99 101 104 107 109 112 115 117 119 119 122 122 123 123 122 121 119 117 118 118 118 119 120 121 122 124 125 126 127 129 130 132 134 136 138 140 142 145 147 150 152 155 158 160 162 164 166 166 169 172 176 178 178 183 190 195 200 205
67 70 73 75 78 81 84 86 89 91 93 96 98 100 103 106 108 111 114 116 118 118 121 121 120 119 117 114 113 111 112 113 114 115 115 117 118 120 121 122 124 125 127 128 131 133 135 137 139 142 144 147 150 153 155 157 158 162 164 166 169 171 172 175 180 186 193 202 207
66 68 71 72 75 78 81 83 86 88 90 92 94 97 99 102 105 108 111 113 116 118 119 119 118 115 112 110 107 107 105 107 108 109 111 113 114 115 116 117 119 120 122 123 125 127 130 132 134 137 139 142 145 147 150 153 155 157 160 162 164 165 168 172 177 185 193 202 210
63 67 67 68 71 75 79 81 83 84 86 88 90 93 95 98 101 104 107 110 113 115 117 118 115 111 107 103 101 100 100 100 103 104 106 108 109 111 112 113 114 115 117 119 120 123 125 127 129 131 134 137 140 142 145 148 151 153 155 156 159 161 164 169 175 183 191 199 208
61 65 63 62 65 68 72 75 78 79 81 83 86 89 92 94 98 101 104 106 109 112 114 116 113 106 101 97 94 93 95 96 97 99 102 104 105 106 107 108 109 110 112 114 116 118 120 122 124 127 129 131 134 137 140 144 147 150 150 151 153 156 160 165 171 178 185 192 197
57 59 57 56 57 59 63 67 71 73 75 78 81 84 87 90 93 97 100 102 105 107 109 110 105 98 94 90 87 86 88 90 93 95 97 99 101 102 103 103 104 106 107 109 111 113 115 117 119 122 124 126 129 131 135 138 141 144 146 145 147 150 155 160 166 173 180 188 192
52 53 53 52 52 53 57 60 63 66 70 73 77 80 83 86 89 93 95 98 100 102 103 102 97 91 88 84 80 80 82 86 88 91 93 95 96 97 98 99 100 101 102 105 107 109 110 113 115 116 119 121 123 126 129 132 134 136 138 139 141 144 148 154 163 166 175 177 177
48 49 49 49 49 50 52 55 58 61 65 69 72 76 79 82 85 88 91 94 95 97 96 95 92 88 83 80 77 76 78 82 84 87 89 90 91 93 94 94 95 96 98 101 103 105 106 108 109 112 114 116 118 121 122 125 127 128 130 132 134 139 144 149 156 163 169 171 169
44 44 45 45 46 48 50 52 54 58 61 65 68 72 75 78 82 84 87 89 91 92 92 90 87 84 81 78 76 76 78 79 82 84 86 87 89 90 91 91 91 92 95 98 100 101 102 103 105 107 108 110 113 115 117 119 120 121 123 125 127 131 135 140 146 153 161 166 172
40 40 41 42 44 45 48 50 53 56 59 62 65 68 71 75 78 81 84 86 87 88 88 86 84 81 78 76 75 75 76 78 80 81 83 85 86 87 88 88 89 90 92 94 96 96 97 98 100 102 104 106 108 110 111 113 114 115 116 118 120 122 125 129 134 140 149 156 151
36 37 38 40 41 43 46 48 51 54 57 60 62 65 68 71 74 78 81 83 84 85 84 82 80 78 76 74 73 74 75 75 78 79 81 82 83 84 85 86 87 88 89 91 94 90 91 93 95 98 100 101 103 105 106 108 108 109 110 111 112 114 116 120 123 126 131 141 154
32 34 35 37 39 42 45 47 51 53 56 58 60 62 64 68 72 75 78 80 82 82 81 79 77 75 73 72 72 72 73 74 76 78 79 80 81 82 83 84 84 85 85 86 83 81 85 88 91 93 96 98 99 101 102 103 104 104 103 104 104 106 109 110 112 112 115 128 141
29 31 32 34 37 40 43 47 50 52 55 57 59 60 61 65 70 73 76 77 79 80 78 76 73 72 70 70 70 70 71 72 75 76 78 79 80 81 81 82 82 82 82 83 80 79 82 85 88 90 92 94 96 97 98 99 99 99 99 98 99 100 102 103 104 105 107 117 127
26 28 30 32 35 39 42 46 49 52 55 57 59 60 62 66 69 72 74 75 76 77 76 72 69 67 67 67 67 68 70 71 73 75 76 78 79 79 79 80 80 80 80 80 78 79 81 83 85 88 90 92 93 94 95 95 95 95 94 95 95 96 96 97 98 99 103 110 117
24 25 27 30 34 37 42 46 49 53 56 58 60 62 65 68 70 72 72 73 73 73 70 65 63 63 63 64 65 66 67 69 72 74 75 77 78 78 79 79 79 79 79 78 78 78 80 82 84 86 88 89 91 92 92 92 92 91 92 92 92 92 92 93 94 95 99 103 108
22 23 25 29 32 37 42 47 50 54 57 59 62 64 68 73 73 72 73 75 72 67 61 58 57 58 59 61 62 64 66 68 71 73 74 75 77 78 78 78 78 78 77 77 77 78 79 81 83 84 86 88 89 90 90 90 89 90 89 89 88 88 88 89 90 92 95 98 101
22 21 24 27 33 36 41 47 52 56 59 61 63 66 69 74 71 71 74 79 76 67 52 50 53 54 56 58 60 62 64 67 69 72 74 75 76 78 79 78 77 77 76 76 76 77 78 80 82 83 85 86 87 88 88 87 87 87 86 86 85 85 85 85 86 88 90 92 95
20 20 22 26 31 36 42 48 54 58 61 63 65 67 69 72 65 68 75 79 74 67 51 48 50 52 54 56 58 60 63 65 68 70 72 74 76 77 77 76 76 75 75 75 76 77 78 79 81 82 84 85 86 86 86 86 85 84 83 83 82 82 81 82 83 85 86 88 90
19 19 20 24 28 35 40 46 53 59 61 63 65 67 65 64 63 64 69 69 66 60 53 49 49 50 53 55 56 59 61 63 66 68 70 72 74 76 77 77 75 75 74 75 75 76 77 78 80 81 83 84 85 85 85 84 83 82 81 80 79 78 78 79 80 80 81 83 83
15 17 17 22 28 34 38 42 47 52 57 61 62 62 62 61 64 61 60 55 57 55 51 49 49 50 52 54 56 58 60 62 64 66 69 70 72 74 74 74 74 74 74 74 74 75 76 77 79 80 81 83 84 85 84 82 81 79 78 77 76 75 76 76 76 77 77 78 79
12 14 15 19 26 31 35 38 42 44 51 53 56 58 59 60 57 54 52 50 52 51 50 50 50 51 52 53 55 57 58 60 62 64 67 69 70 72 72 72 72 72 72 73 74 74 75 76 77 78 80 81 82 83 81 80 78 77 75 74 73 73 73 73 73 73 73 74 75
11 11 13 16 22 24 28 31 33 36 42 49 53 55 57 59 54 54 50 48 49 49 50 50 51 51 52 53 54 55 56 59 61 63 65 66 68 68 69 71 71 71 71 72 73 74 74 75 76 77 78 79 80 80 79 77 75 74 73 71 71 70 70 70 70 70 70 70 71
11 9 11 14 18 18 21 26 30 35 42 46 50 57 61 56 56 44 43 45 46 48 50 51 51 51 52 52 53 55 55 58 58 61 63 64 66 67 68 68 69 70 71 71 72 73 73 74 75 75 76 77 78 77 76 74 73 71 70 69 68 67 67 67 67 67 67 67 67
7 8 10 12 13 16 20 25 29 34 40 46 55 63 62 53 46 41 42 43 45 47 50 51 52 51 52 52 53 54 55 57 58 60 62 63 64 64 66 67 68 69 70 71 71 72 72 73 73 74 74 75 75 75 74 72 70 69 67 66 65 65 65 65 65 65 65 64 64
6 7 8 10 13 15 20 25 28 34 42 47 56 61 57 50 44 42 42 44 46 49 51 52 53 52 52 52 52 53 54 56 57 58 60 61 63 64 65 66 67 69 70 71 72 72 71 72 73 74 73 74 73 73 71 69 68 66 65 63 63 63 63 63 63 63 63 63 62
4 5 5 8 11 16 21 25 26 35 44 49 51 51 50 46 43 41 43 45 48 50 52 55 54 53 52 51 52 52 54 53 56 58 58 60 61 62 64 66 68 69 70 72 73 73 72 74 73 73 73 72 71 70 69 67 65 64 63 60 61 61 61 61 62 62 62 62 62
17 4 6 9 13 18 26 31 32 36 40 49 43 43 42 41 40 42 44 46 48 51 54 57 57 53 51 51 52 52 53 54 55 56 57 59 60 62 64 66 68 71 72 72 74 73 73 73 73 71 71 70 69 68 67 65 64 62 61 59 59 60 60 61 61 61 62 62 62
3 4 6 9 10 15 23 32 34 34 35 40 41 39 38 37 39 42 45 48 50 51 55 56 56 52 51 51 51 52 52 53 55 56 57 58 60 62 64 67 69 70 72 73 74 73 73 72 71 70 69 68 67 66 65 64 62 61 61 59 59 59 60 60 61 62 62 64 65
2 4 5 6 9 13 18 25 28 31 34 37 37 36 35 37 39 44 47 50 52 54 56 56 55 53 51 50 51 51 52 52 53 54 55 56 60 62 64 65 68 70 72 73 72 72 72 70 69 68 67 66 66 65 64 63 62 60 60 59 59 60 61 62 62 63 63 65 67
2 3 3 6 10 14 29 23 25 28 29 32 34 35 36 38 42 46 50 53 55 56 57 57 55 53 52 52 51 49 50 52 53 54 55 57 58 60 62 64 67 69 71 72 71 70 69 68 67 66 66 65 64 63 63 62 61 60 59 59 60 60 61 62 63 64 65 66 68
