EcoCrop/data/climate/prec_2.asc
NCOLS 660 
NROWS 360 
XLLCORNER -20 
YLLCORNER -30 
CELLSIZE 0.1666667 
NODATA_value -3.4e+38 
[rows 155 to 185 of 360, columns 280 to 349 of 660]
38 37 35 34 32 30 29 28 30 31 33 35 35 37 36 36 36 36 36 34 32 29 26 23 19 16 15 14 14 14 15 17 17 18 19 23 18 18 16 15 14 12 12 20 16 19 28 20 20 20 20 20 21 24 18 14 13 12 14 17 20 20 22 19 19 19 20 19 40 38
42 41 39 36 34 32 29 29 30 33 35 38 39 39 38 38 38 38 36 35 33 32 28 25 22 18 17 17 16 19 16 19 18 18 19 20 23 41 17 17 15 13 10 11 22 18 20 19 19 19 21 18 19 19 15 12 11 12 11 17 15 15 15 14 15 16 17 18 18 24
46 45 43 41 38 35 31 29 32 36 39 42 42 42 41 41 39 39 38 37 35 34 33 33 27 23 20 20 20 22 21 19 19 19 20 22 22 22 23 20 17 13 23 18 25 19 18 18 18 18 24 17 17 15 13 11 10 10 10 17 13 14 12 11 12 14 18 20 18 18
51 49 47 46 44 40 37 35 38 42 45 47 47 45 44 43 42 41 40 39 38 35 36 34 30 26 26 23 22 22 23 20 20 20 20 22 24 26 29 24 21 17 21 20 19 24 20 17 17 18 18 17 15 13 12 10 9 12 11 16 11 9 9 8 11 16 23 21 19 18
56 55 54 53 50 49 46 46 47 49 53 55 53 50 49 45 45 44 43 42 40 39 37 35 32 31 28 26 24 23 22 21 21 21 22 23 25 24 25 25 24 24 22 21 20 23 19 18 18 19 16 16 14 12 10 9 9 9 10 12 9 7 6 7 9 17 30 18 17 18
61 61 61 59 60 59 56 56 56 58 58 60 58 54 53 50 49 47 46 44 42 40 39 39 39 38 31 27 25 25 23 22 22 22 22 23 25 25 24 24 24 24 23 22 21 21 19 18 18 26 17 15 14 12 10 9 8 8 9 11 8 6 5 6 8 15 18 15 16 16
67 66 67 69 68 69 68 66 65 65 64 65 62 59 57 55 54 49 48 47 44 41 42 41 42 39 30 25 25 26 26 25 24 24 25 25 25 26 25 24 23 24 24 23 20 20 22 20 22 27 26 16 13 10 10 9 8 8 8 9 8 7 7 7 8 11 12 13 14 16
72 72 73 74 78 79 81 76 73 71 69 69 65 63 60 61 57 56 52 49 45 44 42 43 40 34 28 24 23 27 27 28 28 27 27 26 26 25 24 24 24 29 28 24 21 21 22 24 22 22 19 17 15 14 11 10 9 8 8 8 9 12 14 8 8 9 11 12 14 14
76 78 79 79 83 87 88 83 79 75 73 70 68 65 62 61 60 59 56 54 47 44 42 41 40 33 26 23 23 26 29 30 31 32 31 29 27 24 23 25 26 27 36 27 23 22 22 24 28 21 20 19 17 19 13 12 10 9 9 8 9 29 12 9 9 10 11 13 14 15
80 80 83 85 86 88 89 85 81 78 75 73 71 68 66 64 63 61 58 56 53 49 44 46 47 36 25 24 21 26 31 33 35 37 35 33 28 25 26 28 28 29 30 28 24 21 21 24 30 24 21 20 18 20 15 14 12 11 16 9 15 21 11 11 11 11 12 16 17 16
82 83 85 86 88 88 87 85 81 79 77 75 72 70 69 67 64 63 59 54 52 50 47 51 47 39 25 24 22 29 35 38 40 44 47 45 31 26 31 32 33 33 31 29 24 21 20 23 28 26 25 20 18 20 16 15 13 12 18 10 17 15 13 12 12 12 16 20 23 16
81 85 86 87 88 88 86 84 82 81 79 77 75 74 71 69 66 63 59 54 51 49 47 49 47 46 30 25 29 39 40 42 45 50 56 56 45 43 39 39 37 37 35 32 25 20 20 21 25 26 31 20 19 20 18 16 14 14 19 10 24 18 16 14 13 14 19 29 19 14
83 82 85 89 88 88 85 83 82 82 80 82 78 75 72 70 67 65 60 54 55 56 51 53 51 53 25 26 31 39 43 46 49 53 58 61 52 45 45 44 41 40 40 38 31 24 21 21 25 24 26 27 20 20 24 17 15 15 11 12 27 22 18 17 15 15 18 18 15 13
83 83 83 86 90 85 88 83 82 83 81 83 80 75 72 74 69 65 63 58 51 47 53 54 56 27 25 26 31 40 48 49 48 51 55 56 51 51 51 45 43 46 46 42 38 32 29 28 27 24 26 30 21 21 26 18 17 16 14 24 26 29 22 20 16 15 15 14 14 13
84 84 84 84 82 83 83 82 83 82 81 83 79 77 77 74 70 68 65 57 50 46 47 56 26 26 26 27 37 48 60 49 44 48 51 52 53 55 54 46 45 55 49 42 40 38 35 36 37 28 27 28 32 23 22 19 17 17 13 21 27 30 28 30 18 17 16 15 14 13
87 90 85 84 83 83 84 83 83 84 83 83 83 80 78 75 73 71 66 60 50 44 48 29 28 28 28 38 48 52 53 49 45 49 50 50 51 53 52 47 50 50 48 45 43 41 39 37 34 34 31 35 35 25 23 23 18 16 15 26 30 28 26 24 21 21 17 17 15 14
88 88 88 88 84 83 82 82 80 82 83 81 81 80 78 78 77 74 68 63 52 48 32 30 30 31 41 49 58 53 51 49 49 51 48 47 48 49 51 52 53 49 53 49 46 44 50 48 40 39 39 37 55 27 24 29 20 18 25 31 32 27 27 27 23 22 18 18 16 14
89 88 89 86 87 85 84 82 81 80 82 83 82 80 80 82 77 73 69 67 64 51 34 33 32 44 47 51 53 51 50 49 49 48 46 47 48 50 55 54 53 55 56 55 48 47 67 72 44 40 42 49 61 40 24 29 22 21 23 31 32 32 29 24 25 21 20 20 17 15
94 89 87 88 87 86 87 85 82 85 84 82 80 83 80 81 79 79 76 72 59 43 38 36 42 45 48 50 50 48 48 49 50 50 51 50 52 55 57 55 52 56 57 53 51 68 74 86 53 40 53 45 59 46 25 26 19 22 28 28 24 33 33 35 25 22 21 19 17 16
94 93 91 88 88 87 86 87 83 85 86 85 83 81 83 82 81 82 80 66 52 48 42 48 47 47 48 52 52 48 48 50 52 54 55 55 58 61 59 57 55 58 60 58 57 77 81 68 54 48 38 38 46 42 31 24 20 26 27 25 22 19 34 34 37 23 22 19 18 17
96 97 93 92 88 88 87 87 84 84 86 87 84 84 82 86 85 84 66 62 63 62 59 53 47 47 54 52 51 47 48 47 56 60 62 63 66 68 63 59 57 60 64 68 70 90 89 81 72 54 41 40 40 32 29 23 24 24 23 20 18 27 34 29 28 21 23 19 18 17
97 97 98 93 94 90 87 86 87 85 86 87 93 84 84 83 86 71 65 78 97 67 59 49 47 48 50 51 50 47 45 54 62 65 67 65 72 78 74 67 60 63 67 71 77 91 93 93 88 59 50 42 43 34 42 25 22 26 21 19 15 22 34 31 24 18 19 20 22 18
102 102 100 97 96 94 90 89 94 88 90 88 84 87 86 84 92 71 77 157 69 54 50 49 47 47 47 48 48 48 52 63 68 67 68 68 83 92 87 83 76 75 75 73 80 90 98 89 91 80 59 44 43 57 37 28 25 26 22 21 22 25 24 34 33 28 27 39 27 17
105 103 101 100 98 93 94 89 87 85 86 88 90 83 92 94 87 67 79 146 66 47 47 47 46 45 45 47 49 52 57 66 73 72 76 78 94 98 94 97 94 85 76 72 81 99 96 96 106 102 71 55 46 54 45 36 30 30 25 26 23 26 22 25 39 35 34 71 18 14
106 106 104 103 102 95 93 90 88 84 84 85 87 85 84 91 87 64 69 59 48 46 49 46 44 45 45 46 51 55 58 62 68 77 83 89 95 100 104 107 100 88 77 68 65 77 94 100 114 124 96 75 53 49 53 44 39 31 33 31 36 35 29 23 39 59 31 21 14 12
109 107 109 107 104 98 99 92 91 90 87 86 83 80 95 92 98 58 50 55 49 48 69 54 50 47 45 47 51 56 60 65 77 94 104 107 108 108 109 107 99 88 77 68 62 68 80 87 94 89 94 102 68 43 45 47 42 41 31 36 44 48 39 73 80 64 31 17 13 10
111 106 109 109 105 102 98 94 90 90 89 89 83 83 100 108 90 56 52 55 66 77 68 58 51 50 50 49 50 57 65 76 94 119 133 126 121 117 113 107 98 88 78 69 63 63 68 74 81 85 95 96 71 51 42 40 34 32 25 80 61 51 48 82 53 55 30 18 14 12
110 114 113 110 109 105 102 97 93 92 88 97 85 102 103 100 59 57 55 60 82 80 73 57 52 52 54 53 54 61 69 87 108 132 145 139 131 124 116 108 98 88 78 71 66 67 73 72 76 80 99 95 70 51 45 43 37 34 31 71 91 48 50 64 40 42 30 19 19 19
115 114 116 114 110 108 108 98 97 98 92 95 101 109 117 105 59 58 60 64 85 82 71 59 55 56 59 58 61 68 79 96 115 134 143 142 136 128 119 109 99 88 79 72 73 82 74 79 99 101 104 94 76 58 51 48 34 31 40 64 97 51 47 37 33 36 28 22 24 23
118 119 120 121 115 105 115 118 106 97 104 90 120 108 93 63 60 64 67 77 78 87 76 81 68 69 63 64 67 75 90 107 124 137 144 144 139 131 122 111 99 88 78 72 73 84 79 87 102 98 116 101 79 67 56 54 57 36 39 70 105 58 45 32 28 26 26 24 27 23
120 119 123 115 112 108 104 112 102 110 104 87 101 94 113 72 65 111 98 70 78 67 70 77 76 73 73 73 77 89 106 122 134 143 147 147 142 134 124 112 99 88 77 69 68 73 81 84 97 105 127 118 94 76 65 56 59 43 46 60 70 54 42 41 27 25 26 28 29 23
