EcoCrop/data/climate/prec_6.asc
NCOLS 660 
NROWS 360 
XLLCORNER -20 
YLLCORNER -30 
CELLSIZE 0.1666667 
NODATA_value -3.4e+38 
[rows 155 to 185 of 360, columns 280 to 349 of 660]
187 190 191 192 191 190 187 185 185 184 183 181 179 177 172 165 160 153 149 149 153 156 159 161 160 158 152 140 130 120 120 125 125 131 137 152 136 134 109 95 87 82 81 98 46 33 32 23 20 17 16 14 14 16 10 7 6 5 5 4 5 4 4 3 4 4 4 5 13 13
186 190 191 191 192 189 187 186 186 187 186 185 183 178 172 166 161 157 153 152 155 160 162 165 162 158 150 143 127 135 115 124 122 124 135 142 146 183 120 101 92 86 79 76 99 42 31 24 20 17 17 13 13 11 8 6 5 4 3 4 3 2 2 2 2 3 3 4 5 8
186 191 193 194 193 192 189 187 189 192 192 191 187 182 174 169 163 158 156 156 156 161 166 172 165 154 143 138 130 129 121 113 119 123 130 139 137 136 116 105 97 119 99 104 115 69 36 26 21 18 23 13 11 9 7 5 4 3 3 4 2 2 1 1 1 2 3 5 5 5
187 190 194 197 199 197 196 194 196 198 200 197 192 185 177 171 166 162 159 157 158 157 165 166 160 148 140 130 124 121 123 115 117 122 126 133 132 123 111 107 102 126 109 105 104 98 58 30 23 19 16 13 10 8 6 4 3 4 3 4 2 1 1 1 1 2 6 5 5 5
188 192 197 201 203 205 205 204 204 205 208 207 198 188 182 173 168 165 162 160 158 159 156 156 151 142 127 122 119 119 123 118 121 121 129 133 132 126 119 111 107 138 122 106 99 96 53 35 27 21 15 12 9 7 5 4 3 2 2 3 1 0 0 0 1 3 9 4 4 5
187 193 200 203 210 212 212 212 212 212 211 208 201 191 185 177 172 168 163 157 154 151 148 147 141 127 117 114 114 118 123 123 121 125 121 128 131 134 130 118 114 110 104 97 90 82 58 38 29 45 16 11 9 7 5 4 3 2 2 2 1 0 0 0 0 2 3 3 3 4
188 193 200 208 213 220 221 219 217 215 212 208 201 193 186 180 178 167 162 157 149 144 142 138 135 121 108 101 105 113 120 122 124 125 131 133 131 136 133 125 127 119 109 96 83 75 69 45 42 48 33 11 8 7 5 4 3 2 2 2 1 1 0 0 0 1 1 2 2 3
187 194 200 208 219 226 230 224 219 214 210 205 198 191 184 183 176 171 160 153 144 139 133 133 129 119 98 88 88 105 115 121 131 130 138 132 134 137 136 125 120 124 112 95 80 74 66 66 42 33 17 10 7 6 5 4 3 2 2 1 1 2 2 1 0 1 1 1 2 2
184 192 199 206 216 226 230 224 217 211 206 200 194 188 180 176 172 166 158 151 138 130 124 121 118 109 90 78 75 91 107 113 125 139 142 133 132 135 135 121 112 110 118 95 82 73 65 63 66 28 19 12 8 8 6 5 4 3 3 2 1 13 2 1 1 1 1 1 2 2
181 186 196 203 210 217 219 215 210 205 200 195 190 183 177 172 166 160 152 145 137 128 119 119 123 114 82 79 68 83 99 107 115 124 125 125 125 125 126 119 112 107 103 98 83 72 63 64 76 41 24 16 11 11 8 7 5 4 6 2 4 7 2 1 1 1 1 2 2 2
175 181 188 195 201 205 206 204 200 197 192 188 183 178 173 167 160 154 145 135 127 121 114 116 113 110 85 77 69 78 94 99 102 107 103 103 121 118 119 119 114 109 102 94 86 75 66 62 72 54 39 20 15 15 11 9 7 6 9 3 6 3 2 2 1 1 2 3 4 2
167 175 181 186 191 193 194 192 190 188 185 182 178 173 167 162 155 147 138 127 118 112 106 104 102 105 91 78 69 80 87 95 96 96 91 97 115 115 119 121 116 111 105 98 91 84 72 60 60 61 73 26 20 19 14 11 9 8 11 3 12 5 3 2 2 1 3 6 2 1
162 164 171 178 181 183 182 181 180 180 177 177 172 167 161 156 149 142 131 121 114 110 102 101 100 108 74 63 68 78 86 95 96 93 94 111 116 111 113 119 119 114 108 99 95 95 82 70 68 57 56 54 25 23 29 15 12 10 6 5 15 8 5 3 2 2 2 2 1 1
155 158 161 167 173 171 175 172 171 172 170 170 166 159 155 152 144 136 127 116 105 96 98 98 103 69 59 57 62 85 93 92 90 89 94 104 109 112 108 110 115 119 109 100 96 94 91 87 80 64 60 67 32 28 34 20 17 13 9 15 14 15 6 4 2 2 1 1 1 1
148 151 153 156 157 161 162 162 164 163 162 162 158 154 151 146 140 134 124 112 97 88 87 98 64 61 58 54 92 97 97 83 77 81 87 94 100 105 102 103 111 124 114 103 101 101 102 105 108 78 63 55 69 34 31 24 18 16 10 14 15 15 11 10 3 2 1 1 1 0
143 147 146 148 150 152 155 155 156 156 155 155 154 149 146 141 137 132 125 113 90 79 84 68 64 61 60 91 98 90 80 72 69 74 80 86 90 93 92 94 103 115 113 107 106 107 109 108 104 90 72 75 74 41 37 34 24 17 13 19 18 12 8 6 4 3 1 1 1 0
136 138 141 143 143 145 145 145 146 148 148 146 145 143 140 137 134 129 122 113 90 79 72 66 63 63 73 79 85 79 71 66 68 72 77 81 81 80 79 81 94 108 116 114 114 110 135 128 109 96 89 80 106 48 44 49 33 24 27 29 24 12 9 16 4 3 1 1 1 0
130 130 133 135 138 138 140 139 139 139 140 140 139 136 134 134 127 121 115 104 96 81 70 65 61 73 76 77 75 70 66 65 68 75 81 80 78 74 74 76 90 110 119 115 116 112 148 142 112 96 100 104 111 79 52 54 43 34 29 49 22 15 10 16 4 3 2 1 1 0
126 124 124 130 132 133 135 135 133 135 135 133 131 132 128 126 122 119 112 104 92 76 69 64 66 70 74 73 69 63 61 63 68 77 90 81 77 75 74 78 84 102 109 107 106 143 156 142 124 101 103 102 102 80 60 59 45 43 38 51 43 18 13 9 5 3 2 1 1 0
121 121 120 122 126 127 128 130 128 129 130 129 126 124 124 121 118 116 111 95 81 76 68 75 77 73 69 69 63 57 56 59 66 74 80 78 77 77 74 73 79 92 96 95 99 118 159 140 127 129 111 99 82 81 71 63 54 52 42 48 32 28 16 11 7 4 2 1 1 0
118 119 118 120 120 122 123 124 123 123 124 124 121 120 117 118 115 113 94 89 87 83 84 77 72 66 69 61 56 50 50 53 61 69 75 75 75 77 72 68 76 82 89 98 109 115 124 149 167 154 129 93 77 77 72 59 57 52 52 40 30 27 20 11 7 4 3 2 1 0
115 116 117 116 118 118 118 118 119 118 119 118 120 114 112 110 111 96 88 92 90 72 71 65 62 57 54 51 46 42 42 49 58 66 73 71 71 75 71 70 74 75 77 88 103 125 133 148 165 154 122 92 85 75 96 56 46 50 58 42 31 27 25 14 7 4 3 2 2 1
114 114 114 115 115 116 114 115 117 114 114 113 110 110 107 104 110 89 96 112 74 67 60 55 51 45 42 40 38 36 39 46 55 64 68 71 76 88 78 72 73 70 72 77 98 123 149 148 182 179 122 105 96 100 75 54 44 51 66 45 34 32 25 19 10 5 4 8 4 1
111 111 111 112 112 111 112 110 109 108 108 108 107 102 103 97 97 77 88 100 70 55 57 49 42 38 36 33 32 33 37 46 56 67 71 75 84 86 79 85 75 66 60 61 78 123 149 158 167 172 145 112 96 97 80 61 47 79 67 45 33 36 33 28 14 9 9 20 2 1
108 108 109 109 110 108 108 106 105 104 103 101 100 97 93 89 84 66 68 57 50 49 58 47 38 32 30 28 29 32 40 50 62 81 97 98 94 92 89 89 78 63 53 47 48 89 138 138 142 152 133 116 91 87 75 66 68 78 75 44 31 39 41 44 31 27 12 4 1 0
106 106 107 107 107 105 106 103 102 102 99 98 94 90 86 80 73 57 48 47 45 45 58 45 33 27 22 23 26 34 46 63 84 107 121 117 108 99 92 84 73 61 50 44 45 75 109 103 81 82 95 124 113 93 98 72 70 90 84 54 36 36 37 62 66 40 12 2 1 0
103 102 103 104 103 103 102 100 99 98 97 95 91 88 78 71 70 54 47 44 50 53 49 37 28 22 19 19 23 34 54 81 109 137 145 131 116 103 92 81 69 57 49 44 46 58 72 76 74 76 101 105 115 117 92 69 78 95 77 96 52 29 31 70 64 42 8 2 0 0
99 100 101 101 101 100 100 98 96 95 93 94 89 84 76 71 62 54 48 45 52 48 44 32 23 19 17 18 22 36 58 88 117 141 146 133 117 103 90 77 66 55 47 43 46 57 75 83 90 112 131 136 127 104 86 74 65 58 60 92 95 38 41 90 61 26 4 1 0 0
96 97 98 98 98 98 98 95 95 95 92 91 89 83 74 71 61 55 50 45 43 41 45 31 22 17 15 17 22 36 62 86 110 127 131 125 113 99 85 73 61 52 45 41 47 66 80 102 127 149 125 119 110 91 80 77 55 50 48 76 103 62 48 46 16 8 2 1 1 0
93 94 96 97 97 94 97 98 95 91 93 88 87 84 80 68 62 58 51 40 33 33 42 35 23 17 14 16 22 36 57 81 100 113 118 113 104 92 80 69 57 49 42 38 41 68 78 112 153 132 113 93 87 76 70 63 74 45 41 64 109 69 38 25 11 4 2 1 1 1
90 91 93 92 92 91 90 93 90 92 90 83 87 85 81 72 61 56 46 37 27 23 22 27 21 16 14 16 22 34 55 75 92 101 104 102 95 85 74 63 53 45 40 37 40 56 80 106 131 114 99 78 65 59 52 47 57 37 40 57 65 55 27 16 9 5 2 2 2 1
