EcoCrop/data/climate/prec_4.asc
NCOLS 660 
NROWS 360 
XLLCORNER -20 
YLLCORNER -30 
CELLSIZE 0.1666667 
NODATA_value -3.4e+38 
[rows 124 to 154 of 360, columns 207 to 275 of 660]
34 36 38 38 36 33 32 32 30 28 29 31 34 34 33 33 34 35 36 36 36 36 37 39 39 39 40 40 41 41 41 42 42 43 43 43 43 43 43 43 42 42 41 40 39 37 37 36 33 32 31 30 28 28 26 23 22 19 18 17 17 18 20 22 24 25 26 27 27
38 39 40 40 38 36 34 33 31 27 28 31 31 32 34 35 35 37 40 39 41 37 37 38 40 41 42 42 43 43 44 44 45 45 46 47 47 47 47 46 46 45 44 43 42 41 40 38 37 37 34 33 35 32 31 28 25 23 22 22 22 23 25 26 29 29 30 31 31
42 42 44 43 41 38 37 35 34 33 33 34 32 33 34 33 33 36 42 39 38 39 39 40 42 43 44 44 45 45 46 47 48 49 50 51 52 52 51 50 49 48 47 46 45 44 44 42 40 38 38 38 37 36 35 30 29 27 27 31 27 29 30 32 33 34 36 36 36
46 47 46 45 43 41 40 39 39 38 37 38 38 39 36 34 31 29 38 39 40 41 42 43 44 45 46 46 47 48 49 49 51 54 53 55 56 55 55 54 53 52 51 50 49 47 48 47 44 43 43 42 39 38 37 36 34 33 33 36 35 35 36 38 39 40 40 41 41
50 50 50 48 46 43 42 43 43 42 41 40 40 37 34 35 35 36 41 42 43 44 45 46 47 47 48 49 49 50 51 52 53 57 59 58 62 62 59 60 59 57 55 54 55 54 52 52 50 49 48 45 43 42 40 40 38 37 39 38 40 40 42 42 44 47 47 47 47
56 54 53 51 50 48 47 48 48 46 45 42 39 35 33 39 39 40 43 45 46 47 48 49 49 50 50 51 52 52 53 54 55 57 59 61 63 66 63 63 62 62 60 59 57 57 56 55 53 52 49 50 48 46 45 42 42 43 43 43 44 45 47 49 51 53 53 54 54
61 59 58 56 55 53 52 53 53 53 51 46 40 35 32 37 39 40 43 49 50 51 52 52 52 53 53 53 53 55 55 56 58 59 61 63 65 68 67 66 66 66 64 63 61 60 60 58 57 55 53 52 50 49 48 47 47 49 49 49 51 52 53 55 57 59 60 60 60
71 68 64 64 59 57 57 57 56 57 54 48 42 38 37 37 40 42 45 50 53 54 56 56 56 56 55 56 56 56 57 58 60 61 63 65 66 69 70 70 70 69 67 67 66 64 64 61 60 59 57 54 54 54 52 52 52 53 53 53 55 57 59 60 63 64 65 66 65
79 72 68 66 63 61 59 56 56 54 51 47 44 43 42 43 44 46 49 53 56 58 60 60 60 59 58 58 58 58 59 60 61 63 65 66 68 69 71 72 73 72 71 70 69 67 67 65 63 61 61 59 57 57 56 56 56 57 57 58 60 61 64 66 67 69 70 70 70
83 78 71 68 65 62 59 58 60 53 51 46 45 46 46 46 47 50 54 57 61 64 65 64 64 62 62 60 60 59 60 62 63 65 66 68 69 71 72 74 74 74 74 73 72 70 70 69 67 65 64 63 60 60 60 60 62 61 62 63 64 66 67 70 72 73 75 75 75
87 82 79 75 73 66 62 60 64 55 53 50 50 49 49 50 53 56 59 62 66 70 71 70 68 66 63 61 61 61 61 61 64 66 67 69 71 72 73 78 79 78 76 77 76 75 74 73 71 68 67 66 66 65 65 66 66 66 67 68 69 71 72 75 76 77 79 79 80
93 89 86 80 85 69 67 68 68 59 55 54 53 53 53 55 59 61 64 68 72 75 77 75 72 68 65 62 62 62 62 64 66 68 70 71 74 75 76 78 79 81 81 81 80 80 79 77 74 72 71 70 70 71 69 70 70 71 72 73 73 75 77 79 81 82 83 84 83
109 96 97 85 77 79 74 74 68 64 60 59 58 57 59 60 62 65 70 74 77 82 84 81 76 71 66 63 63 64 65 66 67 70 72 74 76 77 79 80 81 83 85 84 85 85 82 81 79 76 74 74 73 73 74 74 75 75 76 78 78 80 81 83 84 86 87 88 88
113 105 89 96 89 92 85 77 71 67 65 62 61 62 64 66 67 70 74 78 82 85 86 84 79 74 68 63 61 63 66 69 71 72 74 75 77 79 81 83 85 86 88 89 90 90 88 86 83 81 79 78 76 77 77 78 79 80 81 82 83 85 86 88 89 90 90 92 92
105 102 105 103 97 92 87 77 76 71 67 65 65 66 67 69 71 75 78 82 85 89 89 87 82 76 70 66 63 67 69 72 75 75 77 78 80 81 84 85 87 89 92 94 95 94 93 90 88 85 83 80 80 82 82 83 85 86 86 88 89 90 91 91 93 93 94 95 95
117 113 109 105 101 99 89 84 82 74 73 70 70 70 71 73 76 79 82 85 89 92 92 92 86 82 75 71 70 70 74 76 78 79 81 83 83 84 86 88 90 95 98 100 102 101 99 96 94 90 86 84 84 85 87 88 92 91 91 93 94 94 95 96 96 98 98 98 99
114 112 112 104 106 101 96 90 86 82 77 71 72 73 75 78 80 82 84 87 92 95 97 95 91 86 81 77 76 76 77 81 83 83 85 86 86 87 88 90 92 96 102 105 109 108 106 103 100 96 91 87 85 91 93 94 97 97 96 99 98 99 99 100 102 101 101 102 102
114 113 111 108 106 103 97 92 88 86 74 72 75 76 78 81 82 85 87 90 95 97 99 97 93 89 85 82 81 82 84 86 87 87 89 89 90 90 91 91 93 97 102 108 111 111 111 110 107 104 100 94 92 98 99 102 102 102 103 105 104 104 105 105 106 105 106 105 106
117 118 109 109 109 105 102 95 91 81 77 78 80 82 83 85 89 89 92 94 96 98 98 97 94 93 90 86 86 86 88 90 92 92 92 93 95 93 93 92 94 98 105 110 113 115 116 117 115 113 109 106 105 106 107 109 110 108 109 109 110 109 110 111 110 110 110 110 109
119 118 114 105 109 110 108 101 93 88 87 86 87 87 87 91 93 95 96 99 98 99 98 97 96 93 91 90 89 91 94 96 98 100 100 98 99 98 96 96 98 102 107 112 116 119 121 123 125 123 121 119 117 116 116 116 116 115 114 115 114 114 115 115 114 115 115 114 113
121 117 115 109 111 101 105 102 100 96 99 95 95 94 94 97 98 99 99 99 99 100 99 98 97 94 93 92 93 95 100 102 105 105 106 104 102 102 101 100 102 105 109 114 119 123 127 131 134 136 133 130 127 125 124 125 123 122 120 120 119 119 119 120 120 119 119 118 118
122 119 115 116 105 104 105 109 103 101 103 100 101 99 102 103 105 104 102 100 101 101 100 100 98 96 94 92 96 99 104 109 110 112 113 109 106 106 106 106 106 109 112 116 121 125 131 137 143 147 144 140 136 134 133 131 130 129 126 125 126 125 126 125 125 124 124 123 122
122 122 118 113 112 116 105 106 109 105 106 108 106 109 110 111 110 107 104 102 102 101 100 102 101 99 99 97 100 104 111 113 116 118 116 116 113 113 112 110 109 111 114 119 124 128 134 141 147 152 151 148 145 142 141 138 137 135 132 132 131 130 130 130 130 129 129 128 126
124 124 118 116 113 114 108 105 113 111 104 110 114 116 120 120 116 110 105 103 101 101 104 104 102 100 103 103 106 112 115 118 120 122 123 121 119 117 116 113 112 113 118 120 124 130 136 141 147 152 153 152 150 148 148 145 143 140 138 138 137 136 133 134 135 134 134 134 134
126 126 120 119 117 119 111 111 114 116 116 116 115 121 124 125 119 113 106 106 104 101 103 104 102 103 105 108 111 115 119 124 126 127 127 126 124 122 121 117 113 115 118 122 124 129 136 140 145 150 153 155 155 155 154 152 149 145 144 142 141 139 139 140 139 140 141 140 139
125 126 125 124 122 116 118 115 115 118 119 119 118 118 125 124 119 115 110 108 105 104 103 104 105 106 109 113 116 121 126 129 131 133 133 131 130 128 127 123 117 120 122 124 125 131 132 138 144 150 154 158 160 161 159 157 154 152 149 147 146 145 143 142 146 145 148 148 149
128 128 128 128 128 123 122 117 113 116 118 120 119 121 121 122 120 117 114 111 109 109 106 104 109 110 114 117 122 127 135 137 139 137 140 138 136 134 133 130 128 126 126 125 127 129 129 135 142 148 155 160 164 166 166 163 158 156 155 152 151 147 146 146 150 152 153 155 157
129 131 134 133 133 130 129 122 117 115 117 122 121 120 121 122 122 118 118 116 107 107 106 106 114 117 123 124 133 137 140 143 146 144 142 140 142 140 136 135 132 130 129 126 127 124 126 133 140 147 155 161 167 171 172 169 165 162 160 157 155 153 152 153 155 159 162 163 164
131 136 141 144 139 137 135 129 121 119 121 122 120 122 121 122 120 119 115 115 110 110 110 111 116 120 127 131 137 143 149 151 149 149 146 145 142 141 140 137 136 134 131 131 127 124 124 132 139 147 155 162 168 173 175 173 169 166 164 161 160 159 159 161 162 166 169 171 175
137 146 151 153 148 145 136 128 125 124 121 123 125 123 121 123 121 121 117 115 114 114 116 121 128 127 130 134 143 147 152 155 153 152 150 147 144 143 141 140 141 138 134 132 129 127 129 135 140 148 156 162 168 172 174 173 170 169 166 166 164 164 164 165 169 171 175 179 182
147 157 164 165 162 153 144 133 127 124 124 123 127 125 128 125 121 122 120 123 117 119 121 125 126 131 136 139 146 145 147 152 150 150 150 148 147 145 146 143 142 138 135 134 132 132 133 137 143 149 156 161 167 170 173 173 172 171 169 168 167 168 168 170 172 175 179 182 183
