EcoCrop/data/climate/prec_2.asc
NCOLS 660 
NROWS 360 
XLLCORNER -20 
YLLCORNER -30 
CELLSIZE 0.1666667 
NODATA_value -3.4e+38 
[rows 124 to 154 of 360, columns 280 to 349 of 660]
0 0 0 0 0 0 0 0 0 0 0 0 0 0 0 0 0 0 0 0 0 0 0 0 0 0 0 0 0 0 0 0 0 0 0 0 0 1 1 1 1 1 2 2 2 4 5 11 9 9 10 11 11 10 10 8 5 6 8 10 13 18 20 21 21 21 21 23 36 31
0 0 0 0 0 0 0 0 0 0 0 0 0 0 0 0 0 0 0 0 0 0 0 0 0 0 0 0 0 0 0 0 0 0 0 0 1 1 1 1 1 2 2 2 4 8 5 11 11 12 13 14 14 12 11 10 7 7 12 18 21 21 26 25 33 27 28 29 33 33
0 0 0 0 0 0 0 0 0 0 0 0 0 0 0 0 0 0 0 0 0 0 0 0 0 0 0 0 0 0 0 0 0 0 0 1 1 1 1 1 2 2 2 2 3 4 6 11 14 15 15 16 17 16 14 12 11 14 14 18 19 26 28 29 30 33 34 35 35 32
0 0 0 0 0 0 0 0 0 0 0 0 0 0 0 0 0 0 0 0 0 0 0 0 0 0 0 0 0 0 0 0 0 0 1 1 1 1 2 2 2 2 2 3 3 4 5 14 18 15 17 15 18 19 18 20 15 20 15 26 23 27 31 33 34 35 39 41 37 35
1 1 1 0 0 0 0 0 0 0 0 0 0 0 0 0 0 0 0 0 0 0 0 0 0 0 0 0 0 0 0 0 0 1 1 1 1 2 2 2 3 3 3 3 4 4 5 15 20 19 17 20 22 23 23 25 25 22 20 22 25 30 35 34 37 38 39 40 39 38
1 1 1 1 1 1 1 1 1 1 1 1 1 1 1 0 0 0 0 0 0 0 0 0 0 0 0 0 0 0 1 1 1 1 1 1 2 2 3 3 3 3 4 4 4 5 6 13 18 18 19 19 26 26 26 24 28 29 31 31 30 36 37 36 36 36 38 40 38 43
2 1 1 1 1 1 1 1 1 1 1 1 1 1 1 0 0 0 0 0 0 0 0 0 0 0 0 0 1 1 1 1 1 1 2 2 2 3 3 4 4 4 5 5 6 6 7 9 12 21 21 30 30 31 32 36 34 38 38 39 33 44 42 41 37 32 37 38 38 53
3 2 2 2 2 2 2 2 2 1 1 1 1 1 1 1 0 0 0 0 0 0 0 0 0 0 0 1 1 1 1 1 1 2 2 2 3 3 4 4 5 5 6 7 9 11 13 15 16 21 35 28 38 39 41 44 44 43 42 42 38 46 46 39 38 32 34 33 45 56
3 3 3 2 2 2 2 2 2 2 2 1 1 1 1 1 1 1 0 0 0 0 0 0 0 1 1 1 1 1 1 1 2 2 2 3 3 4 5 5 6 7 8 10 13 17 21 21 21 24 41 32 38 41 48 50 50 49 49 42 46 48 43 41 37 35 32 44 42 41
4 4 4 3 3 3 3 3 3 3 2 2 1 1 1 1 1 1 1 1 1 1 1 1 1 1 1 1 1 1 2 2 2 2 3 3 4 5 6 7 8 9 11 13 18 23 30 27 26 31 45 42 52 47 53 56 55 56 54 54 52 49 47 41 35 33 30 42 36 39
5 4 4 4 4 4 4 4 4 3 3 2 2 2 1 1 1 1 1 1 1 1 1 1 1 1 1 1 1 2 2 2 3 3 3 4 5 6 7 8 9 11 13 16 20 25 30 30 29 27 30 53 51 58 61 56 59 56 58 57 53 51 46 42 38 35 36 37 35 35
6 5 5 5 5 5 4 4 4 3 3 2 2 2 2 2 1 1 1 1 1 1 1 1 1 1 1 2 2 2 2 3 3 3 4 5 6 6 8 9 10 12 15 18 21 25 28 28 29 29 30 36 61 63 66 68 67 67 51 54 56 53 49 50 30 39 43 37 36 39
6 6 6 6 5 5 5 5 4 4 3 3 2 2 2 2 2 2 2 2 2 2 2 2 2 2 2 2 2 2 3 3 3 4 5 5 6 7 8 10 11 13 16 19 22 25 27 29 28 29 30 36 41 44 62 73 72 73 66 66 49 47 36 46 30 42 41 37 40 46
7 7 7 6 6 6 6 6 5 4 4 3 3 3 3 2 2 2 2 2 2 2 2 2 2 2 2 2 3 3 3 3 4 5 5 6 7 8 9 11 12 14 17 19 22 24 26 28 30 31 30 33 51 59 66 64 80 65 74 69 64 53 52 45 35 44 46 56 42 52
8 8 7 7 7 7 7 6 6 5 5 4 4 4 3 3 3 3 3 3 3 3 3 3 3 3 3 3 3 3 3 4 4 5 6 7 8 9 10 11 13 15 17 20 22 24 26 28 29 37 35 34 37 72 75 47 53 64 53 55 41 60 49 48 28 38 49 48 51 54
9 9 8 8 8 8 7 7 6 6 5 5 5 4 4 4 4 4 3 3 3 3 3 3 3 3 3 3 3 4 4 4 5 6 6 7 8 9 11 12 14 16 18 20 22 24 26 28 29 33 63 40 40 57 72 75 43 50 37 44 52 50 52 26 48 38 43 39 30 52
10 10 9 9 9 9 8 8 8 7 6 6 6 5 5 5 5 5 4 4 4 4 4 4 4 4 3 4 4 4 4 5 5 6 7 8 9 10 11 13 14 16 18 20 22 25 26 29 30 30 34 37 55 58 58 51 37 56 75 37 57 41 37 45 47 28 28 22 29 45
11 10 10 10 10 10 10 8 9 8 7 7 7 7 6 6 6 5 5 5 5 4 4 4 4 4 4 4 4 4 5 5 6 7 8 8 9 11 12 13 15 16 18 20 22 24 27 30 31 33 35 38 39 54 51 60 35 38 38 59 67 67 34 29 42 39 21 20 23 33
12 11 12 11 11 11 10 10 10 9 9 8 9 8 7 7 7 6 6 6 6 5 5 5 5 5 5 4 4 5 5 6 7 7 8 9 10 11 12 14 15 17 18 21 22 26 28 39 35 34 43 63 48 68 51 33 35 64 38 56 65 46 47 30 53 54 22 20 31 46
13 13 13 13 13 12 11 11 12 11 10 10 10 9 9 8 8 8 7 7 7 6 6 6 5 5 5 5 5 5 6 7 7 8 9 10 11 12 13 14 15 17 18 20 22 24 33 39 37 43 48 56 53 69 45 32 33 39 35 66 54 39 35 51 46 26 23 23 34 50
15 14 14 14 14 14 13 13 13 12 12 11 11 11 10 10 9 9 9 8 8 7 7 7 7 6 6 6 6 7 7 8 8 9 9 10 11 12 13 14 16 17 19 20 22 24 26 30 38 39 45 51 41 45 42 39 33 37 37 65 40 53 36 45 32 23 26 25 21 45
15 16 16 16 15 15 15 14 14 14 13 13 12 13 12 11 11 10 10 10 9 8 8 8 7 7 7 7 7 8 8 9 9 10 10 11 11 12 13 14 16 17 18 20 22 24 26 28 43 39 42 51 39 36 36 32 37 40 31 58 59 39 25 28 29 24 31 22 20 29
16 17 18 19 18 17 16 16 15 16 15 15 14 14 14 13 13 12 12 11 11 10 9 9 8 8 8 8 8 9 10 10 10 10 11 11 12 13 14 15 16 17 18 20 21 23 25 27 45 43 38 51 38 34 37 31 51 28 36 46 47 25 26 55 29 38 17 22 25 25
18 19 20 21 20 19 18 18 17 18 17 17 16 15 16 15 15 14 13 13 12 11 10 10 9 9 9 8 9 10 11 10 10 10 11 11 12 13 14 15 16 17 18 20 21 23 25 28 32 34 34 39 35 32 31 29 29 28 37 49 31 26 25 40 25 21 19 30 27 21
20 21 21 22 22 21 20 20 19 19 20 19 19 18 18 17 17 16 16 15 15 13 12 11 10 10 9 9 9 9 10 10 10 11 11 12 12 13 14 15 16 17 18 20 21 23 24 28 29 33 31 33 34 31 30 29 28 27 37 45 47 23 21 33 26 18 18 19 27 22
22 22 23 23 23 22 22 22 21 21 21 21 21 20 20 20 19 19 18 18 17 15 14 13 11 10 10 9 8 8 9 10 10 11 11 12 12 13 14 15 16 17 19 20 21 22 24 26 27 28 29 30 30 29 28 28 26 28 39 39 48 22 27 36 29 24 19 21 31 23
24 24 24 25 24 24 24 24 23 22 23 23 23 23 22 22 22 23 21 20 19 18 15 14 13 11 10 10 8 7 8 9 10 11 12 12 13 13 14 15 16 17 18 21 22 23 24 25 26 26 35 28 30 34 27 26 25 27 33 37 22 21 43 35 41 22 19 25 39 24
27 26 26 26 25 26 25 24 24 24 25 25 25 25 25 26 26 25 25 23 22 20 17 15 15 12 11 10 9 9 10 11 11 12 12 13 15 14 14 15 15 17 18 20 21 23 23 24 25 26 27 47 31 34 26 25 23 24 28 34 21 20 32 29 28 23 22 23 35 30
30 29 28 28 27 26 27 26 27 26 28 27 28 28 28 28 30 30 30 27 24 22 19 18 15 15 13 11 10 10 11 13 12 13 13 13 14 14 14 14 15 16 17 20 21 22 23 23 24 24 25 34 28 29 27 24 21 20 24 28 20 19 51 26 26 23 24 24 24 29
33 31 30 30 29 28 28 27 28 28 30 31 31 31 32 32 32 32 33 30 26 24 22 18 17 15 15 12 11 12 12 14 14 14 14 14 14 14 14 15 17 17 18 19 20 21 27 23 23 23 23 24 26 25 29 21 17 16 19 25 19 21 33 25 25 23 23 27 29 29
36 34 33 32 30 29 29 28 29 30 32 32 33 34 33 34 34 34 34 33 29 26 23 20 17 16 14 13 12 13 14 14 15 16 16 16 17 15 16 15 17 25 16 15 18 20 22 22 22 22 22 22 23 25 27 17 14 13 16 19 20 23 24 21 22 20 21 33 33 32
