EcoCrop/data/climate/prec_2.asc
NCOLS 660 
NROWS 360 
XLLCORNER -20 
YLLCORNER -30 
CELLSIZE 0.1666667 
NODATA_value -3.4e+38 
[rows 0 to 30 of 360, columns 350 to 419 of 660]
4 4 4 4 4 4 5 4 4 4 4 4 4 5 6 6 6 7 7 7 7 8 8 8 8 8 8 9 9 9 10 10 11 13 14 15 16 17 18 19 19 19 19 20 20 20 19 19 17 16 15 14 13 12 11 10 11 14 17 20 -3.4e+38 -3.4e+38 -3.4e+38 -3.4e+38 -3.4e+38 -3.4e+38 -3.4e+38 -3.4e+38 -3.4e+38 -3.4e+38
4 4 3 4 4 4 4 4 4 4 3 4 4 5 5 6 6 6 7 7 7 8 8 8 8 8 9 9 9 9 10 10 11 13 14 15 16 17 18 19 20 20 20 20 21 21 20 20 19 17 16 15 13 12 11 11 11 13 16 19 -3.4e+38 -3.4e+38 -3.4e+38 -3.4e+38 -3.4e+38 -3.4e+38 -3.4e+38 -3.4e+38 -3.4e+38 -3.4e+38
4 3 3 4 4 4 3 3 3 3 4 4 4 5 5 6 6 7 7 7 7 8 8 9 9 9 9 9 9 10 10 11 12 13 14 16 17 18 19 20 21 21 22 22 22 22 22 21 20 19 17 15 14 13 12 11 12 13 15 -3.4e+38 -3.4e+38 -3.4e+38 -3.4e+38 -3.4e+38 -3.4e+38 -3.4e+38 -3.4e+38 -3.4e+38 -3.4e+38 -3.4e+38
3 3 4 3 4 4 4 4 3 3 4 4 5 5 5 6 7 7 7 7 8 8 8 9 9 9 10 10 10 10 11 11 12 13 15 16 17 18 19 21 22 23 23 24 24 24 23 23 22 20 19 17 16 14 13 12 11 -3.4e+38 -3.4e+38 -3.4e+38 -3.4e+38 -3.4e+38 -3.4e+38 -3.4e+38 -3.4e+38 -3.4e+38 -3.4e+38 -3.4e+38 -3.4e+38 -3.4e+38
3 4 4 4 4 4 4 5 4 4 4 4 5 5 6 6 6 7 7 8 8 8 9 9 10 10 10 10 10 11 11 12 13 14 15 17 18 19 20 22 23 24 25 25 26 26 25 25 23 22 20 19 17 15 14 13 12 12 14 -3.4e+38 -3.4e+38 -3.4e+38 -3.4e+38 -3.4e+38 -3.4e+38 -3.4e+38 -3.4e+38 -3.4e+38 -3.4e+38 -3.4e+38
4 3 4 4 4 4 4 4 4 4 4 5 5 5 6 6 7 7 7 8 8 8 9 9 10 10 10 11 11 12 12 13 14 15 16 17 19 20 21 23 24 25 26 27 28 28 28 27 25 23 22 20 18 17 15 14 13 13 13 -3.4e+38 -3.4e+38 -3.4e+38 -3.4e+38 -3.4e+38 -3.4e+38 -3.4e+38 -3.4e+38 -3.4e+38 -3.4e+38 -3.4e+38
4 4 4 4 4 4 4 5 5 5 5 5 5 6 6 6 7 7 8 8 9 9 9 10 10 11 11 11 12 12 13 14 15 16 17 18 19 21 22 24 25 27 28 29 30 30 30 29 27 26 24 22 20 18 16 15 14 13 13 -3.4e+38 -3.4e+38 -3.4e+38 -3.4e+38 -3.4e+38 -3.4e+38 -3.4e+38 -3.4e+38 -3.4e+38 -3.4e+38 -3.4e+38
4 4 4 4 4 4 5 5 5 5 5 5 6 6 6 7 7 7 8 8 9 9 10 10 11 11 11 12 12 13 14 14 15 17 18 19 20 22 23 25 26 28 30 31 32 33 33 31 30 28 25 23 21 19 18 16 15 14 14 14 -3.4e+38 -3.4e+38 -3.4e+38 -3.4e+38 -3.4e+38 -3.4e+38 -3.4e+38 -3.4e+38 -3.4e+38 -3.4e+38
4 4 4 4 4 4 4 5 5 5 5 6 6 6 6 7 7 8 8 9 9 10 10 11 11 12 12 13 13 14 15 15 16 17 19 20 21 23 24 26 27 29 31 33 34 36 35 35 32 30 27 24 22 20 19 17 16 15 14 14 -3.4e+38 -3.4e+38 -3.4e+38 -3.4e+38 -3.4e+38 -3.4e+38 -3.4e+38 -3.4e+38 -3.4e+38 -3.4e+38
4 4 4 4 4 4 4 5 5 5 6 6 6 6 7 7 8 8 8 9 9 10 10 11 11 12 13 13 14 14 15 16 17 18 19 20 22 23 25 26 28 30 32 34 36 38 39 37 34 31 28 26 23 21 19 18 17 16 15 14 14 -3.4e+38 -3.4e+38 -3.4e+38 -3.4e+38 -3.4e+38 -3.4e+38 -3.4e+38 -3.4e+38 -3.4e+38
4 4 4 4 4 4 5 5 5 5 6 6 6 7 7 7 8 9 9 9 10 10 11 11 12 12 13 13 14 15 16 16 18 19 20 21 22 24 25 27 29 30 33 35 37 39 41 38 35 32 29 26 24 22 20 19 18 16 16 15 14 15 -3.4e+38 -3.4e+38 -3.4e+38 -3.4e+38 -3.4e+38 -3.4e+38 -3.4e+38 -3.4e+38
4 4 4 4 4 5 5 5 5 6 6 6 7 7 7 8 8 9 9 10 10 11 11 12 12 13 13 14 14 15 15 17 18 19 20 21 23 24 26 27 29 31 33 34 36 38 38 37 34 32 29 27 24 22 20 19 18 17 16 15 15 15 -3.4e+38 -3.4e+38 -3.4e+38 -3.4e+38 -3.4e+38 -3.4e+38 -3.4e+38 -3.4e+38
4 4 4 4 5 5 5 5 5 6 6 6 7 7 8 8 8 9 10 10 11 11 11 12 12 12 13 14 14 15 16 17 18 19 20 22 23 25 26 27 29 30 32 34 35 36 36 35 33 31 28 26 24 23 21 20 18 17 17 16 15 15 16 -3.4e+38 -3.4e+38 -3.4e+38 -3.4e+38 -3.4e+38 -3.4e+38 -3.4e+38
4 4 4 4 5 5 5 5 6 6 6 6 6 7 7 8 9 9 10 11 12 12 12 12 12 13 13 14 15 15 16 17 18 19 21 22 23 25 26 27 28 30 31 33 33 34 34 33 31 29 27 26 24 22 21 20 19 18 17 16 16 16 16 -3.4e+38 -3.4e+38 -3.4e+38 -3.4e+38 -3.4e+38 -3.4e+38 -3.4e+38
4 4 4 4 5 5 5 5 5 6 8 6 6 6 7 8 9 9 12 14 12 13 12 12 13 13 13 14 14 15 16 17 18 19 21 22 23 24 26 27 28 30 31 31 32 32 32 31 30 28 27 24 23 22 21 19 18 18 17 16 16 16 16 -3.4e+38 -3.4e+38 -3.4e+38 -3.4e+38 -3.4e+38 -3.4e+38 -3.4e+38
4 4 5 5 5 5 5 5 5 5 7 6 6 7 8 8 8 9 12 11 12 13 12 13 12 13 13 13 14 15 16 17 18 19 21 21 23 24 25 27 28 29 30 30 30 30 30 29 28 27 26 24 23 21 20 19 18 18 17 17 16 16 16 16 17 -3.4e+38 -3.4e+38 -3.4e+38 -3.4e+38 -3.4e+38
4 5 4 5 5 5 5 5 5 5 6 6 6 7 7 8 9 11 11 11 12 12 12 13 12 13 13 13 14 15 15 17 18 19 21 22 23 24 25 27 27 28 28 29 29 29 28 28 27 26 25 24 22 21 20 19 18 18 17 16 16 16 16 16 17 17 -3.4e+38 -3.4e+38 -3.4e+38 -3.4e+38
5 5 5 5 5 5 6 6 5 6 6 6 6 7 7 9 9 10 11 11 11 11 13 13 13 12 13 13 13 14 15 16 17 19 20 22 23 24 25 26 27 27 27 28 27 27 27 26 25 25 24 23 21 20 20 19 18 18 17 17 16 16 16 16 17 17 18 19 -3.4e+38 -3.4e+38
5 5 5 5 5 5 5 5 6 6 6 6 6 8 8 9 9 9 10 11 11 11 12 12 12 12 12 12 13 13 14 15 17 19 20 21 23 24 25 26 26 26 26 26 26 26 25 25 24 23 22 22 21 20 19 18 18 17 16 17 16 16 16 16 17 17 18 18 19 -3.4e+38
5 5 5 5 5 5 5 5 5 5 6 6 6 7 7 8 8 8 9 10 10 10 11 12 12 12 12 12 13 13 14 15 16 18 20 21 23 24 24 25 25 25 25 25 25 25 24 23 22 22 21 21 20 19 19 18 17 17 16 16 16 16 16 16 16 17 18 18 19 20
4 5 5 5 5 5 5 5 6 6 7 7 6 6 7 7 8 8 8 8 11 9 10 11 11 11 11 12 12 12 13 14 15 18 20 22 23 23 24 24 24 24 24 24 23 23 23 22 21 21 20 20 19 18 18 17 17 16 16 16 16 16 16 16 16 17 17 18 18 19
5 6 6 5 5 5 5 5 6 6 7 6 6 6 6 7 7 7 8 8 8 8 9 10 11 11 11 11 11 11 12 12 14 18 21 22 22 23 22 23 23 23 23 23 22 22 21 21 20 20 19 19 18 18 17 17 16 16 16 16 16 16 15 16 16 17 17 17 17 18
3 4 6 6 6 5 5 5 6 7 6 6 5 5 6 6 6 7 7 7 7 8 8 9 9 10 10 10 11 11 11 11 12 17 21 21 22 21 21 22 22 22 22 21 21 21 20 20 19 18 18 18 17 17 16 16 15 15 15 15 15 15 16 15 16 16 17 16 16 16
3 3 3 4 4 4 3 4 5 6 6 5 5 6 5 5 6 6 6 6 7 7 7 8 9 9 9 10 10 10 10 11 13 16 18 19 20 20 20 20 21 21 20 20 19 19 19 18 17 17 17 16 16 16 15 15 15 15 15 15 15 15 15 14 15 16 16 15 16 15
3 3 3 3 3 3 3 4 5 7 6 5 5 5 5 5 5 6 6 6 6 7 7 7 8 8 8 9 9 9 10 11 13 15 17 17 19 19 19 18 20 19 19 19 18 18 17 17 16 16 16 15 15 15 14 14 14 14 14 14 14 14 15 14 15 16 15 15 15 15
2 3 2 3 3 3 3 4 5 7 6 5 5 5 5 5 5 5 6 6 6 6 6 7 7 7 8 8 9 9 10 11 12 14 15 16 17 17 17 17 17 18 18 17 17 16 15 15 15 15 15 14 14 14 14 13 13 14 14 14 14 14 14 14 14 15 16 14 14 15
2 2 2 2 3 3 3 3 4 5 6 5 5 5 5 5 5 5 5 5 6 6 6 6 7 7 7 8 8 9 10 11 12 13 14 15 15 16 16 16 16 16 17 16 15 14 14 13 14 14 13 13 13 13 13 13 13 13 13 13 13 14 14 13 14 15 15 14 14 14
2 2 2 2 3 3 3 3 4 5 5 4 4 4 4 5 5 5 5 5 5 5 6 6 6 7 8 8 8 9 10 11 11 12 13 14 14 14 15 15 15 14 14 15 14 13 13 12 12 13 12 12 12 12 12 12 12 12 12 12 13 13 13 13 14 14 14 14 14 14
3 2 2 2 3 3 3 3 3 4 4 4 3 4 4 4 4 5 5 5 5 5 5 6 6 7 7 7 8 9 10 10 11 11 12 13 13 13 13 14 14 13 13 12 12 13 13 11 11 10 11 11 11 11 11 11 11 12 12 12 12 12 13 13 13 14 13 13 13 14
2 3 3 2 2 2 2 3 3 3 3 3 3 3 3 4 4 4 4 4 5 5 5 5 6 6 7 7 8 8 10 10 10 10 11 11 12 12 12 13 12 12 12 12 11 12 11 11 10 10 9 10 10 10 10 11 11 11 11 11 12 12 12 13 13 13 13 13 13 14
2 3 4 2 2 2 2 2 3 3 2 2 2 3 3 3 4 4 4 4 4 4 5 5 5 6 7 7 7 8 9 9 10 10 10 11 11 11 11 11 12 11 11 11 10 10 12 10 9 9 8 9 9 9 10 10 10 11 11 11 11 11 12 12 12 12 12 13 13 13
