EcoCrop/data/climate/prec_6.asc
NCOLS 660 
NROWS 360 
XLLCORNER -20 
YLLCORNER -30 
CELLSIZE 0.1666667 
NODATA_value -3.4e+38 
[rows 279 to 309 of 360, columns 280 to 349 of 660]
1 1 1 1 1 1 1 1 1 1 1 1 1 0 0 1 2 2 2 2 2 2 2 2 2 2 1 2 2 2 2 2 2 4 4 4 4 4 4 4 5 6 7 7 8 10 12 14 17 19 27 23 27 38 45 49 47 50 43 42 42 39 37 40 44 44 46 47 47 47
1 1 1 1 1 1 1 1 1 1 1 1 1 1 1 2 2 3 3 2 2 2 2 2 2 3 2 2 2 2 2 2 4 4 4 4 5 3 4 4 5 7 7 9 11 10 11 13 15 20 24 23 23 26 28 35 39 40 43 39 35 32 35 39 43 48 50 52 52 51
1 1 1 1 1 1 1 1 1 1 1 1 1 1 1 2 3 3 3 2 2 2 2 3 1 3 2 2 2 2 2 3 4 5 5 4 4 3 4 4 5 7 8 9 10 11 11 12 13 16 21 20 20 22 27 28 29 32 35 34 34 32 35 41 45 51 53 57 58 57
1 1 1 1 1 1 1 1 1 1 1 1 1 1 1 2 2 1 2 3 3 2 2 3 2 3 2 2 2 2 2 3 4 5 6 5 4 4 4 5 6 7 9 11 11 12 12 11 11 12 23 17 18 20 23 22 25 28 30 32 34 37 38 43 48 53 57 62 64 62
1 1 1 1 1 1 1 1 1 1 1 1 1 1 1 1 1 1 2 3 3 3 3 3 3 4 3 3 2 1 2 3 4 5 5 5 4 4 5 7 8 9 11 12 13 13 13 14 11 11 17 16 19 21 21 20 21 27 29 34 36 39 41 47 52 56 60 65 67 -3.4e+38
1 1 1 1 1 1 1 1 1 1 1 1 1 1 1 1 1 1 2 3 3 3 3 3 4 3 3 4 3 3 3 3 4 4 4 5 4 6 7 9 11 12 13 14 16 16 17 16 15 15 16 18 22 23 22 22 25 28 33 35 39 41 45 50 55 59 62 -3.4e+38 -3.4e+38 -3.4e+38
1 1 1 1 1 1 1 1 1 1 1 1 1 1 1 1 1 1 1 2 3 3 2 3 3 2 3 4 4 4 4 3 4 4 4 5 6 8 11 13 15 16 16 18 19 20 21 21 21 21 21 24 26 27 27 27 29 32 36 39 43 46 50 54 57 -3.4e+38 -3.4e+38 -3.4e+38 -3.4e+38 -3.4e+38
1 1 1 1 1 1 1 1 1 1 1 1 1 1 1 1 1 1 1 2 2 3 2 2 3 3 4 4 4 4 4 3 3 3 4 5 7 12 15 16 19 20 20 22 23 23 25 27 28 28 28 30 31 33 33 34 35 37 41 45 49 53 56 -3.4e+38 -3.4e+38 -3.4e+38 -3.4e+38 -3.4e+38 -3.4e+38 -3.4e+38
0 1 1 1 1 1 1 1 1 1 1 1 1 1 1 1 1 1 1 1 2 3 2 2 3 3 4 5 4 3 3 3 3 3 3 6 13 15 20 20 22 22 23 24 25 26 28 31 34 34 33 34 36 38 40 38 39 42 46 51 55 60 -3.4e+38 -3.4e+38 -3.4e+38 -3.4e+38 -3.4e+38 -3.4e+38 -3.4e+38 -3.4e+38
0 0 1 1 1 1 1 1 1 1 1 1 1 1 1 1 1 1 1 1 1 2 2 1 3 3 4 5 5 6 5 4 4 4 5 7 21 20 27 23 24 25 26 26 27 28 30 33 36 36 36 36 38 39 38 38 41 46 51 56 60 63 -3.4e+38 -3.4e+38 -3.4e+38 -3.4e+38 -3.4e+38 -3.4e+38 -3.4e+38 -3.4e+38
0 0 1 0 1 1 1 1 1 0 0 1 1 2 1 1 1 1 2 2 2 2 2 2 2 3 3 5 7 7 6 6 5 5 9 10 17 57 29 26 25 27 27 29 29 30 31 33 34 35 35 37 38 38 37 36 42 50 57 61 63 -3.4e+38 -3.4e+38 -3.4e+38 -3.4e+38 -3.4e+38 -3.4e+38 -3.4e+38 -3.4e+38 -3.4e+38
0 0 0 0 1 1 1 1 0 0 0 0 1 1 2 2 1 2 2 2 2 2 2 2 3 3 3 5 5 7 7 7 6 7 13 19 29 28 26 27 26 27 27 29 48 29 30 31 32 33 34 36 38 38 38 39 46 55 64 66 -3.4e+38 -3.4e+38 -3.4e+38 -3.4e+38 -3.4e+38 -3.4e+38 -3.4e+38 -3.4e+38 -3.4e+38 -3.4e+38
0 0 0 1 1 1 1 1 1 0 0 0 1 1 1 2 2 2 2 2 2 3 3 3 3 3 3 4 5 7 8 8 8 8 9 12 14 42 23 22 27 24 26 27 30 29 28 30 32 33 35 37 38 39 41 44 50 59 66 -3.4e+38 -3.4e+38 -3.4e+38 -3.4e+38 -3.4e+38 -3.4e+38 -3.4e+38 -3.4e+38 -3.4e+38 -3.4e+38 -3.4e+38
0 0 0 1 1 1 1 1 1 1 0 0 0 1 2 2 2 2 2 2 2 3 4 4 4 4 4 4 5 7 7 6 7 8 7 14 35 17 20 21 21 22 23 25 28 25 26 28 32 34 35 37 39 41 43 47 52 58 -3.4e+38 -3.4e+38 -3.4e+38 -3.4e+38 -3.4e+38 -3.4e+38 -3.4e+38 -3.4e+38 -3.4e+38 -3.4e+38 -3.4e+38 -3.4e+38
0 0 1 1 1 1 0 0 1 1 1 1 1 2 2 3 3 3 3 3 3 3 3 4 5 5 5 5 5 6 6 6 6 7 6 8 14 13 16 19 21 21 23 23 25 23 25 27 32 34 36 38 40 42 45 49 -3.4e+38 -3.4e+38 -3.4e+38 -3.4e+38 -3.4e+38 -3.4e+38 -3.4e+38 -3.4e+38 -3.4e+38 -3.4e+38 -3.4e+38 -3.4e+38 -3.4e+38 -3.4e+38
1 1 1 1 1 1 1 0 1 1 1 1 2 2 3 3 4 4 4 4 3 3 3 4 5 5 5 5 6 5 5 5 5 7 12 20 24 12 14 16 19 22 22 20 20 21 23 27 32 34 37 39 41 43 -3.4e+38 -3.4e+38 -3.4e+38 -3.4e+38 -3.4e+38 -3.4e+38 -3.4e+38 -3.4e+38 -3.4e+38 -3.4e+38 -3.4e+38 -3.4e+38 -3.4e+38 -3.4e+38 -3.4e+38 -3.4e+38
1 2 2 2 2 2 1 1 1 1 1 2 2 3 3 3 3 4 5 4 4 3 4 4 5 6 6 6 7 5 5 5 4 6 6 8 12 12 13 14 17 19 17 18 19 19 22 26 31 34 37 39 41 -3.4e+38 -3.4e+38 -3.4e+38 -3.4e+38 -3.4e+38 -3.4e+38 -3.4e+38 -3.4e+38 -3.4e+38 -3.4e+38 -3.4e+38 -3.4e+38 -3.4e+38 -3.4e+38 -3.4e+38 -3.4e+38 -3.4e+38
2 2 2 2 2 2 2 1 1 1 1 2 3 3 3 2 3 3 4 5 5 5 5 6 5 5 7 7 6 5 5 5 4 3 4 6 27 12 14 15 17 18 16 17 18 19 22 26 31 34 37 40 42 -3.4e+38 -3.4e+38 -3.4e+38 -3.4e+38 -3.4e+38 -3.4e+38 -3.4e+38 -3.4e+38 -3.4e+38 -3.4e+38 -3.4e+38 -3.4e+38 -3.4e+38 -3.4e+38 -3.4e+38 -3.4e+38 -3.4e+38
2 2 2 2 2 2 2 1 1 1 1 2 3 3 2 2 2 3 4 5 5 6 6 6 6 6 7 6 6 6 5 6 4 3 4 9 14 16 16 17 19 14 15 17 18 20 22 26 31 35 38 40 -3.4e+38 -3.4e+38 -3.4e+38 -3.4e+38 -3.4e+38 -3.4e+38 -3.4e+38 -3.4e+38 -3.4e+38 -3.4e+38 -3.4e+38 -3.4e+38 -3.4e+38 -3.4e+38 -3.4e+38 -3.4e+38 -3.4e+38 -3.4e+38
2 2 2 2 2 2 2 1 1 1 1 2 3 3 3 2 2 3 4 4 5 5 6 6 6 6 7 7 7 7 7 5 5 3 3 9 22 29 41 26 15 15 16 16 18 20 22 25 -3.4e+38 36 -3.4e+38 -3.4e+38 -3.4e+38 -3.4e+38 -3.4e+38 -3.4e+38 -3.4e+38 -3.4e+38 -3.4e+38 -3.4e+38 -3.4e+38 -3.4e+38 -3.4e+38 -3.4e+38 -3.4e+38 -3.4e+38 -3.4e+38 -3.4e+38 -3.4e+38 -3.4e+38
2 2 2 2 2 2 2 1 1 1 2 2 3 3 3 4 5 4 4 4 4 5 5 6 7 7 8 9 8 11 10 9 5 4 6 25 36 46 40 13 15 15 16 17 18 19 20 23 27 -3.4e+38 -3.4e+38 -3.4e+38 -3.4e+38 -3.4e+38 -3.4e+38 -3.4e+38 -3.4e+38 -3.4e+38 -3.4e+38 -3.4e+38 -3.4e+38 -3.4e+38 -3.4e+38 -3.4e+38 -3.4e+38 -3.4e+38 -3.4e+38 -3.4e+38 -3.4e+38 -3.4e+38
2 2 2 2 2 2 2 2 1 1 2 2 3 3 4 4 4 5 5 5 4 4 5 7 8 8 11 13 13 16 17 11 8 6 6 14 25 20 16 14 15 17 16 19 20 19 19 20 22 -3.4e+38 -3.4e+38 -3.4e+38 -3.4e+38 -3.4e+38 -3.4e+38 -3.4e+38 -3.4e+38 -3.4e+38 -3.4e+38 -3.4e+38 -3.4e+38 -3.4e+38 -3.4e+38 -3.4e+38 -3.4e+38 -3.4e+38 -3.4e+38 -3.4e+38 -3.4e+38 -3.4e+38
2 2 2 3 3 3 3 2 2 2 1 3 3 3 4 4 4 5 5 6 4 5 6 7 8 15 17 18 15 15 16 14 9 7 8 25 17 13 14 15 15 17 17 21 20 19 19 19 -3.4e+38 -3.4e+38 -3.4e+38 -3.4e+38 -3.4e+38 -3.4e+38 -3.4e+38 -3.4e+38 -3.4e+38 -3.4e+38 -3.4e+38 -3.4e+38 -3.4e+38 -3.4e+38 -3.4e+38 -3.4e+38 -3.4e+38 -3.4e+38 -3.4e+38 -3.4e+38 -3.4e+38 -3.4e+38
2 2 3 3 3 3 3 2 2 2 2 3 3 2 3 3 5 6 6 5 7 5 8 9 11 14 14 16 18 18 20 13 9 7 14 22 33 16 14 14 16 17 19 19 18 19 19 20 -3.4e+38 -3.4e+38 -3.4e+38 -3.4e+38 -3.4e+38 -3.4e+38 -3.4e+38 -3.4e+38 -3.4e+38 -3.4e+38 -3.4e+38 -3.4e+38 -3.4e+38 -3.4e+38 -3.4e+38 -3.4e+38 -3.4e+38 -3.4e+38 -3.4e+38 -3.4e+38 -3.4e+38 -3.4e+38
2 2 2 2 2 3 3 2 2 2 3 3 4 3 3 4 5 6 7 12 8 9 8 10 12 12 16 15 20 18 17 13 11 8 15 20 18 12 13 16 18 20 19 18 18 19 19 20 23 -3.4e+38 -3.4e+38 -3.4e+38 -3.4e+38 -3.4e+38 -3.4e+38 -3.4e+38 -3.4e+38 -3.4e+38 -3.4e+38 -3.4e+38 -3.4e+38 -3.4e+38 -3.4e+38 -3.4e+38 -3.4e+38 -3.4e+38 -3.4e+38 -3.4e+38 -3.4e+38 -3.4e+38
2 2 2 2 2 2 3 3 3 3 3 4 4 4 4 5 6 7 8 11 7 8 9 12 13 11 13 10 11 12 13 11 11 10 12 17 13 17 16 19 19 19 18 17 18 18 19 21 23 25 -3.4e+38 -3.4e+38 -3.4e+38 -3.4e+38 -3.4e+38 -3.4e+38 -3.4e+38 -3.4e+38 -3.4e+38 -3.4e+38 -3.4e+38 -3.4e+38 -3.4e+38 -3.4e+38 -3.4e+38 -3.4e+38 -3.4e+38 -3.4e+38 -3.4e+38 -3.4e+38
2 2 2 2 2 2 2 3 3 3 4 4 4 4 5 6 6 8 9 9 7 7 9 12 12 11 10 9 9 8 10 11 10 11 13 15 16 18 19 20 19 18 17 17 17 18 19 21 22 24 27 -3.4e+38 -3.4e+38 -3.4e+38 -3.4e+38 -3.4e+38 -3.4e+38 -3.4e+38 -3.4e+38 -3.4e+38 -3.4e+38 -3.4e+38 -3.4e+38 -3.4e+38 -3.4e+38 -3.4e+38 -3.4e+38 -3.4e+38 -3.4e+38 -3.4e+38
2 2 2 2 2 2 2 2 3 3 4 5 5 5 6 6 6 8 9 10 8 7 7 9 9 8 8 8 8 8 9 10 11 11 13 14 15 18 18 18 18 17 17 16 17 17 18 20 21 23 -3.4e+38 -3.4e+38 -3.4e+38 -3.4e+38 -3.4e+38 -3.4e+38 -3.4e+38 -3.4e+38 -3.4e+38 -3.4e+38 -3.4e+38 -3.4e+38 -3.4e+38 -3.4e+38 -3.4e+38 -3.4e+38 -3.4e+38 -3.4e+38 -3.4e+38 -3.4e+38
2 2 2 2 2 2 2 2 2 3 4 5 6 6 6 5 6 7 10 10 8 7 7 6 6 7 8 8 8 8 9 10 12 12 12 14 15 17 18 17 17 16 16 16 16 17 18 20 21 23 -3.4e+38 -3.4e+38 -3.4e+38 -3.4e+38 -3.4e+38 -3.4e+38 -3.4e+38 -3.4e+38 -3.4e+38 -3.4e+38 -3.4e+38 -3.4e+38 -3.4e+38 -3.4e+38 -3.4e+38 -3.4e+38 -3.4e+38 -3.4e+38 -3.4e+38 -3.4e+38
2 2 2 2 2 2 2 2 2 2 3 4 5 6 6 5 5 6 8 9 7 7 6 6 5 7 8 8 8 9 10 11 10 13 13 14 15 17 17 16 15 15 14 14 15 16 17 19 20 22 24 -3.4e+38 -3.4e+38 -3.4e+38 -3.4e+38 -3.4e+38 -3.4e+38 -3.4e+38 -3.4e+38 -3.4e+38 -3.4e+38 -3.4e+38 -3.4e+38 -3.4e+38 -3.4e+38 -3.4e+38 -3.4e+38 -3.4e+38 -3.4e+38 -3.4e+38
2 2 2 2 2 2 1 1 1 1 2 3 4 5 5 5 5 6 8 6 6 5 5 6 6 7 7 8 9 11 12 12 12 13 14 15 16 17 16 15 15 14 14 14 15 15 16 18 20 21 23 26 -3.4e+38 -3.4e+38 -3.4e+38 -3.4e+38 -3.4e+38 -3.4e+38 -3.4e+38 -3.4e+38 -3.4e+38 -3.4e+38 -3.4e+38 -3.4e+38 -3.4e+38 -3.4e+38 -3.4e+38 -3.4e+38 -3.4e+38 -3.4e+38
