EcoCrop/data/climate/prec_7.asc
NCOLS 660 
NROWS 360 
XLLCORNER -20 
YLLCORNER -30 
CELLSIZE 0.1666667 
NODATA_value -3.4e+38 
[rows 186 to 216 of 360, columns 280 to 349 of 660]
95 95 95 93 91 89 86 81 78 74 69 67 68 66 65 61 39 40 29 24 21 18 15 9 11 7 7 10 17 27 36 47 53 57 59 59 57 53 49 43 37 33 30 30 31 34 38 52 56 51 43 36 34 31 26 23 21 18 18 23 35 19 9 5 3 1 1 1 1 1
92 92 91 90 87 85 81 77 74 70 65 65 59 61 61 58 42 39 24 18 15 14 12 11 6 6 7 11 18 31 40 48 50 52 54 54 52 50 45 40 34 29 27 29 34 33 44 48 44 41 35 30 27 23 20 17 16 14 13 16 18 12 7 5 3 2 1 2 2 1
89 89 88 87 84 81 77 73 68 65 58 58 56 55 48 42 33 30 18 11 11 12 10 7 5 5 5 10 17 28 40 43 45 46 48 48 48 46 42 36 30 25 21 22 24 29 29 37 39 33 29 25 22 20 18 15 12 11 9 11 12 8 7 7 3 2 1 1 2 1
86 86 86 84 81 78 74 69 64 58 56 52 49 44 39 36 30 22 14 11 10 12 11 7 5 5 5 9 14 21 29 34 37 39 41 42 43 42 39 33 26 21 22 18 24 23 27 28 29 27 25 22 20 18 23 15 10 7 5 6 8 6 4 4 4 2 1 1 1 1
83 84 84 80 77 73 70 65 60 54 49 45 42 39 31 26 25 17 15 12 10 9 8 6 5 4 4 6 9 11 19 24 28 31 34 35 37 38 36 28 21 17 16 21 22 22 24 25 26 25 22 21 18 17 15 16 6 5 4 5 6 4 2 4 4 2 1 1 1 1
81 82 80 78 72 69 66 60 55 49 44 40 37 33 28 23 22 14 13 10 8 7 7 5 4 3 3 4 6 7 11 16 21 25 27 28 29 29 26 20 15 12 13 13 15 16 20 21 22 21 20 18 16 15 12 10 5 4 3 3 4 4 2 3 6 1 1 1 1 2
80 81 81 78 70 68 63 56 50 45 39 33 32 28 24 21 16 13 11 9 7 5 4 3 3 3 3 3 4 4 6 10 15 19 20 21 21 20 17 12 8 7 7 8 9 11 14 17 19 19 17 15 14 17 9 6 4 3 3 2 2 2 2 2 1 1 1 1 1 2
78 79 80 78 75 65 63 52 46 40 34 31 29 23 20 18 14 12 10 7 5 4 3 2 3 2 2 2 2 3 4 7 11 15 14 14 14 13 10 7 5 4 4 5 6 9 11 13 16 17 15 13 12 11 6 4 3 3 2 2 2 1 1 1 1 1 1 1 1 2
74 76 78 76 75 68 55 52 42 35 30 27 26 19 20 17 13 9 8 5 4 3 2 2 2 2 2 2 2 3 3 4 7 11 10 10 10 9 7 5 3 2 3 3 5 7 9 11 13 13 12 11 11 8 5 3 3 2 2 2 1 1 2 2 2 2 2 1 1 3
69 73 75 78 69 63 57 49 39 32 27 26 23 18 12 14 11 6 7 5 5 3 2 2 2 1 1 1 2 2 2 3 4 7 8 8 9 8 6 3 2 1 1 2 3 5 7 9 9 9 9 9 9 5 4 2 6 2 3 1 1 2 3 4 4 3 2 1 1 4
63 67 70 72 68 61 51 45 38 29 24 20 21 14 8 11 11 7 6 5 4 3 2 1 1 1 1 2 2 2 2 2 3 4 5 6 6 6 5 3 2 1 1 2 3 4 5 6 6 6 6 7 7 5 5 10 2 2 1 1 1 3 6 7 8 6 3 4 1 5
57 61 63 63 58 55 48 41 33 27 22 21 21 17 6 7 10 7 6 4 3 2 1 1 1 1 1 1 1 1 2 2 3 3 4 4 4 4 3 2 2 2 2 2 3 3 4 4 4 4 4 5 6 6 18 4 1 10 2 2 2 5 6 9 4 11 7 3 3 6
51 54 55 55 52 46 43 35 31 26 21 20 18 17 7 5 6 7 5 5 3 2 1 1 1 1 1 1 1 1 2 3 2 3 3 3 3 2 2 2 2 2 2 2 2 3 3 3 2 2 2 4 5 11 17 6 1 2 2 3 5 9 16 17 42 10 9 5 5 9
46 48 49 48 45 43 37 33 29 24 21 18 16 15 10 4 4 6 4 3 2 1 2 2 2 1 1 0 0 1 1 2 2 2 2 2 1 1 1 1 1 2 2 2 2 2 2 2 2 2 2 2 14 4 6 1 1 3 13 17 33 22 34 61 11 14 8 7 8 11
39 42 43 43 39 37 34 31 26 22 19 17 15 13 10 4 7 5 4 3 2 2 1 1 1 1 1 0 0 0 1 1 1 1 1 1 1 1 0 0 1 1 2 2 2 2 2 2 1 1 2 2 4 4 3 1 8 3 4 8 14 13 13 13 13 10 9 8 8 14
36 38 38 38 36 34 31 28 24 21 18 16 14 12 9 4 7 4 4 2 2 0 0 1 2 1 0 0 0 0 0 0 0 0 1 1 1 1 1 0 0 1 1 2 1 1 1 1 1 2 2 2 3 4 1 1 2 2 4 6 6 8 17 42 7 23 6 6 8 9
32 34 34 34 33 31 28 25 22 19 17 15 12 10 8 4 6 5 4 2 2 0 0 1 1 0 0 0 0 0 0 0 0 0 0 1 1 1 1 1 1 1 1 1 1 1 1 1 1 1 2 2 3 4 1 1 1 3 5 6 5 9 9 12 5 5 5 5 6 6
29 30 30 30 29 28 25 23 21 18 16 14 12 10 8 5 4 4 3 2 2 0 0 1 1 1 0 0 0 0 0 0 0 0 0 0 1 1 1 1 1 1 1 1 1 1 1 1 1 1 2 2 3 4 1 1 1 3 5 5 6 7 8 7 6 5 9 5 5 6
26 27 27 27 26 25 24 21 19 17 15 14 10 8 6 5 3 4 3 2 1 1 0 0 0 0 0 0 0 0 0 0 0 0 0 0 0 1 1 1 1 1 1 1 1 1 1 1 1 1 1 2 3 2 1 1 1 2 3 4 4 5 6 7 8 9 6 5 5 6
23 24 24 24 24 23 21 19 17 15 14 12 10 9 5 3 2 2 2 1 1 1 0 0 0 0 0 0 0 0 0 0 0 0 0 0 0 0 1 1 0 0 0 0 0 0 0 0 1 1 1 1 2 2 2 1 1 2 2 2 3 3 5 6 15 14 8 6 4 5
20 21 22 22 22 21 19 18 16 13 12 11 9 9 5 3 2 2 2 1 1 1 0 0 0 0 0 0 0 0 0 0 0 0 0 0 0 0 0 0 0 0 0 0 0 0 0 0 0 1 1 1 2 2 2 1 1 1 2 2 3 3 4 5 8 14 10 5 5 7
17 19 20 20 19 18 18 16 14 12 10 9 8 7 6 3 2 2 2 1 1 0 0 0 0 0 0 0 0 0 0 0 0 0 0 0 0 0 0 0 0 0 0 0 0 0 0 0 0 0 0 1 1 1 1 1 1 1 2 2 3 4 5 6 7 11 11 9 11 8
15 16 17 17 17 17 16 14 12 10 9 7 7 6 5 3 2 2 1 1 1 1 0 0 0 0 0 0 0 0 0 0 0 0 0 1 0 0 0 0 0 0 0 0 0 0 0 0 0 0 0 0 1 1 1 1 1 1 1 2 3 4 6 6 9 12 13 14 12 17
12 13 14 14 14 14 13 12 10 9 8 6 5 5 4 3 2 2 1 1 1 1 1 0 0 0 0 0 0 0 0 0 0 0 0 1 1 0 0 0 0 0 0 0 0 0 0 0 0 0 0 0 0 0 0 1 1 1 1 2 3 4 6 8 11 14 15 18 20 24
10 10 11 11 11 11 10 9 8 7 6 5 5 4 3 2 2 2 1 1 1 1 1 0 0 0 0 0 0 0 0 0 0 0 0 0 0 0 0 0 0 0 0 0 0 0 0 0 0 0 0 0 0 0 0 0 0 1 1 2 3 4 5 7 11 16 19 22 24 31
7 7 8 9 9 8 8 8 7 6 5 4 4 3 3 2 2 1 1 1 1 1 0 0 0 0 0 0 0 0 0 0 0 0 0 0 0 0 0 0 0 0 0 0 0 0 0 0 0 0 0 0 0 0 0 0 0 1 1 2 3 4 5 7 11 20 23 26 26 33
6 6 6 6 6 6 6 6 5 5 4 3 3 3 3 2 1 1 1 1 1 0 0 0 0 0 0 0 0 0 0 0 0 0 0 0 0 0 0 0 0 0 0 0 0 0 0 0 0 0 0 0 0 0 0 0 0 1 1 2 4 5 6 8 13 25 27 25 28 32
4 4 4 5 5 5 5 4 4 4 3 3 2 3 2 2 1 1 1 1 1 0 0 0 0 0 0 0 0 0 0 0 0 0 0 0 0 0 0 0 0 0 0 0 0 0 0 0 0 0 0 0 0 0 0 0 1 1 1 2 4 6 8 11 19 27 27 25 27 30
3 3 3 3 3 4 3 3 3 3 2 2 2 2 1 1 1 1 1 1 0 0 0 0 0 0 0 0 0 0 0 0 0 0 0 0 0 0 0 0 0 0 0 0 0 0 0 0 0 0 0 0 0 0 0 0 1 2 2 2 4 7 10 15 21 25 22 26 26 28
2 2 2 2 2 2 2 2 2 2 2 2 2 1 1 1 1 1 1 0 0 0 0 0 0 0 0 0 0 0 0 0 0 0 0 0 0 0 0 0 0 0 0 0 0 0 0 0 0 0 0 0 0 0 0 0 0 4 3 3 4 7 10 14 20 21 20 20 21 25
2 2 2 2 2 2 2 2 2 2 2 1 1 2 1 1 1 1 1 0 0 0 0 0 0 0 0 0 0 0 0 0 0 0 0 0 0 0 0 0 0 0 0 0 0 0 0 0 0 0 0 0 0 0 0 0 0 2 2 3 4 7 10 14 18 23 17 17 18 22
