EcoCrop/data/climate/prec_6.asc
NCOLS 660 
NROWS 360 
XLLCORNER -20 
YLLCORNER -30 
CELLSIZE 0.1666667 
NODATA_value -3.4e+38 
[rows 0 to 30 of 360, columns 560 to 629 of 660]
16 16 17 19 16 15 16 18 19 18 19 23 24 17 21 22 22 34 44 47 49 51 52 55 69 89 83 75 74 100 139 168 138 163 170 159 159 178 194 207 274 287 158 250 103 87 68 53 52 61 56 62 49 51 55 36 35 34 34 30 28 25 22 20 18 17 17 16 15 15
15 12 14 16 15 14 15 17 17 18 20 22 21 18 18 19 25 32 38 39 43 46 48 50 57 70 75 73 69 87 118 138 141 190 191 166 174 193 184 221 268 241 309 214 223 87 75 85 72 62 68 62 73 69 50 45 36 33 33 32 28 25 22 20 19 18 17 16 15 15
16 13 13 14 14 13 14 16 18 18 20 22 22 22 22 23 29 31 29 31 39 44 47 46 49 57 60 61 68 83 98 117 131 150 178 181 205 199 165 193 230 220 265 239 176 95 93 140 80 74 69 66 64 55 63 47 53 37 33 29 29 26 23 21 19 18 17 16 16 16
17 14 13 13 14 14 15 17 19 19 20 22 24 27 28 28 30 31 31 33 39 46 48 49 45 50 53 57 61 72 86 93 109 135 178 238 242 173 192 185 178 255 167 187 238 230 94 104 145 77 73 69 62 71 65 41 41 49 40 34 28 26 24 21 20 19 18 17 17 16
16 14 13 14 14 15 16 18 20 20 20 22 25 31 36 32 29 31 33 36 39 41 41 40 42 46 49 53 55 60 64 72 89 106 137 178 235 258 201 217 169 171 144 150 204 247 173 194 95 87 75 71 68 68 61 49 44 48 36 33 29 27 25 22 21 20 19 18 18 18
15 14 14 14 15 16 18 20 21 21 20 21 24 29 34 29 27 30 32 35 36 32 31 35 38 42 46 49 50 53 57 66 78 91 107 128 161 193 216 233 234 257 268 213 225 124 241 228 205 136 104 77 74 66 64 58 54 45 39 35 32 29 27 20 23 21 20 20 19 18
15 15 15 15 16 18 19 20 21 21 20 21 22 22 25 26 26 29 31 32 29 24 23 31 38 41 42 42 44 47 51 60 78 85 89 98 111 135 169 192 206 223 260 270 236 294 295 257 234 234 185 89 76 117 79 61 51 98 42 36 33 30 25 22 25 24 22 21 21 20
15 15 15 16 17 19 21 22 23 22 21 23 23 22 22 23 25 28 28 24 24 21 20 37 40 38 35 35 38 42 44 51 70 77 80 86 96 109 134 162 182 216 257 279 309 352 317 282 254 270 160 215 200 151 189 69 56 50 44 37 35 33 24 28 27 25 25 23 26 23
15 15 15 17 18 20 23 25 25 24 24 24 25 21 19 21 26 30 26 22 24 24 36 43 42 35 31 30 33 36 36 36 51 64 71 79 89 93 122 141 146 169 216 240 245 282 285 279 341 350 275 168 274 268 249 204 82 50 48 145 39 35 31 31 29 28 95 26 26 27
16 15 16 17 19 22 25 28 30 30 27 27 26 22 17 21 28 29 25 22 19 27 31 26 33 31 28 25 30 34 34 32 47 59 63 75 94 104 120 128 123 132 166 190 208 222 236 242 306 273 332 264 198 237 176 205 123 66 175 180 316 528 48 40 55 32 442 28 50 72
17 16 17 18 20 22 26 29 34 45 30 31 31 28 27 26 28 23 21 25 21 25 29 30 28 24 27 28 31 35 39 44 56 63 57 68 88 108 120 121 118 121 141 157 168 175 195 212 209 204 207 246 270 214 224 246 251 282 212 320 429 390 454 424 580 518 438 84 255 264
20 18 18 19 20 24 26 28 32 34 34 35 37 35 34 32 29 23 22 18 22 27 26 25 24 22 26 31 34 35 43 55 71 63 57 62 74 95 108 113 112 112 124 136 145 154 171 183 183 168 172 181 259 253 261 247 246 267 281 323 406 328 386 471 520 489 479 384 376 335
20 19 20 20 22 25 28 30 32 33 35 37 37 37 41 36 33 27 27 30 27 29 24 22 24 24 28 35 38 38 44 54 56 56 55 60 67 81 95 105 102 103 116 127 133 143 156 170 184 182 174 189 229 244 259 260 251 242 260 253 297 317 333 432 459 439 406 344 391 372
18 20 20 22 24 26 29 32 32 34 37 38 36 37 40 40 37 33 32 32 30 30 21 22 25 26 30 38 39 41 46 52 47 51 54 61 67 73 81 91 98 104 114 123 125 133 145 157 168 170 172 184 203 224 259 255 248 248 255 271 267 295 377 357 403 382 382 353 317 305
19 20 21 22 24 26 28 31 32 35 39 38 35 34 37 39 38 36 36 37 38 32 24 21 21 24 29 33 36 43 48 49 49 51 55 63 67 70 75 84 98 107 113 135 125 129 135 143 148 149 161 174 187 201 213 224 234 232 237 261 269 305 351 379 387 374 334 318 307 323
19 19 21 23 24 26 27 29 30 33 35 33 31 30 32 35 38 38 34 29 33 31 32 23 20 24 30 35 40 47 51 51 51 53 57 60 65 69 73 81 102 109 99 115 124 122 124 131 137 144 153 163 172 178 185 196 207 216 227 247 260 263 299 320 328 319 296 301 316 334
19 19 21 23 25 26 26 27 28 30 32 29 28 26 28 33 37 41 35 34 33 30 28 25 22 27 33 42 49 53 56 52 51 55 61 60 62 65 67 71 87 97 95 99 104 109 115 120 130 140 145 153 159 160 162 173 183 198 214 235 241 235 255 279 289 297 275 229 251 301
20 20 22 24 25 27 26 26 27 28 28 29 29 30 33 40 39 36 35 35 34 35 29 25 25 27 36 44 50 51 54 52 50 53 58 56 57 61 62 63 72 84 89 92 95 102 109 115 122 128 132 136 145 147 153 159 166 176 190 212 217 213 227 243 248 258 252 224 208 225
21 23 25 26 27 26 25 26 26 27 29 31 32 37 48 45 39 36 35 32 31 33 30 31 28 27 33 42 45 45 50 52 52 59 60 53 56 60 59 60 66 77 81 81 86 97 103 111 112 115 118 124 134 138 145 151 153 152 154 171 186 197 208 220 232 227 217 209 197 209
23 25 27 28 28 26 25 26 30 29 31 32 32 37 45 43 37 37 39 32 26 28 30 34 32 35 42 49 48 47 49 51 58 66 62 51 55 58 58 60 64 74 76 74 80 90 88 97 101 103 106 110 113 126 134 142 143 137 129 146 165 183 192 198 205 205 204 200 199 211
26 28 28 30 29 25 25 29 31 31 30 29 30 32 36 38 39 43 45 36 33 32 37 37 36 42 50 56 55 51 49 53 55 59 56 51 51 53 57 59 65 68 68 67 67 69 74 83 94 92 92 96 103 110 117 127 135 132 133 145 166 172 172 175 181 184 192 192 190 193
29 28 28 27 27 26 23 40 37 31 32 30 29 32 36 41 44 45 45 45 45 41 43 43 39 44 49 56 58 54 50 54 55 55 55 54 52 55 59 58 65 69 63 62 60 62 66 70 77 80 82 83 90 100 104 113 125 128 131 140 154 159 157 157 158 162 178 185 175 166
31 31 28 23 28 31 31 29 23 27 32 30 30 32 39 45 47 49 50 52 54 52 51 42 45 46 52 60 62 64 62 62 60 59 57 60 61 61 64 62 61 60 62 61 62 63 63 64 70 74 73 72 83 97 108 112 120 124 124 130 146 153 148 144 147 159 170 172 155 162
34 32 29 27 31 42 41 34 32 28 34 35 33 34 40 45 49 54 52 55 51 47 45 53 44 54 61 65 72 79 82 73 67 63 61 64 68 65 64 62 62 60 61 63 63 66 66 65 70 74 75 75 83 95 104 107 112 120 116 120 148 152 139 119 126 144 153 151 145 150
37 34 32 33 39 44 42 37 44 38 38 40 40 44 43 45 49 53 55 48 49 53 56 49 53 59 62 71 70 82 93 79 74 71 67 65 67 60 54 57 65 58 56 60 63 65 66 66 71 77 80 85 88 93 95 99 104 110 113 124 142 145 137 113 116 142 142 142 144 144
40 40 39 42 44 49 48 44 46 43 39 42 53 50 46 45 46 45 46 51 55 60 63 54 63 64 64 62 70 76 77 74 75 79 71 70 66 54 46 49 51 48 44 54 58 58 61 60 70 78 81 86 89 88 86 92 101 106 114 125 136 140 135 120 111 124 126 126 135 135
41 44 46 50 52 54 50 45 46 47 46 49 55 54 51 53 44 41 41 49 55 61 68 60 68 70 67 63 65 71 78 79 75 68 60 66 62 56 49 46 47 51 51 54 55 48 53 56 64 75 81 88 89 83 79 80 91 105 114 127 130 133 133 119 112 118 116 106 127 124
43 48 56 58 58 58 52 46 48 52 52 55 58 60 54 55 50 44 43 48 53 61 69 62 68 71 61 59 60 69 80 90 72 57 38 48 48 46 50 47 51 59 63 56 52 51 54 58 63 75 87 95 83 76 73 74 79 89 107 119 119 119 123 115 100 122 116 118 126 122
48 61 59 58 55 53 51 49 50 54 56 59 58 53 51 64 54 49 49 48 51 60 70 63 69 63 55 59 60 66 75 79 70 61 52 53 50 47 51 51 56 61 62 55 56 69 64 64 69 79 83 80 75 72 70 69 75 85 99 106 112 115 121 124 115 119 113 104 124 123
62 64 58 55 51 51 51 49 52 56 58 63 63 63 60 59 49 48 51 52 53 61 69 67 70 70 65 64 63 66 73 77 77 74 71 72 78 68 64 64 66 68 66 62 69 72 68 72 80 86 85 77 73 73 72 72 79 89 95 101 110 123 116 116 119 123 120 109 115 122
71 64 55 55 53 52 52 53 60 62 63 62 60 58 58 57 47 53 55 55 55 63 71 78 77 73 72 71 71 70 78 82 87 87 89 91 87 82 76 77 75 77 79 80 83 83 83 88 91 98 94 83 79 79 80 83 86 90 93 93 90 119 108 109 118 127 124 116 119 133
