EcoCrop/data/climate/prec_4.asc
NCOLS 660 
NROWS 360 
XLLCORNER -20 
YLLCORNER -30 
CELLSIZE 0.1666667 
NODATA_value -3.4e+38 
[rows 62 to 92 of 360, columns 345 to 413 of 660]
-3.4e+38 -3.4e+38 -3.4e+38 -3.4e+38 -3.4e+38 -3.4e+38 -3.4e+38 -3.4e+38 -3.4e+38 -3.4e+38 -3.4e+38 -3.4e+38 -3.4e+38 -3.4e+38 -3.4e+38 -3.4e+38 -3.4e+38 -3.4e+38 -3.4e+38 -3.4e+38 18 20 23 30 37 37 56 54 50 48 48 46 47 45 41 39 37 37 37 35 32 31 28 27 25 23 24 22 20 20 20 19 18 18 17 17 16 16 15 15 15 14 14 14 14 14 13 13 13
-3.4e+38 -3.4e+38 -3.4e+38 -3.4e+38 -3.4e+38 -3.4e+38 -3.4e+38 -3.4e+38 -3.4e+38 -3.4e+38 -3.4e+38 -3.4e+38 -3.4e+38 -3.4e+38 -3.4e+38 -3.4e+38 -3.4e+38 -3.4e+38 -3.4e+38 -3.4e+38 -3.4e+38 20 22 26 33 36 42 57 56 53 50 48 47 44 41 40 38 39 38 36 33 32 29 27 26 24 24 22 21 21 19 19 18 18 17 17 16 16 15 15 15 14 14 14 14 14 14 14 13
-3.4e+38 -3.4e+38 -3.4e+38 -3.4e+38 -3.4e+38 -3.4e+38 -3.4e+38 -3.4e+38 -3.4e+38 -3.4e+38 -3.4e+38 -3.4e+38 -3.4e+38 -3.4e+38 -3.4e+38 -3.4e+38 -3.4e+38 -3.4e+38 -3.4e+38 -3.4e+38 -3.4e+38 20 22 25 30 39 40 64 58 52 50 49 49 45 45 44 39 43 41 38 34 33 31 28 26 24 25 23 21 20 20 19 19 18 17 17 16 16 15 15 14 14 14 14 13 14 13 13 13
-3.4e+38 -3.4e+38 -3.4e+38 -3.4e+38 -3.4e+38 -3.4e+38 -3.4e+38 -3.4e+38 -3.4e+38 -3.4e+38 -3.4e+38 -3.4e+38 -3.4e+38 -3.4e+38 -3.4e+38 -3.4e+38 -3.4e+38 -3.4e+38 -3.4e+38 -3.4e+38 -3.4e+38 -3.4e+38 22 25 28 40 36 46 57 54 51 50 49 46 44 44 40 41 43 39 34 33 32 29 26 25 25 23 22 21 20 19 18 18 17 17 16 16 15 15 14 14 14 14 13 13 13 13 13
-3.4e+38 -3.4e+38 -3.4e+38 -3.4e+38 -3.4e+38 -3.4e+38 -3.4e+38 -3.4e+38 -3.4e+38 -3.4e+38 -3.4e+38 -3.4e+38 -3.4e+38 -3.4e+38 -3.4e+38 -3.4e+38 -3.4e+38 -3.4e+38 -3.4e+38 -3.4e+38 -3.4e+38 -3.4e+38 21 24 29 31 35 41 61 54 51 51 50 47 45 45 42 42 44 38 36 35 33 29 27 25 26 24 22 21 20 19 19 18 17 17 16 15 15 14 14 14 14 14 14 14 13 13 13
-3.4e+38 -3.4e+38 -3.4e+38 -3.4e+38 -3.4e+38 -3.4e+38 -3.4e+38 -3.4e+38 -3.4e+38 -3.4e+38 -3.4e+38 -3.4e+38 -3.4e+38 -3.4e+38 -3.4e+38 -3.4e+38 -3.4e+38 -3.4e+38 -3.4e+38 -3.4e+38 -3.4e+38 -3.4e+38 20 22 28 32 31 35 64 55 52 52 50 49 47 48 46 42 43 38 37 33 31 28 27 25 27 24 22 21 20 19 18 18 17 16 16 15 14 14 14 14 14 13 14 13 13 13 13
1 1 1 -3.4e+38 -3.4e+38 -3.4e+38 -3.4e+38 -3.4e+38 -3.4e+38 -3.4e+38 -3.4e+38 -3.4e+38 -3.4e+38 -3.4e+38 -3.4e+38 -3.4e+38 -3.4e+38 -3.4e+38 -3.4e+38 -3.4e+38 -3.4e+38 -3.4e+38 -3.4e+38 21 25 31 30 36 55 59 54 51 51 50 49 48 44 43 45 40 35 33 32 29 27 25 24 24 22 21 20 19 18 17 17 16 15 15 14 14 14 14 13 13 13 13 13 13 13
1 1 1 1 -3.4e+38 -3.4e+38 -3.4e+38 -3.4e+38 -3.4e+38 -3.4e+38 -3.4e+38 -3.4e+38 -3.4e+38 -3.4e+38 -3.4e+38 -3.4e+38 -3.4e+38 -3.4e+38 -3.4e+38 -3.4e+38 -3.4e+38 -3.4e+38 -3.4e+38 -3.4e+38 25 28 31 34 40 59 54 52 51 51 50 50 45 47 46 39 36 36 34 29 27 26 25 23 22 20 19 18 18 17 17 16 15 14 14 14 13 14 14 13 14 13 13 13 13
1 1 1 1 -3.4e+38 -3.4e+38 -3.4e+38 -3.4e+38 -3.4e+38 -3.4e+38 -3.4e+38 -3.4e+38 -3.4e+38 -3.4e+38 -3.4e+38 -3.4e+38 -3.4e+38 -3.4e+38 -3.4e+38 -3.4e+38 -3.4e+38 -3.4e+38 -3.4e+38 -3.4e+38 22 26 30 35 41 65 57 53 53 55 55 51 52 52 47 41 39 36 32 29 27 26 25 23 22 20 19 18 17 16 16 15 15 14 14 14 14 14 13 13 13 13 13 13 13
2 3 3 3 3 4 -3.4e+38 -3.4e+38 -3.4e+38 -3.4e+38 -3.4e+38 -3.4e+38 -3.4e+38 -3.4e+38 -3.4e+38 -3.4e+38 -3.4e+38 -3.4e+38 -3.4e+38 -3.4e+38 -3.4e+38 -3.4e+38 -3.4e+38 -3.4e+38 -3.4e+38 20 21 22 30 37 52 56 55 58 55 52 51 51 43 39 37 36 32 29 28 26 24 22 22 20 19 18 17 16 15 15 14 14 14 13 14 14 13 13 13 13 13 13 13
2 5 7 10 8 6 6 -3.4e+38 -3.4e+38 -3.4e+38 -3.4e+38 -3.4e+38 -3.4e+38 -3.4e+38 -3.4e+38 -3.4e+38 -3.4e+38 -3.4e+38 -3.4e+38 -3.4e+38 -3.4e+38 -3.4e+38 -3.4e+38 -3.4e+38 -3.4e+38 17 18 18 20 25 31 43 33 51 59 56 54 51 44 38 37 34 33 30 27 25 23 22 20 19 18 17 16 16 15 14 14 14 13 14 14 14 13 13 13 13 13 13 13
3 5 12 16 15 9 8 -3.4e+38 -3.4e+38 -3.4e+38 -3.4e+38 -3.4e+38 -3.4e+38 -3.4e+38 -3.4e+38 -3.4e+38 -3.4e+38 -3.4e+38 -3.4e+38 -3.4e+38 -3.4e+38 -3.4e+38 -3.4e+38 -3.4e+38 -3.4e+38 -3.4e+38 -3.4e+38 16 16 17 26 24 30 29 50 59 50 44 39 42 38 35 32 29 27 25 23 21 20 18 18 16 16 15 14 14 14 14 14 14 13 13 13 13 13 13 13 13 13
4 5 13 19 16 12 11 9 -3.4e+38 -3.4e+38 -3.4e+38 -3.4e+38 -3.4e+38 -3.4e+38 -3.4e+38 -3.4e+38 -3.4e+38 -3.4e+38 -3.4e+38 -3.4e+38 -3.4e+38 -3.4e+38 -3.4e+38 -3.4e+38 -3.4e+38 -3.4e+38 -3.4e+38 -3.4e+38 14 15 16 22 37 30 44 47 53 45 45 43 35 34 31 28 26 24 22 20 19 18 17 16 15 15 14 14 13 13 14 14 13 13 13 13 13 13 13 13 14
4 7 14 19 20 14 13 11 9 -3.4e+38 -3.4e+38 -3.4e+38 -3.4e+38 -3.4e+38 -3.4e+38 -3.4e+38 -3.4e+38 -3.4e+38 -3.4e+38 -3.4e+38 -3.4e+38 -3.4e+38 -3.4e+38 -3.4e+38 -3.4e+38 -3.4e+38 -3.4e+38 -3.4e+38 -3.4e+38 13 13 15 25 34 54 53 50 45 44 41 39 32 30 28 25 23 21 20 18 17 16 15 15 15 14 13 13 13 14 14 13 13 13 13 13 13 13 14 13
4 8 15 18 20 17 14 13 11 -3.4e+38 -3.4e+38 -3.4e+38 -3.4e+38 -3.4e+38 -3.4e+38 -3.4e+38 -3.4e+38 -3.4e+38 -3.4e+38 -3.4e+38 -3.4e+38 -3.4e+38 -3.4e+38 -3.4e+38 -3.4e+38 -3.4e+38 -3.4e+38 -3.4e+38 -3.4e+38 11 11 12 13 32 24 57 46 41 39 44 39 34 30 27 24 22 21 19 18 16 15 15 14 14 14 14 13 13 14 14 13 13 13 13 14 14 14 14 14
6 7 13 12 18 20 20 13 11 -3.4e+38 -3.4e+38 -3.4e+38 -3.4e+38 -3.4e+38 -3.4e+38 -3.4e+38 -3.4e+38 -3.4e+38 -3.4e+38 -3.4e+38 -3.4e+38 -3.4e+38 -3.4e+38 -3.4e+38 -3.4e+38 -3.4e+38 -3.4e+38 -3.4e+38 -3.4e+38 -3.4e+38 10 10 11 13 24 46 46 45 43 42 40 30 34 29 24 22 20 18 17 16 15 14 14 14 13 13 13 13 14 14 13 13 13 13 13 14 15 14 15
5 9 14 12 22 24 20 15 12 -3.4e+38 -3.4e+38 -3.4e+38 -3.4e+38 -3.4e+38 -3.4e+38 -3.4e+38 -3.4e+38 -3.4e+38 -3.4e+38 -3.4e+38 -3.4e+38 -3.4e+38 -3.4e+38 -3.4e+38 -3.4e+38 -3.4e+38 9 -3.4e+38 -3.4e+38 -3.4e+38 8 8 9 11 34 47 50 42 43 38 39 38 33 31 23 21 19 18 16 15 14 14 14 13 13 13 13 13 14 14 14 13 13 13 13 15 15 15 16
7 6 10 16 21 25 25 24 13 11 -3.4e+38 -3.4e+38 -3.4e+38 -3.4e+38 -3.4e+38 -3.4e+38 -3.4e+38 -3.4e+38 -3.4e+38 -3.4e+38 -3.4e+38 -3.4e+38 -3.4e+38 -3.4e+38 -3.4e+38 -3.4e+38 7 7 -3.4e+38 -3.4e+38 -3.4e+38 7 7 8 11 46 44 46 35 39 43 39 32 30 24 21 19 17 16 15 14 13 13 13 13 12 13 13 14 14 13 13 13 13 14 13 15 15 15
6 9 11 11 16 25 22 18 15 12 -3.4e+38 -3.4e+38 -3.4e+38 -3.4e+38 -3.4e+38 -3.4e+38 -3.4e+38 -3.4e+38 -3.4e+38 -3.4e+38 -3.4e+38 -3.4e+38 -3.4e+38 -3.4e+38 -3.4e+38 -3.4e+38 -3.4e+38 -3.4e+38 -3.4e+38 -3.4e+38 -3.4e+38 5 6 6 8 23 32 33 37 33 28 33 35 29 25 21 19 17 15 14 13 13 13 13 13 12 12 13 14 14 13 15 15 15 15 15 14 15 16
6 10 10 14 23 23 22 21 17 13 -3.4e+38 -3.4e+38 -3.4e+38 -3.4e+38 -3.4e+38 -3.4e+38 -3.4e+38 -3.4e+38 -3.4e+38 -3.4e+38 -3.4e+38 -3.4e+38 -3.4e+38 -3.4e+38 -3.4e+38 -3.4e+38 -3.4e+38 -3.4e+38 -3.4e+38 -3.4e+38 -3.4e+38 -3.4e+38 5 5 8 13 25 29 39 31 30 25 26 27 23 20 18 16 15 14 13 13 12 13 12 12 12 13 14 14 13 16 15 15 15 15 15 16 15
6 7 14 16 15 19 22 27 18 15 -3.4e+38 -3.4e+38 -3.4e+38 -3.4e+38 -3.4e+38 -3.4e+38 -3.4e+38 -3.4e+38 -3.4e+38 -3.4e+38 -3.4e+38 -3.4e+38 -3.4e+38 -3.4e+38 -3.4e+38 -3.4e+38 -3.4e+38 -3.4e+38 -3.4e+38 -3.4e+38 -3.4e+38 -3.4e+38 3 4 6 14 26 35 38 31 28 20 19 17 17 21 16 15 14 13 12 12 11 11 11 11 11 12 13 15 15 15 15 15 15 15 15 15 15
4 5 12 14 15 17 23 31 23 17 -3.4e+38 -3.4e+38 -3.4e+38 -3.4e+38 -3.4e+38 9 -3.4e+38 -3.4e+38 -3.4e+38 -3.4e+38 -3.4e+38 -3.4e+38 -3.4e+38 -3.4e+38 -3.4e+38 -3.4e+38 -3.4e+38 -3.4e+38 -3.4e+38 -3.4e+38 -3.4e+38 -3.4e+38 2 3 7 27 22 35 41 41 34 20 19 16 15 14 13 13 13 12 12 11 10 10 10 10 10 11 11 10 10 15 13 14 11 11 14 14 14
3 4 7 13 14 15 17 22 43 19 13 -3.4e+38 -3.4e+38 -3.4e+38 -3.4e+38 -3.4e+38 -3.4e+38 -3.4e+38 -3.4e+38 -3.4e+38 -3.4e+38 -3.4e+38 -3.4e+38 -3.4e+38 -3.4e+38 -3.4e+38 -3.4e+38 -3.4e+38 -3.4e+38 -3.4e+38 -3.4e+38 -3.4e+38 2 3 7 25 15 21 56 43 39 24 27 16 15 13 12 12 11 11 10 10 10 9 9 9 9 10 10 9 9 10 10 11 13 14 10 11 13
3 4 6 11 15 19 21 27 55 18 14 9 -3.4e+38 -3.4e+38 -3.4e+38 9 -3.4e+38 -3.4e+38 -3.4e+38 7 -3.4e+38 -3.4e+38 -3.4e+38 -3.4e+38 -3.4e+38 -3.4e+38 -3.4e+38 -3.4e+38 -3.4e+38 -3.4e+38 -3.4e+38 1 1 2 4 7 40 38 58 52 49 37 33 18 15 13 12 11 11 10 10 10 9 9 9 9 9 9 9 9 9 9 9 9 12 11 13 13 13
3 4 4 9 15 24 27 23 55 29 17 8 -3.4e+38 -3.4e+38 -3.4e+38 8 -3.4e+38 8 -3.4e+38 -3.4e+38 -3.4e+38 -3.4e+38 -3.4e+38 -3.4e+38 -3.4e+38 -3.4e+38 -3.4e+38 -3.4e+38 -3.4e+38 -3.4e+38 -3.4e+38 0 1 2 3 6 35 56 57 53 44 44 42 27 17 14 13 11 11 10 10 9 9 9 9 9 9 8 9 9 10 11 9 10 13 12 13 12 13
4 5 7 10 17 25 34 21 22 53 39 28 24 -3.4e+38 9 -3.4e+38 -3.4e+38 -3.4e+38 -3.4e+38 -3.4e+38 -3.4e+38 -3.4e+38 -3.4e+38 -3.4e+38 -3.4e+38 -3.4e+38 -3.4e+38 -3.4e+38 -3.4e+38 -3.4e+38 0 -3.4e+38 1 1 4 24 41 46 56 54 47 54 49 28 20 17 13 11 11 10 10 9 9 9 8 8 8 10 10 15 12 10 14 13 13 12 13 13 13
7 9 10 14 18 26 37 26 27 37 52 26 11 -3.4e+38 9 -3.4e+38 8 -3.4e+38 -3.4e+38 -3.4e+38 -3.4e+38 -3.4e+38 -3.4e+38 -3.4e+38 -3.4e+38 -3.4e+38 -3.4e+38 -3.4e+38 -3.4e+38 -3.4e+38 -3.4e+38 0 1 1 3 10 17 25 50 61 49 48 39 31 19 14 13 12 11 10 10 9 9 8 8 8 8 9 11 16 16 15 11 14 14 15 14 14 13
11 12 14 19 22 28 37 39 48 38 54 55 46 10 14 9 -3.4e+38 -3.4e+38 -3.4e+38 -3.4e+38 -3.4e+38 -3.4e+38 -3.4e+38 -3.4e+38 -3.4e+38 -3.4e+38 -3.4e+38 -3.4e+38 -3.4e+38 -3.4e+38 -3.4e+38 -3.4e+38 1 2 3 6 22 47 37 36 60 47 36 26 27 19 21 14 11 11 10 9 9 8 8 8 9 18 16 14 15 15 16 16 15 14 16 16 16
12 13 15 18 23 29 30 25 45 49 52 46 55 38 14 12 9 8 8 -3.4e+38 -3.4e+38 -3.4e+38 -3.4e+38 -3.4e+38 -3.4e+38 -3.4e+38 -3.4e+38 -3.4e+38 -3.4e+38 -3.4e+38 -3.4e+38 -3.4e+38 -3.4e+38 2 3 9 13 23 26 35 58 45 34 25 29 28 19 14 15 11 10 10 9 9 9 9 10 11 16 12 14 15 16 17 17 17 18 18 9
12 14 16 19 24 27 31 26 40 46 51 51 64 59 14 10 9 12 8 -3.4e+38 -3.4e+38 -3.4e+38 -3.4e+38 -3.4e+38 -3.4e+38 -3.4e+38 -3.4e+38 -3.4e+38 -3.4e+38 -3.4e+38 -3.4e+38 -3.4e+38 -3.4e+38 1 3 6 36 35 40 53 46 47 48 36 30 19 22 28 24 19 16 16 11 10 9 10 14 14 17 14 12 10 13 13 23 20 21 23 18
12 14 17 20 22 25 26 32 36 41 47 59 65 66 18 8 8 9 9 10 8 6 -3.4e+38 -3.4e+38 -3.4e+38 -3.4e+38 -3.4e+38 -3.4e+38 -3.4e+38 -3.4e+38 -3.4e+38 -3.4e+38 -3.4e+38 2 4 7 28 54 37 49 47 49 50 41 34 24 27 26 22 21 12 11 10 10 10 11 14 11 17 10 12 10 10 7 7 8 12 15 12
