EcoCrop/data/climate/prec_7.asc
NCOLS 660 
NROWS 360 
XLLCORNER -20 
YLLCORNER -30 
CELLSIZE 0.1666667 
NODATA_value -3.4e+38 
[rows 62 to 92 of 360, columns 140 to 209 of 660]
3 3 3 4 4 5 5 6 6 6 6 7 7 7 7 7 7 7 7 7 7 7 7 7 8 7 8 8 9 9 10 10 10 9 8 8 7 6 6 5 5 4 4 4 3 3 3 3 3 3 2 2 2 2 2 2 2 2 2 2 3 3 3 3 3 4 4 4 5 5
4 4 4 5 5 6 6 7 7 7 8 8 8 8 8 8 8 8 8 8 8 8 8 8 8 8 9 9 10 10 10 10 11 10 9 8 8 7 7 6 5 5 5 4 4 4 3 3 3 3 3 2 2 2 2 2 2 2 3 3 3 3 3 3 4 4 4 4 5 5
5 6 6 6 7 7 8 8 9 9 9 9 10 10 10 9 10 9 9 9 9 9 8 8 9 9 10 10 11 12 12 12 14 11 10 9 8 8 7 6 6 5 5 5 4 4 4 3 3 3 3 3 3 2 2 2 2 2 3 3 3 3 3 3 4 4 4 5 5 6
7 7 8 8 9 9 9 10 10 11 11 11 11 11 11 11 11 11 10 10 10 9 9 9 9 10 10 11 12 13 13 17 18 13 11 11 9 8 8 7 6 6 5 5 5 4 4 4 3 3 3 3 3 3 3 2 2 2 3 3 3 3 3 4 4 4 5 5 5 6
10 10 10 10 11 11 11 12 12 12 13 13 13 13 13 13 12 12 12 11 11 10 10 10 10 10 11 12 13 13 14 14 16 18 16 11 12 9 8 7 7 6 6 5 5 5 4 4 4 4 3 3 3 3 3 3 3 2 3 3 3 3 4 4 4 5 5 5 6 6
12 12 12 13 13 13 14 14 14 15 15 15 15 15 15 15 14 14 13 13 12 11 11 10 11 11 12 14 16 16 16 16 16 15 14 13 14 10 9 8 7 7 7 6 5 5 5 4 4 4 4 4 3 3 3 3 3 2 3 3 3 4 4 4 5 5 5 6 6 6
15 15 15 15 16 16 16 17 17 17 18 18 18 18 17 17 17 16 15 14 14 13 12 11 11 12 13 14 15 16 17 16 16 16 15 13 14 13 10 9 8 7 7 6 6 6 5 5 5 4 4 4 4 4 3 3 3 3 3 4 4 4 4 5 5 5 6 6 6 7
18 18 18 18 19 19 19 19 20 20 20 21 20 20 20 20 19 19 17 17 16 15 14 13 13 14 15 17 17 18 18 18 18 18 17 15 13 14 10 10 9 8 7 7 7 6 6 5 5 5 5 4 4 4 4 4 4 4 4 4 4 5 5 5 6 6 6 6 7 7
21 21 21 21 22 22 23 23 23 23 24 24 24 23 23 23 22 21 20 19 18 17 16 16 16 17 17 18 20 21 21 23 21 19 17 15 13 12 11 10 9 9 8 8 7 7 6 6 6 5 5 5 5 4 4 4 4 4 5 5 5 5 5 6 6 6 7 7 7 7
24 25 25 25 25 26 26 26 27 27 27 27 27 27 27 26 25 24 23 22 21 20 19 19 19 19 20 21 21 22 22 22 22 22 17 15 14 12 12 11 10 9 9 8 8 7 7 6 6 6 6 5 5 5 5 5 5 5 5 5 5 6 6 6 6 7 7 7 8 8
28 28 28 28 29 29 30 30 31 31 31 31 31 31 30 30 29 28 27 26 25 23 23 22 22 22 22 23 24 25 26 25 26 23 19 16 15 13 12 12 11 10 10 9 8 8 8 7 7 6 6 6 6 5 5 5 5 5 6 6 6 6 7 7 7 7 8 8 8 8
32 32 32 32 33 33 34 34 35 35 35 35 36 36 35 34 33 32 30 29 28 27 26 26 25 25 26 26 26 27 31 31 33 22 20 18 16 15 13 13 12 11 10 10 9 9 8 8 7 7 7 7 6 6 6 6 6 6 6 6 7 7 7 7 8 8 8 9 9 9
36 36 36 36 37 37 38 38 39 39 40 40 40 40 40 39 37 36 35 33 32 31 30 29 29 28 28 29 30 30 30 28 29 22 19 18 17 16 15 14 13 12 11 11 10 10 9 9 8 8 7 7 7 7 7 7 7 7 7 7 7 8 8 8 8 9 9 9 10 10
40 40 40 41 41 42 42 43 44 44 45 45 46 46 45 43 42 40 39 37 36 34 33 33 32 31 31 32 32 33 30 28 24 21 19 19 18 17 16 15 14 13 12 12 11 10 10 9 9 9 8 8 8 8 7 7 7 8 8 8 8 8 9 9 9 10 10 10 10 11
44 44 44 45 45 45 47 47 48 49 50 50 51 51 50 48 47 45 43 42 40 38 37 36 35 35 35 35 34 33 31 31 25 22 21 20 19 18 17 16 15 14 14 13 12 12 11 10 10 10 9 9 9 8 8 8 8 8 9 9 9 9 9 10 10 10 11 11 11 11
48 48 48 49 49 50 51 52 53 54 54 55 56 57 56 54 52 49 47 46 44 42 41 39 39 38 37 37 36 34 32 29 27 25 23 22 21 20 19 18 17 16 15 14 13 13 12 12 11 11 10 10 10 9 9 9 9 9 9 10 10 10 10 11 11 11 12 12 12 12
52 52 52 53 54 54 56 56 58 59 59 60 61 62 62 59 56 54 52 50 48 47 45 43 42 41 40 38 37 35 33 31 30 27 25 24 23 22 21 20 18 17 16 15 15 14 13 13 12 12 11 11 10 10 10 10 10 10 10 11 11 11 11 12 12 12 13 13 13 13
56 56 56 57 58 59 60 61 62 63 64 64 65 65 65 62 59 57 55 54 53 51 49 47 45 44 43 41 40 38 38 34 32 30 28 26 26 24 23 22 20 19 18 17 16 15 14 14 13 13 12 12 12 11 11 11 11 11 11 11 12 12 12 13 13 13 14 14 15 15
59 59 60 61 62 63 64 65 66 67 67 67 67 67 66 64 62 60 58 57 56 54 53 51 49 47 46 44 43 41 39 37 35 33 31 30 29 27 25 24 22 21 19 18 17 16 16 15 14 14 14 13 13 13 12 12 12 12 12 13 13 13 14 14 14 15 15 16 16 16
63 63 64 65 65 67 68 70 71 71 71 70 70 68 67 66 64 63 62 60 59 58 56 55 53 51 50 49 46 44 43 41 39 37 35 34 32 30 28 26 24 23 21 20 19 18 17 16 16 16 15 15 14 14 14 13 13 13 13 14 14 14 15 15 16 16 17 17 18 18
66 67 68 68 69 70 72 74 75 75 74 73 71 70 68 67 66 65 65 64 63 62 61 59 57 56 53 52 50 49 47 45 43 41 39 37 35 33 30 28 27 25 23 22 20 19 19 18 18 17 17 16 16 15 15 15 15 14 15 15 15 16 16 17 17 18 19 19 20 20
69 70 70 71 72 73 74 76 79 78 77 75 73 71 69 68 69 68 68 67 67 65 65 63 61 59 57 56 54 53 50 49 47 45 44 41 38 36 33 31 29 27 25 24 22 21 20 19 20 19 18 18 17 17 16 16 16 16 16 16 17 17 18 19 19 20 21 21 22 22
72 73 73 73 74 75 76 78 79 79 78 77 76 73 71 70 71 72 71 71 71 70 68 67 65 63 61 59 58 57 55 53 52 50 48 45 42 39 37 34 32 30 27 26 24 23 22 21 22 21 20 19 19 19 18 17 17 17 17 18 18 19 19 21 21 22 23 24 25 25
75 75 75 75 76 77 78 79 80 80 81 81 80 78 76 76 76 76 75 75 75 74 73 71 69 67 65 63 62 60 60 58 56 54 52 49 46 43 40 37 35 32 30 28 26 25 24 23 23 22 22 21 21 20 20 20 19 19 19 19 19 20 22 23 24 25 26 26 27 28
78 77 77 78 78 79 80 80 80 82 84 85 85 85 84 83 82 81 80 80 80 79 78 76 73 71 69 67 66 64 64 63 62 60 57 54 51 47 44 41 38 35 32 30 28 27 27 26 25 24 24 23 23 22 22 22 21 20 20 20 21 23 24 25 26 28 29 29 30 31
80 79 79 79 80 81 81 82 83 84 87 90 91 93 92 91 88 87 86 85 85 84 83 81 78 75 73 70 69 69 69 68 68 66 63 59 55 51 48 45 41 38 35 33 31 30 29 28 28 27 27 26 26 25 25 24 24 23 23 23 24 26 27 28 30 31 32 33 34 35
82 81 81 81 82 83 83 84 85 87 90 94 96 99 101 99 97 94 92 90 90 90 89 87 83 80 76 74 73 72 72 73 73 72 69 64 60 56 52 49 46 42 39 35 33 33 32 32 31 30 30 29 29 28 28 27 27 26 26 26 27 29 31 32 33 34 36 37 38 39
83 83 84 84 84 85 86 87 87 89 92 97 101 106 109 109 105 101 97 94 94 95 96 94 88 83 79 76 75 75 76 77 80 80 74 69 64 61 57 54 50 47 43 40 37 37 36 35 35 34 33 33 32 32 31 31 31 31 31 31 33 34 35 36 37 39 40 41 42 43
86 87 87 87 87 88 89 89 89 91 93 99 106 111 116 116 112 107 100 97 97 100 104 103 93 84 80 78 78 78 78 80 82 82 77 72 68 64 62 59 56 53 50 46 44 42 41 40 39 38 37 37 36 35 35 35 35 36 37 38 39 39 40 40 42 43 44 45 46 48
94 93 91 90 90 90 91 91 91 92 94 99 106 114 122 124 118 110 102 96 98 103 109 115 94 83 82 81 80 81 81 80 80 79 77 74 71 69 66 64 63 60 57 54 51 49 48 46 45 43 42 40 40 39 39 39 40 41 43 44 45 45 45 45 46 47 48 49 51 53
102 100 97 95 93 92 93 93 94 94 98 103 107 114 123 124 122 114 105 99 99 102 104 102 93 87 85 85 85 85 84 83 80 80 78 76 74 73 72 71 71 69 67 63 60 57 54 52 50 48 46 45 44 43 43 44 45 46 48 50 50 49 49 49 50 50 52 53 55 58
