EcoCrop/data/climate/tmax_6.asc
NCOLS 660 
NROWS 360 
XLLCORNER -20 
YLLCORNER -30 
CELLSIZE 0.1666667 
NODATA_value -3.4e+38 
[rows 150 to 179 of 360, columns 207 to 275 of 660]
281 282 285 285 284 291 287 293 298 292 288 285 287 287 288 287 287 287 288 291 292 294 301 308 302 306 308 309 308 307 299 305 304 306 297 296 297 293 289 296 302 293 291 296 290 291 301 299 300 302 300 300 298 296 295 295 294 294 294 295 294 299 300 298 298 299 299 296 291
284 286 285 288 288 288 285 290 295 296 293 286 288 291 289 286 283 286 284 284 302 301 304 304 296 300 297 305 295 296 302 304 304 304 303 300 289 288 296 292 301 298 292 299 292 298 301 298 300 303 302 301 297 297 298 294 294 293 293 293 295 297 297 297 299 297 296 296 295
287 290 288 285 292 289 286 287 294 295 290 288 291 289 290 287 287 287 291 291 300 300 303 301 299 305 299 299 296 291 291 299 303 299 299 298 298 296 297 301 298 292 298 289 298 303 302 300 302 301 302 299 298 301 298 293 294 296 294 295 294 294 296 294 296 294 295 296 293
290 288 289 288 293 290 291 293 290 290 294 290 288 289 293 289 289 286 292 294 296 299 300 302 296 306 301 300 291 288 286 285 293 292 294 297 299 298 299 298 288 290 297 295 300 302 300 299 303 299 297 299 298 298 298 296 298 295 295 294 293 295 296 295 293 294 292 291 292
290 289 289 292 292 291 289 290 292 295 295 295 289 290 284 287 292 289 289 283 295 296 298 300 304 300 297 299 290 298 296 288 291 293 294 293 295 297 290 294 292 298 299 298 301 301 302 302 302 301 299 300 298 301 294 294 296 295 296 295 295 294 295 293 294 295 294 293 293
288 287 289 290 290 295 291 292 294 297 293 294 283 287 282 286 289 290 283 285 281 295 296 298 301 302 301 292 297 294 295 292 285 291 292 293 295 296 290 286 287 288 295 294 298 299 302 303 301 299 297 297 298 296 298 296 297 292 297 297 295 295 294 293 294 295 292 292 291
285 284 285 285 288 291 293 293 295 300 296 287 285 286 285 292 289 288 282 285 282 292 294 295 298 300 301 300 299 298 295 288 285 288 288 293 295 295 295 287 293 288 294 296 297 299 297 302 303 302 299 300 298 296 298 298 294 295 295 294 295 295 295 292 293 293 292 291 292
283 283 282 283 286 284 294 296 290 297 287 286 286 284 282 283 283 290 290 289 290 289 292 292 297 300 300 297 299 298 297 296 294 290 294 295 292 296 296 291 290 293 290 296 297 299 298 300 299 300 300 299 296 296 296 298 297 296 296 294 294 295 293 291 293 292 291 290 291
285 284 286 286 280 282 283 292 296 302 291 285 287 285 286 286 284 288 285 287 279 286 290 290 295 299 299 299 300 297 298 297 296 295 295 290 294 296 291 290 292 292 291 293 298 295 295 299 300 297 296 298 300 299 300 299 298 295 295 295 294 293 293 291 293 292 291 291 289
286 286 287 288 285 285 288 288 287 299 293 288 284 288 289 285 286 285 293 282 287 289 291 289 294 298 299 300 300 299 299 294 299 295 298 295 295 291 289 293 290 296 294 296 293 299 293 294 295 295 295 300 301 301 302 302 302 300 293 294 295 293 292 293 290 290 288 290 289
284 287 287 287 289 284 284 284 285 300 291 289 287 292 293 289 291 288 287 286 290 291 287 295 296 298 299 300 300 301 300 301 298 298 297 298 299 299 295 295 293 294 291 294 292 292 294 296 295 298 297 296 294 297 299 299 300 302 299 298 297 292 292 292 291 290 290 290 289
284 283 286 288 291 283 288 293 296 294 294 294 289 286 287 293 294 288 292 291 292 294 291 295 297 297 299 300 300 300 301 301 301 301 299 299 298 300 291 295 296 292 292 297 293 295 293 296 295 293 293 294 296 299 296 296 299 302 301 300 299 296 298 292 289 290 288 288 287
286 282 286 290 292 291 287 287 296 293 299 292 293 293 291 290 288 291 294 294 294 293 294 296 297 298 299 298 299 297 300 302 298 302 302 302 299 301 298 296 295 298 298 298 299 299 296 294 295 296 301 301 294 297 297 300 301 302 301 299 300 301 298 297 290 288 287 288 289
285 287 288 288 292 295 291 292 297 296 296 292 292 290 292 291 294 294 294 294 294 296 295 298 298 294 294 294 297 298 299 300 298 302 304 303 300 301 300 297 298 296 295 298 298 297 298 297 296 296 295 300 301 296 302 303 301 302 299 300 300 299 299 297 294 291 291 289 287
286 288 282 286 294 288 290 286 297 299 294 292 289 291 295 294 295 295 295 295 295 296 297 296 294 298 298 299 297 298 297 302 298 301 299 303 297 296 302 300 299 294 296 294 299 298 296 300 298 298 299 299 296 303 301 295 302 294 296 297 298 297 299 297 290 290 290 289 290
285 285 289 290 286 289 288 293 296 298 296 296 293 292 293 291 296 296 296 297 297 297 297 297 296 299 299 298 298 297 299 296 299 299 304 303 303 303 298 296 293 293 297 295 300 300 299 299 299 299 301 299 303 298 297 300 294 297 298 294 296 299 296 297 294 293 288 288 288
293 294 292 290 288 290 293 287 293 295 296 296 295 293 294 295 295 297 297 297 298 299 298 298 299 299 300 300 300 300 301 301 303 303 303 301 298 297 298 300 295 298 296 302 302 301 301 299 301 301 299 303 301 301 298 295 292 296 292 292 294 295 297 297 296 294 292 292 291
287 296 296 286 295 289 291 296 296 298 295 296 297 294 295 296 297 298 298 298 299 299 299 299 299 300 299 300 299 300 301 302 303 303 303 304 303 303 302 302 303 302 302 302 301 300 301 300 301 302 302 302 298 298 298 298 297 296 295 297 289 297 294 293 296 296 293 294 295
289 295 286 292 293 296 296 298 295 299 293 297 298 296 297 298 298 298 299 299 299 301 300 300 300 299 299 299 299 300 301 301 303 303 303 302 302 302 302 302 301 300 300 301 296 297 298 297 300 302 302 301 300 299 299 296 294 293 293 292 293 291 291 296 296 297 297 297 297
292 292 293 292 292 282 290 295 297 298 295 297 298 297 297 297 298 299 299 299 300 301 300 300 301 299 298 298 299 301 301 302 302 300 299 299 301 298 298 299 298 299 297 297 293 294 296 295 296 296 300 301 300 300 298 298 299 297 292 295 289 290 294 292 296 296 294 296 296
290 292 287 294 285 285 293 291 293 300 297 298 298 296 298 299 299 299 299 300 300 302 301 300 299 298 298 298 299 299 298 299 301 301 301 301 300 299 300 300 300 300 297 294 300 299 298 298 292 296 295 299 300 299 299 298 298 299 291 292 296 293 296 296 297 297 296 295 296
275 282 287 289 291 285 292 292 296 297 300 297 297 299 299 299 299 300 299 298 300 301 300 299 299 298 299 299 298 299 301 302 302 301 300 299 301 300 299 299 297 300 295 296 295 296 294 293 299 297 295 295 299 300 298 298 298 298 294 295 298 295 296 297 296 295 295 295 294
283 287 288 292 286 286 292 292 295 295 298 298 298 297 298 298 298 298 298 299 299 300 300 299 299 299 299 299 299 300 300 301 301 301 300 299 300 297 297 297 298 295 294 294 298 294 295 295 295 298 291 295 293 297 299 299 300 297 298 298 297 296 295 295 295 294 295 294 294
280 283 292 293 289 287 292 295 297 295 297 298 299 298 299 298 299 298 298 299 299 299 301 300 300 299 299 299 299 300 301 300 301 302 301 299 298 298 296 295 297 297 297 296 295 298 295 293 297 296 293 293 290 297 296 300 299 296 297 296 294 292 292 294 296 295 295 294 293
281 286 289 291 292 289 292 298 296 297 297 300 300 298 299 300 299 298 299 299 299 299 299 300 299 298 298 298 298 300 300 301 300 300 301 300 300 298 299 295 295 297 295 294 294 295 292 292 294 293 293 292 291 297 297 297 300 299 299 296 295 294 290 294 295 295 295 294 291
279 289 290 293 290 292 292 298 295 299 299 299 299 299 299 298 299 298 298 298 298 299 299 299 298 298 298 297 297 298 298 299 301 301 300 299 298 299 297 297 296 294 296 296 295 294 293 295 293 294 292 289 292 291 295 298 298 299 301 301 299 296 295 296 296 294 297 296 296
284 290 291 294 291 291 294 297 299 297 299 299 299 298 299 299 300 297 298 298 298 298 298 298 297 297 297 297 296 298 298 301 301 300 300 299 298 297 298 296 296 295 296 296 297 296 294 294 294 291 296 294 290 290 295 296 298 298 300 299 299 301 299 298 297 295 296 295 294
277 283 285 287 296 296 297 300 298 299 299 299 298 299 298 297 298 299 298 298 298 298 298 298 298 297 297 298 298 299 301 301 302 302 303 301 299 296 296 297 297 297 296 294 295 295 295 294 293 290 291 289 290 288 293 297 298 297 299 298 297 294 298 298 299 299 296 295 294
283 284 288 292 292 294 298 299 300 299 299 298 297 298 298 298 298 298 297 296 297 298 299 299 298 296 295 296 297 299 300 302 302 303 303 302 299 299 297 296 298 295 296 294 297 297 295 295 295 296 291 289 292 291 289 296 298 300 298 299 298 299 298 294 298 296 296 294 295
285 288 292 294 297 299 300 301 301 301 299 299 298 298 298 297 297 297 297 297 296 297 298 298 297 296 294 293 295 298 299 302 303 304 305 303 301 300 299 297 296 298 298 298 298 298 296 294 297 294 293 296 292 289 297 298 298 300 297 297 296 295 297 296 297 295 298 297 295
