EcoCrop/data/climate/tmax_1.asc
NCOLS 660 
NROWS 360 
XLLCORNER -20 
YLLCORNER -30 
CELLSIZE 0.1666667 
NODATA_value -3.4e+38 
[rows 270 to 299 of 360, columns 207 to 275 of 660]
283 287 292 292 296 299 300 298 297 299 296 297 297 298 296 294 292 294 295 293 291 294 292 293 292 292 294 292 295 293 291 291 291 289 289 289 289 289 289 292 291 291 292 294 295 296 296 295 295 296 295 295 293 292 292 291 289 288 287 286 283 283 281 280 278 275 280 280 278
286 291 296 298 301 302 303 304 303 303 301 299 298 302 299 301 297 296 296 296 294 295 295 295 295 296 294 293 297 294 291 291 291 290 288 289 288 290 290 290 292 292 294 294 295 294 295 294 295 294 296 294 292 292 291 291 291 289 287 286 283 283 282 280 278 279 281 279 279
289 296 300 303 305 306 308 308 307 306 305 306 303 302 304 302 302 299 298 298 297 298 297 297 297 295 296 294 295 294 293 290 288 289 286 289 287 289 289 289 292 292 293 293 294 294 295 294 294 294 295 295 293 291 291 292 290 289 287 286 285 284 283 280 279 281 279 275 282
292 299 303 307 309 310 310 310 309 310 308 309 306 305 304 304 303 303 304 301 300 301 301 300 301 299 296 296 296 293 291 292 290 288 286 288 287 288 289 289 291 294 293 293 294 295 294 295 295 294 293 296 296 292 292 291 290 289 288 286 285 286 283 280 279 280 277 277 280
296 301 306 309 312 313 313 313 313 313 313 312 311 309 308 309 307 307 306 304 305 302 301 302 299 300 299 296 296 295 292 292 290 287 286 285 286 287 288 290 291 291 294 294 294 295 295 295 296 295 295 297 296 294 295 294 293 293 288 291 285 284 283 281 279 277 279 282 284
298 304 309 312 315 316 314 314 314 314 314 313 315 313 311 311 309 309 308 306 306 304 304 304 302 302 299 299 299 294 293 292 290 288 287 287 286 287 289 289 290 293 294 295 295 294 295 296 296 297 296 296 297 296 294 294 292 291 293 289 288 286 284 283 281 279 282 285 286
300 306 312 316 319 318 316 314 315 316 316 316 315 315 313 312 312 311 310 311 308 308 305 305 303 305 301 301 299 296 294 293 292 290 289 288 289 290 289 289 291 293 294 294 296 295 296 296 297 298 299 299 302 300 298 295 294 296 290 293 290 286 288 282 281 280 284 284 285
302 308 313 317 321 320 318 316 317 317 318 318 317 317 315 315 314 313 311 310 310 309 307 308 305 304 302 304 301 297 295 294 293 292 289 289 289 290 291 293 291 293 294 295 295 296 297 298 298 298 299 301 303 301 299 297 295 296 293 290 289 288 286 285 282 281 284 284 287
304 308 313 318 321 321 319 318 318 319 319 319 319 318 317 316 315 314 313 314 311 311 310 310 306 305 304 304 302 299 297 295 294 294 291 291 290 290 292 292 292 293 295 295 296 297 297 298 298 299 301 301 301 302 299 298 296 296 292 294 294 288 288 289 287 289 285 286 287
303 307 312 316 319 320 320 319 319 320 320 320 319 319 318 317 317 315 314 314 313 311 312 309 308 307 305 305 302 301 298 297 296 295 296 293 291 292 292 292 293 294 296 295 296 297 298 298 300 300 300 301 302 301 301 299 299 295 296 294 290 289 287 292 291 291 287 285 286
303 307 310 314 317 319 319 319 319 320 320 320 320 319 319 319 317 316 316 314 316 313 312 310 310 307 306 306 305 302 300 299 297 296 295 294 293 293 294 294 294 294 295 296 297 297 298 300 300 301 300 302 301 300 300 298 297 297 299 294 293 291 291 294 294 292 292 290 285
303 306 310 313 315 317 318 319 319 320 320 320 320 320 320 319 318 318 317 315 315 317 313 312 310 309 308 306 305 304 302 300 298 297 297 296 295 295 294 294 295 294 295 297 297 298 299 299 300 301 301 300 301 301 300 299 299 296 295 294 294 292 296 296 297 295 293 287 284
303 306 309 312 315 316 316 316 318 319 319 321 320 320 320 319 319 317 318 316 316 315 313 312 312 310 309 307 306 304 306 302 300 299 298 296 296 296 294 295 294 295 295 297 297 298 299 299 300 301 302 302 301 301 300 299 297 297 295 295 295 299 299 299 299 295 291 287 281
304 307 310 312 314 315 316 316 318 319 320 321 321 321 320 320 320 318 318 318 316 316 316 314 313 312 310 309 308 306 305 305 301 300 298 297 297 295 295 295 294 295 296 296 297 298 300 301 300 302 302 302 301 301 300 298 298 297 296 297 298 300 301 301 300 298 292 289 284
304 307 310 312 314 316 317 317 318 320 321 321 321 321 321 321 321 319 319 317 317 317 317 316 315 314 311 311 308 308 306 304 304 303 299 299 298 296 295 295 294 295 296 296 297 298 299 300 300 302 302 303 302 301 301 299 298 297 298 298 302 302 303 303 302 300 297 293 290
305 308 310 313 314 315 317 318 319 320 320 322 322 322 322 321 321 320 320 318 318 318 317 316 318 315 313 311 310 310 307 306 304 303 301 300 298 297 296 294 294 294 295 296 298 299 300 301 301 303 303 302 302 303 301 300 298 300 301 302 303 304 304 305 305 301 297 292 288
305 308 311 314 316 316 318 318 320 321 321 323 323 323 323 321 321 321 321 319 319 318 318 317 316 317 314 312 312 310 308 307 306 305 303 302 299 298 296 295 295 295 295 297 298 300 301 301 302 303 303 303 304 303 302 302 303 303 303 303 304 305 306 307 303 304 296 297 299
305 308 312 314 317 317 319 320 321 322 323 324 324 324 323 322 322 322 320 320 320 318 318 317 316 315 315 313 312 311 311 310 308 306 304 303 302 300 298 297 295 294 296 298 299 301 302 302 304 304 304 304 305 304 304 305 304 304 305 305 305 302 302 302 300 298 296 301 302
305 310 312 315 317 319 320 322 323 323 325 325 325 324 324 323 323 322 321 320 319 318 317 316 316 315 313 312 311 310 309 310 307 306 304 304 302 300 298 297 295 294 297 299 301 303 304 304 304 305 305 307 306 306 306 306 305 306 306 306 305 302 302 301 299 297 294 297 290
306 310 313 316 318 321 322 324 325 325 327 327 325 325 325 323 323 323 321 320 319 318 317 316 315 314 313 312 311 309 308 308 307 307 305 304 302 301 300 299 298 297 300 304 304 304 305 305 307 306 306 307 307 307 307 306 307 306 307 304 303 304 301 301 298 295 292 293 299
306 310 314 316 319 321 323 326 326 327 328 328 327 327 325 325 324 322 321 321 319 317 316 315 314 313 312 312 311 309 309 310 308 307 305 305 303 303 302 301 300 301 303 305 308 307 307 307 308 308 308 309 309 308 308 307 307 308 306 305 305 304 301 299 296 294 292 295 291
306 310 314 317 320 323 325 327 327 329 329 329 329 328 327 326 324 322 321 319 319 317 316 314 313 312 312 311 310 309 309 309 308 307 305 305 305 304 304 303 303 304 306 307 309 310 309 309 310 310 309 310 310 309 309 309 308 308 308 306 305 304 300 299 297 294 291 290 293
305 310 313 317 320 323 326 328 331 332 331 331 330 329 327 326 323 323 321 319 318 316 316 314 313 311 311 310 309 309 308 309 308 307 306 306 306 305 306 306 306 307 308 307 310 311 311 310 311 311 311 311 310 310 310 310 309 309 309 308 306 305 303 301 299 296 293 292 293
304 308 312 317 320 324 328 331 333 333 332 332 330 329 326 324 323 322 320 319 317 316 314 313 312 311 311 310 309 309 308 309 308 307 307 308 307 309 310 308 309 309 311 310 312 313 312 312 313 312 312 311 312 311 311 310 310 310 309 308 306 304 303 301 300 299 296 293 292
301 306 311 315 319 325 328 331 335 334 332 331 330 328 325 323 321 319 318 317 315 313 312 312 312 310 311 309 310 308 312 309 308 308 308 308 309 309 309 310 311 311 311 313 313 314 314 314 313 314 313 313 312 312 311 311 310 311 309 307 307 305 304 302 301 300 297 297 295
298 303 308 308 318 322 327 330 334 334 333 330 329 327 323 321 318 316 311 308 309 309 309 309 310 311 309 309 310 310 310 309 308 308 310 310 309 310 310 310 311 312 314 315 315 316 315 315 315 315 314 314 314 313 313 312 312 310 309 308 307 306 305 303 303 300 299 297 296
296 299 300 308 311 320 325 327 331 331 330 329 326 322 319 315 312 309 305 293 298 298 303 305 308 310 310 310 310 310 309 309 309 309 309 311 310 311 309 311 313 315 316 317 318 318 317 317 316 317 316 315 315 314 313 313 312 311 310 309 308 306 306 305 303 301 300 299 299
297 301 301 307 311 316 322 322 326 327 326 325 321 317 308 296 305 300 296 283 293 296 302 307 309 309 310 311 310 311 311 309 309 309 310 311 311 310 312 314 315 317 319 318 320 319 318 319 318 317 317 316 316 316 315 314 314 311 312 310 309 308 308 306 304 303 301 301 299
302 301 305 311 316 316 321 322 323 323 322 320 315 309 309 306 302 299 295 297 297 301 305 307 310 310 309 310 311 311 311 311 311 311 312 313 313 312 310 312 318 318 320 320 321 321 321 320 319 319 319 318 317 316 316 315 314 313 312 310 309 310 309 307 306 305 304 303 304
306 303 314 312 314 314 318 321 322 322 320 319 317 313 309 305 295 298 301 304 305 307 308 309 309 309 309 310 310 312 311 312 313 312 312 313 314 314 314 316 319 320 321 323 323 323 322 322 321 320 319 319 318 318 317 316 315 313 313 312 312 311 310 308 307 306 305 306 304
