EcoCrop/data/climate/tmax_12.asc
NCOLS 660 
NROWS 360 
XLLCORNER -20 
YLLCORNER -30 
CELLSIZE 0.1666667 
NODATA_value -3.4e+38 
[rows 0 to 29 of 360, columns 276 to 344 of 660]
194 194 194 198 203 200 209 209 208 208 207 205 205 202 201 199 198 195 194 192 190 191 192 190 190 194 195 198 200 201 206 214 198 192 193 194 193 200 179 -3.4e+38 207 174 161 172 171 171 176 171 176 173 173 178 177 187 216 149 156 121 145 158 162 161 159 158 152 156 154 160 163
195 194 199 206 209 210 209 209 207 208 206 203 203 199 199 198 196 195 195 194 193 194 193 191 189 191 191 192 196 198 205 214 208 197 188 199 196 213 -3.4e+38 -3.4e+38 212 178 173 162 165 170 170 173 174 174 172 172 172 174 206 161 168 168 159 153 159 168 165 162 153 156 145 156 163
196 196 199 208 211 210 210 210 209 205 206 204 201 198 198 196 195 195 194 193 192 191 189 188 187 187 192 197 205 207 209 214 210 197 196 198 209 211 -3.4e+38 -3.4e+38 213 203 163 159 163 163 163 167 166 170 158 163 169 204 191 146 159 164 166 168 171 173 170 166 158 143 152 147 150
198 198 200 207 214 212 212 210 210 210 208 201 199 200 196 195 194 193 193 193 192 190 188 186 193 200 202 205 205 208 210 215 210 187 180 173 159 146 186 -3.4e+38 -3.4e+38 203 183 150 160 165 157 153 153 162 163 169 186 -3.4e+38 169 158 145 161 167 176 177 177 170 162 153 153 147 138 150
209 199 200 208 211 211 212 211 211 210 209 203 205 204 198 197 197 194 193 193 192 193 191 188 199 202 202 201 204 208 213 215 206 192 185 178 168 155 194 214 -3.4e+38 213 181 173 144 158 157 143 145 131 164 160 -3.4e+38 -3.4e+38 187 168 130 143 163 176 182 181 177 169 155 145 152 156 164
208 208 208 212 212 212 212 211 210 209 208 209 203 201 201 198 200 197 198 196 196 196 195 196 204 196 208 205 207 212 218 204 203 199 196 188 202 208 209 214 -3.4e+38 -3.4e+38 -3.4e+38 190 175 168 138 123 136 148 174 193 -3.4e+38 208 180 133 151 137 159 175 182 182 180 170 165 157 152 155 162
203 202 211 208 210 207 205 205 208 207 205 202 202 201 200 200 204 203 202 199 199 199 199 197 201 201 206 205 207 214 215 215 207 205 204 205 206 197 157 205 -3.4e+38 -3.4e+38 -3.4e+38 205 165 159 158 123 153 146 171 178 -3.4e+38 184 151 161 149 143 158 174 182 182 178 180 171 168 155 154 162
204 202 206 205 205 209 209 209 206 204 202 204 201 200 200 200 203 202 202 204 202 203 203 202 202 202 204 208 213 216 209 214 209 207 203 197 190 157 166 200 214 -3.4e+38 -3.4e+38 210 189 169 159 141 139 164 175 180 -3.4e+38 157 183 143 133 156 147 170 180 182 176 174 179 172 166 161 165
209 205 206 205 205 206 205 205 201 205 203 203 203 200 200 200 201 203 202 206 208 206 206 206 204 205 205 212 215 216 208 205 207 203 202 196 175 156 171 193 206 -3.4e+38 -3.4e+38 217 211 194 160 125 137 143 181 -3.4e+38 -3.4e+38 192 194 148 134 151 154 160 180 182 184 185 173 175 166 166 170
206 204 203 202 201 203 203 202 203 200 200 199 200 199 199 201 203 211 202 205 209 208 208 208 207 208 209 215 217 215 213 203 203 200 194 184 172 181 169 187 203 213 -3.4e+38 -3.4e+38 185 214 183 126 134 171 172 -3.4e+38 -3.4e+38 205 215 196 144 158 170 154 178 182 187 185 182 179 171 163 169
207 204 205 203 203 201 201 201 201 200 200 200 201 201 201 202 207 210 210 205 208 211 210 211 211 210 211 217 220 214 213 212 209 207 200 195 187 185 183 184 189 204 219 -3.4e+38 -3.4e+38 -3.4e+38 212 157 122 187 224 -3.4e+38 218 219 223 209 210 127 168 163 169 178 177 184 181 180 175 174 172
205 206 205 204 203 202 202 202 200 200 200 201 202 203 201 208 207 201 206 206 209 212 212 211 213 212 213 218 221 214 213 211 209 206 201 190 187 176 182 181 174 174 209 220 -3.4e+38 -3.4e+38 221 204 171 206 224 -3.4e+38 -3.4e+38 228 -3.4e+38 222 219 210 191 169 166 170 174 178 176 180 173 179 173
204 206 206 205 203 203 202 201 200 200 200 201 201 201 201 206 203 205 205 206 209 209 214 212 214 214 215 216 221 214 209 210 208 206 200 192 187 179 185 189 176 188 203 216 221 -3.4e+38 -3.4e+38 -3.4e+38 213 206 -3.4e+38 226 -3.4e+38 -3.4e+38 -3.4e+38 -3.4e+38 222 215 198 169 168 153 152 165 167 165 172 175 178
206 207 205 205 205 204 202 201 200 200 200 200 201 201 201 203 205 205 206 207 207 210 213 216 216 215 216 218 222 220 211 208 207 207 203 199 193 187 191 193 191 189 202 213 221 -3.4e+38 -3.4e+38 -3.4e+38 -3.4e+38 226 -3.4e+38 -3.4e+38 -3.4e+38 -3.4e+38 -3.4e+38 -3.4e+38 -3.4e+38 222 215 185 186 161 166 156 156 156 165 169 177
206 204 205 205 205 205 203 201 199 198 197 199 201 203 203 201 203 205 204 206 207 209 211 216 219 218 218 219 223 221 213 208 209 208 202 199 193 187 183 198 199 183 196 214 218 -3.4e+38 -3.4e+38 -3.4e+38 -3.4e+38 -3.4e+38 -3.4e+38 -3.4e+38 -3.4e+38 -3.4e+38 -3.4e+38 -3.4e+38 -3.4e+38 223 224 214 210 199 196 181 139 143 150 167 171
205 204 205 205 204 204 201 200 198 197 197 202 207 210 211 200 200 203 205 207 208 210 212 216 218 220 218 219 224 218 216 214 209 209 207 202 197 191 188 205 201 189 182 208 218 225 -3.4e+38 -3.4e+38 -3.4e+38 -3.4e+38 -3.4e+38 -3.4e+38 -3.4e+38 -3.4e+38 -3.4e+38 -3.4e+38 -3.4e+38 -3.4e+38 229 219 216 212 212 200 135 150 151 162 163
206 205 204 206 204 202 207 207 202 204 196 205 209 209 207 212 202 205 207 206 206 210 213 215 218 218 218 218 219 224 224 220 218 214 207 204 199 194 193 207 207 195 191 188 213 221 228 228 -3.4e+38 -3.4e+38 -3.4e+38 -3.4e+38 -3.4e+38 -3.4e+38 -3.4e+38 -3.4e+38 -3.4e+38 -3.4e+38 -3.4e+38 232 230 220 211 192 159 170 153 161 159
206 205 205 203 203 204 207 203 199 193 193 206 208 208 208 212 202 205 207 205 205 210 214 216 218 218 217 217 220 219 217 221 216 211 209 205 202 199 197 195 213 201 200 195 197 185 223 -3.4e+38 -3.4e+38 -3.4e+38 -3.4e+38 -3.4e+38 -3.4e+38 -3.4e+38 -3.4e+38 -3.4e+38 -3.4e+38 -3.4e+38 -3.4e+38 236 232 227 225 220 205 171 177 177 166
205 204 205 205 203 202 202 201 195 194 208 206 206 209 208 207 211 204 206 209 208 209 212 217 216 216 219 218 217 218 217 218 226 225 212 208 205 204 200 199 218 215 209 192 187 198 217 229 -3.4e+38 -3.4e+38 -3.4e+38 -3.4e+38 -3.4e+38 -3.4e+38 -3.4e+38 -3.4e+38 -3.4e+38 -3.4e+38 -3.4e+38 -3.4e+38 230 234 232 227 215 220 194 173 173
206 205 205 204 203 203 201 201 200 206 208 206 207 208 207 209 212 210 207 209 210 212 211 214 216 218 219 218 217 217 218 217 230 233 212 210 209 206 206 218 221 219 214 205 197 194 218 231 -3.4e+38 -3.4e+38 -3.4e+38 -3.4e+38 -3.4e+38 -3.4e+38 -3.4e+38 -3.4e+38 -3.4e+38 -3.4e+38 -3.4e+38 -3.4e+38 -3.4e+38 235 236 229 230 219 196 183 194
205 205 204 204 204 205 203 202 204 201 204 206 206 208 210 209 210 214 209 210 210 211 214 214 214 217 219 219 219 220 219 218 221 233 234 217 215 213 209 207 226 210 217 211 203 205 217 233 -3.4e+38 -3.4e+38 -3.4e+38 -3.4e+38 -3.4e+38 -3.4e+38 -3.4e+38 -3.4e+38 -3.4e+38 -3.4e+38 -3.4e+38 -3.4e+38 -3.4e+38 -3.4e+38 222 235 229 223 201 184 178
205 205 205 204 202 202 206 203 205 207 208 199 202 207 210 211 212 213 207 209 212 211 212 214 215 217 219 220 220 221 220 218 220 225 238 221 233 216 216 214 212 223 223 214 202 194 219 221 237 -3.4e+38 -3.4e+38 -3.4e+38 -3.4e+38 -3.4e+38 -3.4e+38 -3.4e+38 -3.4e+38 -3.4e+38 -3.4e+38 -3.4e+38 -3.4e+38 -3.4e+38 242 236 230 229 223 159 175
206 205 205 204 203 203 202 205 203 207 206 200 198 203 209 210 213 213 216 216 210 213 212 215 217 217 219 220 221 223 223 222 223 228 233 241 239 222 233 234 234 225 222 219 205 204 211 225 231 -3.4e+38 -3.4e+38 -3.4e+38 -3.4e+38 -3.4e+38 -3.4e+38 -3.4e+38 -3.4e+38 -3.4e+38 -3.4e+38 -3.4e+38 -3.4e+38 -3.4e+38 -3.4e+38 239 239 227 235 216 174
206 206 204 203 203 202 203 205 207 208 210 207 204 200 201 209 211 213 213 215 215 217 219 214 215 216 218 219 222 223 224 225 227 229 230 235 242 241 241 236 236 233 226 228 217 214 211 225 231 241 -3.4e+38 -3.4e+38 -3.4e+38 -3.4e+38 -3.4e+38 -3.4e+38 -3.4e+38 -3.4e+38 -3.4e+38 -3.4e+38 -3.4e+38 -3.4e+38 -3.4e+38 247 244 243 241 225 204
207 206 205 207 203 204 209 204 207 209 210 213 214 215 218 221 205 210 211 210 211 210 211 211 217 214 224 232 221 223 224 227 227 229 230 239 231 241 223 222 242 237 239 235 229 221 214 218 228 237 246 -3.4e+38 -3.4e+38 -3.4e+38 -3.4e+38 -3.4e+38 -3.4e+38 -3.4e+38 -3.4e+38 -3.4e+38 -3.4e+38 -3.4e+38 -3.4e+38 -3.4e+38 250 249 247 243 243
206 205 206 205 207 206 204 204 207 210 209 215 215 217 219 222 214 223 203 204 206 207 208 207 216 224 232 234 231 222 223 225 226 230 230 231 230 230 228 223 248 236 238 238 236 230 225 216 218 221 244 -3.4e+38 -3.4e+38 -3.4e+38 -3.4e+38 -3.4e+38 -3.4e+38 -3.4e+38 -3.4e+38 -3.4e+38 -3.4e+38 -3.4e+38 -3.4e+38 252 253 252 249 243 248
206 207 206 205 204 205 205 206 207 208 209 210 214 217 219 221 223 227 224 226 206 206 206 206 208 228 233 238 235 224 223 224 223 229 230 231 229 228 249 248 245 235 233 238 235 227 221 215 212 212 231 248 -3.4e+38 -3.4e+38 -3.4e+38 -3.4e+38 -3.4e+38 -3.4e+38 -3.4e+38 -3.4e+38 -3.4e+38 -3.4e+38 -3.4e+38 -3.4e+38 -3.4e+38 256 253 251 240
206 206 205 202 204 204 206 206 206 207 208 210 213 217 219 220 222 223 227 228 228 222 207 209 221 231 234 241 240 224 224 225 225 227 228 228 228 230 249 248 236 237 237 239 235 232 223 226 222 220 216 241 -3.4e+38 -3.4e+38 -3.4e+38 -3.4e+38 -3.4e+38 -3.4e+38 -3.4e+38 -3.4e+38 -3.4e+38 -3.4e+38 -3.4e+38 -3.4e+38 -3.4e+38 -3.4e+38 259 255 244
206 202 203 203 205 206 205 206 206 207 209 210 214 217 220 218 216 220 226 225 223 228 228 230 229 231 236 244 243 226 227 227 228 229 229 229 228 227 245 252 247 243 242 236 232 235 232 228 224 220 230 237 249 -3.4e+38 -3.4e+38 -3.4e+38 -3.4e+38 -3.4e+38 -3.4e+38 -3.4e+38 -3.4e+38 -3.4e+38 -3.4e+38 -3.4e+38 -3.4e+38 -3.4e+38 -3.4e+38 260 248
205 204 200 201 201 203 205 206 208 208 211 212 214 214 218 217 219 219 220 220 225 225 226 229 231 232 239 244 243 234 228 229 230 229 230 230 231 231 246 250 252 251 247 239 242 239 231 231 228 224 223 222 242 -3.4e+38 -3.4e+38 -3.4e+38 -3.4e+38 -3.4e+38 -3.4e+38 -3.4e+38 -3.4e+38 -3.4e+38 -3.4e+38 -3.4e+38 -3.4e+38 -3.4e+38 -3.4e+38 -3.4e+38 253
