EcoCrop/data/climate/tmax_7.asc
NCOLS 660 
NROWS 360 
XLLCORNER -20 
YLLCORNER -30 
CELLSIZE 0.1666667 
NODATA_value -3.4e+38 
[rows 60 to 89 of 360, columns 69 to 137 of 660]
435 435 435 437 437 439 439 439 440 441 441 442 443 444 444 444 445 446 447 447 447 447 448 448 448 448 449 449 448 448 449 447 446 445 443 442 440 439 439 436 434 432 431 429 433 430 426 424 422 424 422 418 420 419 419 415 415 414 409 408 406 404 402 400 397 396 395 396 395
432 432 433 434 435 435 437 437 438 438 439 440 441 441 441 442 443 442 444 444 444 445 445 446 446 447 447 447 447 447 447 446 444 443 442 440 439 438 436 437 433 431 429 429 428 428 425 421 420 421 419 417 417 419 417 415 414 412 407 404 403 402 401 398 398 396 395 398 397
430 430 432 432 433 434 434 434 436 436 437 437 438 438 438 439 440 440 441 441 442 443 443 444 445 445 445 445 446 446 445 444 442 442 440 438 437 436 434 432 430 430 426 427 426 427 419 418 419 418 414 416 416 417 416 413 413 408 400 401 402 400 400 398 397 394 396 397 399
427 428 428 430 430 431 431 432 433 434 434 435 435 436 436 437 438 438 438 439 440 440 440 442 442 442 444 444 444 444 444 443 441 439 438 436 434 432 430 429 428 424 425 424 423 422 420 417 417 412 412 415 415 415 414 412 410 408 405 402 401 399 396 397 394 394 398 397 398
424 425 426 427 427 428 429 430 430 431 431 432 432 432 434 434 434 435 435 436 437 437 437 439 439 440 441 442 442 442 441 441 439 438 436 433 432 430 427 428 424 424 422 419 419 419 418 416 412 412 412 414 414 413 413 411 407 404 400 398 399 400 395 396 395 394 397 398 399
422 423 423 425 425 426 426 427 428 430 429 430 430 430 430 431 431 432 433 433 434 434 435 436 437 438 439 439 440 441 439 438 436 435 432 431 429 426 425 424 423 419 418 418 415 417 413 412 410 410 411 411 410 411 412 408 407 404 400 401 401 400 398 396 394 393 396 397 398
419 421 421 422 422 423 424 425 425 425 426 426 427 427 428 427 429 429 429 431 431 431 432 433 434 435 436 437 437 439 437 436 434 432 430 428 426 424 423 422 418 417 415 414 413 410 410 407 407 408 408 407 407 407 410 408 406 397 402 401 401 400 397 395 393 391 394 396 397
417 417 418 419 420 421 421 422 422 423 423 423 423 423 424 424 425 426 426 427 427 428 429 430 430 431 432 432 434 434 434 432 430 428 427 424 422 421 420 418 416 413 412 410 409 408 409 405 404 404 407 406 406 407 408 406 405 404 402 402 397 398 396 394 393 395 396 398 397
417 415 416 417 417 417 419 418 420 419 420 420 421 421 422 423 422 423 423 424 424 425 425 425 427 428 428 428 429 430 428 427 426 424 422 421 419 417 416 413 412 411 410 407 405 404 404 402 402 403 404 402 403 404 406 404 403 403 399 397 398 396 395 395 394 394 393 397 396
414 412 413 413 415 416 416 416 417 417 418 418 418 418 418 418 419 419 420 420 420 420 421 422 423 423 424 424 425 425 424 423 422 420 419 417 415 413 412 411 409 408 406 405 403 403 402 400 402 403 401 399 402 404 403 403 402 398 397 399 397 397 395 395 393 393 396 396 397
412 414 411 411 412 413 413 413 415 414 415 415 415 416 416 415 416 416 416 417 416 417 417 417 418 419 419 419 420 420 420 418 417 416 415 413 411 409 407 406 405 404 402 401 401 400 399 397 400 400 400 398 400 400 402 400 401 399 400 398 398 395 394 394 394 393 395 396 396
410 412 411 407 409 409 410 411 412 412 412 413 413 412 412 413 413 412 413 413 413 412 412 413 413 414 414 415 415 415 414 413 412 411 410 408 406 406 404 403 402 400 399 399 398 398 396 397 395 397 398 397 397 399 400 399 399 398 399 394 395 394 393 393 393 395 394 395 395
408 408 410 414 406 406 406 408 409 409 409 409 410 409 410 410 409 409 409 410 409 409 409 409 410 410 410 410 411 410 410 409 408 407 405 404 403 402 400 398 397 397 397 396 395 395 395 395 394 394 397 394 396 397 397 396 396 395 395 393 393 392 393 393 393 393 393 395 396
405 405 407 411 412 412 405 405 405 406 406 406 407 406 406 406 406 406 406 405 406 405 405 405 406 405 405 407 406 405 405 405 403 402 402 400 399 397 396 395 394 393 393 392 392 392 392 392 392 392 394 392 395 395 394 394 394 393 393 393 392 392 392 392 392 393 394 394 394
403 404 404 405 406 408 403 402 403 403 403 403 403 403 403 403 403 403 402 402 402 401 401 401 401 401 401 402 401 401 400 400 399 399 397 396 395 393 392 391 390 390 389 389 389 389 389 388 389 390 390 391 392 391 393 393 392 392 392 392 391 391 392 392 392 392 394 392 392
400 401 401 402 402 405 406 405 399 399 400 400 400 400 400 399 399 398 399 398 397 398 397 397 397 397 397 396 397 397 397 395 395 395 394 392 391 390 388 388 386 386 386 386 385 387 387 386 388 387 390 388 390 391 391 391 390 390 390 388 388 390 390 392 391 392 392 393 391
397 398 398 399 400 400 400 401 401 397 397 396 396 396 396 396 395 395 395 394 393 394 393 393 393 392 392 392 393 392 392 392 391 390 389 389 387 386 384 383 383 383 382 383 383 384 384 384 384 387 385 386 387 388 389 390 389 390 389 387 388 388 389 390 390 391 391 389 388
394 395 395 395 397 397 399 395 393 393 393 392 393 393 392 392 391 391 391 390 390 390 389 388 387 387 387 388 387 387 388 388 387 387 387 385 384 383 380 380 380 379 379 380 381 382 382 382 383 384 383 385 388 387 387 388 387 386 385 386 384 386 387 389 389 390 389 386 383
391 391 392 393 394 396 396 387 388 388 389 389 388 389 388 388 387 387 387 386 385 386 385 384 383 383 383 383 384 384 383 384 385 384 383 383 380 379 378 377 377 377 377 378 379 380 380 381 382 383 382 384 386 386 385 386 386 385 385 384 384 380 386 387 389 388 382 383 383
388 388 389 390 392 393 393 386 384 384 385 385 384 385 385 384 384 383 383 383 381 381 381 380 380 379 379 379 379 379 380 381 381 382 380 379 378 377 376 375 374 376 376 376 375 378 379 379 381 383 383 385 386 386 383 384 383 383 381 384 383 381 383 388 386 387 384 381 382
383 384 386 387 388 389 389 381 379 380 380 381 381 381 381 380 380 380 379 379 378 377 376 375 374 373 374 374 374 375 377 379 379 379 379 377 376 375 374 375 374 373 375 374 375 376 376 379 380 383 383 384 383 383 381 380 380 381 381 380 379 381 382 383 384 385 381 382 378
380 381 382 383 383 384 385 384 381 374 376 377 377 377 377 376 376 375 375 374 373 372 371 370 370 370 369 368 371 372 373 375 377 376 376 375 374 373 373 371 373 372 373 374 373 372 373 377 379 381 385 384 382 380 380 378 378 378 377 378 379 378 378 381 381 379 378 381 377
376 377 377 379 379 379 380 379 377 375 372 372 373 373 373 372 373 372 371 370 370 366 367 365 365 364 364 365 364 367 369 371 373 372 372 372 371 372 369 370 370 370 371 373 373 373 374 375 377 379 384 381 380 376 376 376 376 375 376 377 376 378 377 381 382 380 380 381 379
372 372 373 373 373 374 373 372 371 370 368 368 369 369 369 368 368 366 367 365 365 363 361 362 362 360 354 360 361 362 364 367 368 369 368 369 369 368 368 369 369 369 370 372 373 373 373 373 374 378 377 379 375 374 372 372 371 372 372 374 374 376 376 378 382 380 378 377 376
368 367 368 367 369 367 368 367 368 366 366 364 365 364 364 366 363 363 361 360 358 360 360 359 358 355 356 356 357 359 361 362 364 365 366 364 366 366 366 367 366 368 368 371 369 370 370 371 373 373 373 373 372 370 368 368 368 370 370 371 375 373 375 376 378 380 377 376 376
364 363 362 361 362 361 362 364 363 363 362 362 360 361 359 361 361 359 356 356 358 359 358 356 356 355 354 353 354 355 357 357 359 361 362 361 362 364 365 365 366 366 368 368 369 365 368 370 370 369 369 369 368 366 364 365 365 367 368 371 370 373 372 373 375 376 376 374 373
358 358 357 357 357 358 357 359 359 359 359 357 357 356 355 356 357 358 356 356 355 356 355 354 353 352 352 352 352 352 353 355 356 357 359 360 359 361 363 365 365 367 367 366 366 367 366 368 369 368 368 366 363 361 362 363 363 364 366 368 367 368 371 371 370 372 373 370 371
352 353 352 353 353 353 353 353 354 354 355 354 353 352 351 353 353 353 354 354 353 353 352 352 351 351 350 349 349 349 351 352 353 353 356 356 358 359 361 364 366 365 366 366 367 366 365 364 366 367 365 364 363 359 360 363 362 363 363 366 365 365 368 368 368 368 370 368 368
347 347 347 348 349 350 348 349 349 350 349 351 349 348 348 349 350 351 352 351 351 350 350 349 349 348 348 347 346 342 348 349 350 349 348 353 355 358 360 361 352 364 362 365 364 364 365 364 363 362 365 362 362 361 360 362 361 360 361 362 361 363 365 365 365 364 367 366 364
344 344 345 345 345 346 345 345 346 346 347 346 346 344 345 346 347 349 348 349 348 348 348 347 347 347 346 345 343 345 345 345 346 319 343 350 353 338 353 358 360 361 361 361 362 363 362 363 363 359 361 362 362 360 359 359 358 359 361 360 360 361 362 363 361 362 362 363 359
