EcoCrop/data/climate/tmax_5.asc
NCOLS 660 
NROWS 360 
XLLCORNER -20 
YLLCORNER -30 
CELLSIZE 0.1666667 
NODATA_value -3.4e+38 
[rows 120 to 149 of 360, columns 138 to 206 of 660]
330 328 328 333 335 337 337 336 336 342 339 338 337 335 335 335 341 346 338 345 338 337 333 329 320 316 318 314 312 311 313 313 316 312 295 294 303 322 329 337 340 342 338 338 348 353 346 342 346 345 345 347 333 352 353 331 337 344 345 344 327 343 335 346 346 351 354 360 364
326 323 329 334 336 332 336 335 336 340 335 337 339 337 337 338 341 346 347 340 331 334 326 326 324 321 318 317 308 311 309 305 305 303 293 291 306 314 325 333 335 336 340 345 348 348 340 348 346 330 332 327 340 352 356 352 342 355 353 343 333 352 348 348 353 353 353 359 360
330 324 328 332 333 328 332 334 338 341 337 337 341 341 338 340 340 344 343 335 331 333 330 322 319 319 318 318 315 307 311 312 290 300 294 290 298 303 297 327 331 328 337 337 341 349 351 333 344 342 350 348 356 357 356 352 354 351 357 355 356 355 348 349 352 354 355 357 357
327 325 327 329 331 329 329 332 335 341 338 338 338 340 337 338 343 344 341 340 337 331 324 324 320 317 310 307 316 310 315 322 327 326 292 279 290 297 294 322 343 338 343 339 348 352 335 339 337 353 354 355 355 355 352 356 357 354 356 358 356 354 353 354 353 351 351 351 351
327 327 330 328 329 331 331 329 336 338 342 341 337 341 339 333 341 342 340 342 339 332 330 330 323 319 305 307 324 321 323 325 325 323 282 282 285 294 305 326 334 345 344 344 347 350 350 351 352 353 352 351 347 349 350 353 355 357 356 355 356 353 350 353 352 351 347 346 353
324 324 325 326 326 326 327 323 329 334 342 343 343 343 339 341 337 340 341 337 337 331 330 332 332 324 319 315 325 324 327 323 321 327 306 308 327 335 339 345 342 345 344 346 345 347 347 350 351 349 346 330 339 339 347 352 330 351 351 353 348 348 348 349 349 350 351 350 349
323 327 324 321 319 323 325 323 331 333 334 332 332 339 342 342 342 341 340 336 335 336 334 334 332 327 320 324 327 327 326 323 326 331 341 336 339 340 343 344 344 343 343 345 345 345 347 348 347 346 345 333 331 340 341 345 339 345 345 350 332 344 343 347 349 350 349 349 348
328 324 319 321 322 321 321 328 326 330 331 330 334 332 336 337 340 340 340 340 334 334 333 330 330 324 313 326 327 327 325 334 315 335 340 342 339 341 340 340 341 341 341 342 344 346 346 344 344 344 340 331 320 317 338 337 339 335 322 347 344 338 342 342 346 347 347 349 347
321 323 314 320 322 319 324 327 326 329 324 329 325 332 329 328 332 334 336 337 338 330 331 334 325 320 321 324 329 326 325 337 337 336 334 339 339 338 338 339 338 336 340 341 342 342 340 339 342 340 340 328 288 324 334 334 333 270 344 341 343 336 339 338 341 343 346 346 344
326 321 321 323 323 324 319 321 324 325 323 324 325 329 324 329 326 327 328 331 337 335 331 329 330 330 326 329 331 324 334 335 331 330 331 334 336 335 334 333 334 335 337 336 337 339 336 339 337 332 331 335 300 320 328 329 338 337 340 336 335 324 335 336 337 338 339 343 338
322 323 323 318 323 318 318 322 322 317 319 315 307 323 324 320 325 323 320 317 328 332 332 326 318 329 328 330 331 328 331 330 327 327 331 327 328 332 331 329 329 331 333 333 333 337 336 336 337 337 334 312 297 292 326 332 314 332 335 338 334 330 322 323 332 335 334 337 340
324 326 319 320 324 319 320 320 319 317 316 312 305 308 314 320 308 316 312 312 315 328 335 318 323 330 332 332 329 326 329 325 326 326 329 327 326 327 328 328 324 326 331 333 331 334 335 334 335 333 328 332 316 297 327 330 327 327 330 332 333 330 324 325 331 333 329 318 326
323 324 322 320 320 320 321 318 316 318 313 313 306 304 307 306 309 309 307 307 319 323 332 332 332 319 326 322 326 328 328 328 326 325 325 327 327 327 326 325 323 325 327 327 331 331 331 332 332 330 330 333 323 322 319 328 325 321 321 322 327 327 323 320 328 301 287 295 277
325 324 325 322 321 316 315 316 321 316 314 303 304 303 301 299 301 307 307 319 321 316 332 328 325 310 312 318 321 321 322 324 324 323 324 323 322 320 323 322 322 324 326 325 329 326 299 331 329 326 324 325 330 322 314 324 280 307 259 300 321 314 298 320 320 279 276 282 314
323 324 323 324 320 317 318 319 319 316 308 290 306 307 308 307 302 310 310 304 322 326 307 318 314 307 309 308 314 318 319 322 320 318 320 319 323 323 322 321 320 323 325 326 328 309 311 316 287 306 328 329 319 307 313 302 318 312 289 297 304 316 290 275 287 301 303 304 308
326 320 323 321 319 317 319 318 319 315 316 311 309 303 306 309 308 307 306 297 321 323 328 322 308 319 313 304 303 313 314 318 319 314 320 317 318 321 320 320 320 323 322 326 324 314 291 299 293 322 326 288 297 266 310 260 313 286 285 295 297 297 289 286 287 288 287 302 285
319 325 319 314 318 317 320 314 320 318 315 313 309 307 308 308 313 313 312 310 311 319 327 319 313 315 310 306 313 317 315 320 317 318 319 318 319 319 320 320 319 319 321 323 325 325 314 294 290 319 319 315 277 278 256 251 279 286 289 294 293 290 283 283 280 277 270 268 269
321 320 319 313 318 319 320 316 314 317 311 312 301 310 309 310 313 310 315 317 313 323 330 326 324 318 309 303 311 315 320 321 319 319 318 317 315 319 320 319 320 322 320 297 322 323 320 319 255 301 310 296 279 284 283 272 281 286 287 286 287 287 287 278 276 271 267 267 265
315 316 313 312 313 318 318 317 317 317 315 307 308 313 312 317 313 318 319 322 325 327 327 327 321 309 303 308 314 318 321 322 319 322 320 317 318 316 320 320 305 316 300 319 289 290 314 310 259 258 256 256 272 283 280 286 285 288 288 274 280 289 289 275 289 283 277 284 290
312 307 311 313 316 318 320 318 319 316 314 317 318 317 317 321 320 314 301 302 316 325 326 325 322 307 296 312 315 318 321 324 320 322 320 318 316 317 317 320 320 319 283 299 284 280 318 305 272 256 264 256 275 284 284 291 289 287 289 278 281 285 288 290 287 287 288 280 281
309 307 309 311 315 317 318 318 316 317 318 317 319 319 313 318 310 312 310 304 312 320 324 325 322 313 296 312 318 320 322 324 323 323 322 319 317 315 315 290 297 292 279 292 284 284 250 282 280 252 251 273 275 276 289 288 289 288 289 288 289 291 289 292 289 287 283 280 281
309 307 307 -3.4e+38 -3.4e+38 -3.4e+38 -3.4e+38 317 317 317 318 317 319 315 315 314 313 314 311 309 313 315 324 324 322 315 296 314 320 319 324 324 325 324 320 319 320 313 297 309 317 305 278 272 266 273 230 266 265 297 296 271 287 287 288 284 287 289 289 287 287 265 285 286 284 283 284 282 286
-3.4e+38 -3.4e+38 -3.4e+38 -3.4e+38 -3.4e+38 -3.4e+38 -3.4e+38 -3.4e+38 -3.4e+38 -3.4e+38 317 317 318 317 318 317 316 314 310 307 311 312 324 319 320 318 307 317 320 322 326 325 326 324 320 319 286 291 287 273 294 294 303 259 200 238 220 294 296 297 296 295 288 286 284 281 285 286 286 285 286 285 286 281 284 286 282 283 287
-3.4e+38 -3.4e+38 -3.4e+38 -3.4e+38 -3.4e+38 -3.4e+38 -3.4e+38 -3.4e+38 -3.4e+38 -3.4e+38 -3.4e+38 316 316 317 318 317 317 314 312 310 316 321 322 315 316 316 304 319 321 323 324 326 324 324 323 319 320 316 318 291 275 238 268 259 259 260 277 282 293 296 296 287 286 285 280 284 285 284 284 290 286 285 288 289 286 287 282 284 290
-3.4e+38 -3.4e+38 -3.4e+38 -3.4e+38 -3.4e+38 -3.4e+38 -3.4e+38 -3.4e+38 -3.4e+38 -3.4e+38 -3.4e+38 -3.4e+38 316 315 317 317 317 315 315 316 318 319 320 319 308 313 314 318 320 322 321 324 320 315 316 320 323 321 320 318 286 275 262 208 271 273 255 286 295 296 295 286 277 285 286 283 288 291 289 287 288 286 286 289 290 284 284 288 285
-3.4e+38 -3.4e+38 -3.4e+38 -3.4e+38 -3.4e+38 -3.4e+38 -3.4e+38 -3.4e+38 -3.4e+38 -3.4e+38 -3.4e+38 -3.4e+38 314 315 315 317 316 316 315 316 317 317 318 313 306 313 308 314 313 320 319 316 309 309 318 318 319 321 321 323 304 263 218 263 266 271 270 276 293 294 292 289 289 283 282 281 277 290 290 293 291 287 288 291 286 285 294 281 280
-3.4e+38 -3.4e+38 -3.4e+38 -3.4e+38 -3.4e+38 -3.4e+38 -3.4e+38 -3.4e+38 -3.4e+38 -3.4e+38 -3.4e+38 -3.4e+38 -3.4e+38 314 314 315 315 315 315 315 315 317 317 313 309 307 313 314 316 318 316 310 309 287 309 313 316 304 308 319 318 307 225 254 269 268 270 268 292 292 290 289 284 284 282 277 284 289 292 291 291 292 291 291 293 293 292 284 284
-3.4e+38 -3.4e+38 -3.4e+38 -3.4e+38 -3.4e+38 -3.4e+38 -3.4e+38 -3.4e+38 -3.4e+38 -3.4e+38 -3.4e+38 -3.4e+38 -3.4e+38 -3.4e+38 313 314 314 314 314 315 315 315 316 312 311 308 308 311 317 312 315 313 309 307 310 292 312 309 312 310 312 239 249 248 249 271 277 284 291 295 296 287 279 295 290 289 287 289 290 290 289 290 292 294 291 292 284 284 283
-3.4e+38 -3.4e+38 -3.4e+38 -3.4e+38 -3.4e+38 -3.4e+38 -3.4e+38 -3.4e+38 -3.4e+38 -3.4e+38 -3.4e+38 -3.4e+38 -3.4e+38 -3.4e+38 311 312 313 313 313 313 314 314 313 312 312 311 309 311 313 315 314 313 309 309 308 281 294 304 308 308 279 286 287 258 229 272 274 282 295 290 296 296 294 295 292 294 293 289 292 289 290 290 291 292 292 290 285 287 287
-3.4e+38 -3.4e+38 -3.4e+38 -3.4e+38 -3.4e+38 -3.4e+38 -3.4e+38 -3.4e+38 -3.4e+38 -3.4e+38 -3.4e+38 -3.4e+38 -3.4e+38 -3.4e+38 310 311 312 312 312 314 313 313 313 311 311 311 311 311 312 316 315 313 311 309 308 305 278 275 297 269 261 267 272 280 257 254 282 285 295 266 293 297 295 296 294 293 292 291 291 292 292 290 290 292 292 290 288 290 288
