EcoCrop/data/climate/tmax_9.asc
NCOLS 660 
NROWS 360 
XLLCORNER -20 
YLLCORNER -30 
CELLSIZE 0.1666667 
NODATA_value -3.4e+38 
[rows 0 to 29 of 360, columns 414 to 482 of 660]
-3.4e+38 -3.4e+38 -3.4e+38 -3.4e+38 -3.4e+38 -3.4e+38 -3.4e+38 406 405 401 397 390 393 373 376 375 300 327 322 299 322 332 330 323 328 312 320 308 297 304 307 316 321 323 320 317 315 308 310 300 274 258 274 278 292 296 294 290 280 251 283 231 291 351 372 382 382 381 382 383 380 376 371 366 358 336 327 321 328
-3.4e+38 -3.4e+38 -3.4e+38 -3.4e+38 -3.4e+38 -3.4e+38 -3.4e+38 -3.4e+38 392 396 392 393 394 401 383 403 366 309 307 297 321 320 330 329 330 329 326 331 330 326 308 316 317 315 303 311 315 316 313 307 299 285 279 267 227 285 294 287 283 286 243 277 296 334 370 380 381 382 384 381 383 373 371 369 356 310 321 310 304
-3.4e+38 -3.4e+38 -3.4e+38 -3.4e+38 -3.4e+38 -3.4e+38 -3.4e+38 -3.4e+38 -3.4e+38 388 389 390 392 395 401 354 381 280 272 315 304 331 311 328 329 330 330 317 328 324 313 283 312 294 305 307 310 316 315 313 306 296 281 258 233 252 256 260 262 258 284 294 289 323 351 362 374 379 378 379 381 378 372 374 363 333 302 303 312
-3.4e+38 -3.4e+38 -3.4e+38 -3.4e+38 -3.4e+38 -3.4e+38 -3.4e+38 -3.4e+38 -3.4e+38 -3.4e+38 379 382 385 390 394 398 396 390 270 306 321 334 315 318 311 319 323 278 330 330 328 307 302 298 306 301 274 310 314 313 310 306 292 266 271 255 201 248 249 204 266 294 306 286 307 334 359 367 372 374 377 380 379 377 374 351 312 305 311
-3.4e+38 -3.4e+38 -3.4e+38 -3.4e+38 -3.4e+38 -3.4e+38 -3.4e+38 -3.4e+38 -3.4e+38 -3.4e+38 367 370 375 380 360 360 386 387 372 282 316 303 332 322 334 329 314 287 314 327 327 326 288 304 321 309 299 298 314 302 311 308 301 284 283 279 274 278 286 259 271 258 281 313 327 319 349 355 366 371 375 378 377 376 374 363 318 314 321
-3.4e+38 -3.4e+38 -3.4e+38 -3.4e+38 -3.4e+38 -3.4e+38 -3.4e+38 -3.4e+38 -3.4e+38 -3.4e+38 -3.4e+38 359 367 373 373 372 365 378 373 339 314 325 283 331 314 328 281 310 305 281 292 276 288 290 321 318 315 306 309 302 310 309 303 295 282 288 284 296 293 253 242 223 298 296 323 336 349 351 362 364 372 376 376 371 377 362 306 326 324
-3.4e+38 -3.4e+38 -3.4e+38 -3.4e+38 -3.4e+38 -3.4e+38 -3.4e+38 -3.4e+38 -3.4e+38 -3.4e+38 -3.4e+38 351 359 368 368 364 372 368 356 341 300 311 322 276 297 344 326 337 340 338 334 281 321 285 294 315 318 314 312 283 292 306 282 297 279 291 282 298 316 310 317 306 332 267 292 323 348 356 360 365 370 374 371 369 375 372 343 325 329
-3.4e+38 -3.4e+38 -3.4e+38 -3.4e+38 -3.4e+38 -3.4e+38 -3.4e+38 -3.4e+38 -3.4e+38 -3.4e+38 -3.4e+38 -3.4e+38 358 364 334 366 366 367 363 347 335 312 292 337 349 315 343 347 343 341 332 345 344 333 287 277 308 300 311 306 298 307 310 304 276 292 294 274 297 302 286 346 351 282 252 238 327 344 356 364 369 373 373 372 372 368 346 320 327
-3.4e+38 -3.4e+38 -3.4e+38 -3.4e+38 -3.4e+38 -3.4e+38 -3.4e+38 -3.4e+38 -3.4e+38 -3.4e+38 -3.4e+38 -3.4e+38 -3.4e+38 361 365 367 343 364 359 362 367 349 309 336 354 327 349 349 346 342 338 334 340 319 335 320 274 308 281 306 317 321 323 304 312 306 302 267 290 293 311 346 358 348 307 228 283 324 347 361 367 371 370 371 369 367 356 307 332
-3.4e+38 -3.4e+38 -3.4e+38 -3.4e+38 -3.4e+38 -3.4e+38 -3.4e+38 -3.4e+38 -3.4e+38 -3.4e+38 -3.4e+38 -3.4e+38 -3.4e+38 352 365 367 373 361 368 368 364 358 323 361 359 347 349 319 318 327 338 340 342 342 322 308 327 315 303 303 328 299 332 336 335 329 312 310 286 311 335 345 360 358 347 322 274 321 336 354 363 363 363 367 364 359 362 340 338
-3.4e+38 -3.4e+38 -3.4e+38 -3.4e+38 -3.4e+38 -3.4e+38 -3.4e+38 -3.4e+38 -3.4e+38 -3.4e+38 -3.4e+38 -3.4e+38 -3.4e+38 -3.4e+38 362 368 339 366 358 337 355 369 358 353 360 347 354 353 335 347 343 339 337 330 316 337 339 343 326 322 344 337 344 333 332 332 315 295 330 340 349 356 360 353 354 347 338 343 327 339 349 349 351 361 355 345 354 357 336
-3.4e+38 -3.4e+38 -3.4e+38 -3.4e+38 -3.4e+38 -3.4e+38 -3.4e+38 -3.4e+38 -3.4e+38 -3.4e+38 -3.4e+38 -3.4e+38 -3.4e+38 -3.4e+38 363 358 368 348 359 366 367 356 357 358 359 359 356 341 337 348 343 338 314 342 340 348 338 327 349 349 349 343 309 321 328 321 312 308 339 352 351 344 350 360 359 357 358 357 348 318 329 340 330 350 351 318 313 355 320
-3.4e+38 -3.4e+38 -3.4e+38 -3.4e+38 -3.4e+38 -3.4e+38 -3.4e+38 -3.4e+38 -3.4e+38 -3.4e+38 -3.4e+38 -3.4e+38 -3.4e+38 -3.4e+38 -3.4e+38 364 365 370 349 342 363 348 350 353 356 348 353 345 339 332 330 334 334 332 330 348 347 348 345 345 346 300 330 273 304 322 337 337 350 355 352 356 353 360 361 363 363 363 363 355 355 352 354 357 355 344 343 360 308
-3.4e+38 -3.4e+38 -3.4e+38 -3.4e+38 -3.4e+38 -3.4e+38 -3.4e+38 -3.4e+38 -3.4e+38 -3.4e+38 -3.4e+38 -3.4e+38 -3.4e+38 -3.4e+38 -3.4e+38 -3.4e+38 -3.4e+38 -3.4e+38 -3.4e+38 341 330 356 349 356 349 353 356 351 350 320 339 338 325 292 343 349 348 334 319 340 336 318 346 339 349 343 332 344 353 357 353 330 344 352 360 362 364 366 368 369 371 368 369 366 362 360 369 375 362
-3.4e+38 -3.4e+38 -3.4e+38 -3.4e+38 -3.4e+38 -3.4e+38 -3.4e+38 -3.4e+38 -3.4e+38 -3.4e+38 -3.4e+38 -3.4e+38 -3.4e+38 -3.4e+38 -3.4e+38 -3.4e+38 -3.4e+38 -3.4e+38 -3.4e+38 -3.4e+38 -3.4e+38 332 354 327 359 357 357 354 333 331 330 308 339 339 339 337 344 351 335 347 356 363 359 360 318 363 288 364 347 332 350 343 330 356 360 361 362 364 366 368 371 373 375 374 377 378 379 384 364
368 -3.4e+38 -3.4e+38 -3.4e+38 -3.4e+38 -3.4e+38 -3.4e+38 -3.4e+38 -3.4e+38 -3.4e+38 -3.4e+38 -3.4e+38 -3.4e+38 -3.4e+38 -3.4e+38 -3.4e+38 -3.4e+38 -3.4e+38 -3.4e+38 -3.4e+38 -3.4e+38 -3.4e+38 372 348 357 358 351 352 307 339 335 348 327 341 325 331 314 320 353 359 352 359 316 332 372 372 373 372 359 365 343 358 349 355 357 359 360 362 363 366 368 371 374 377 380 382 385 386 386
369 366 -3.4e+38 -3.4e+38 -3.4e+38 -3.4e+38 -3.4e+38 -3.4e+38 -3.4e+38 -3.4e+38 -3.4e+38 -3.4e+38 -3.4e+38 -3.4e+38 -3.4e+38 -3.4e+38 -3.4e+38 -3.4e+38 -3.4e+38 -3.4e+38 -3.4e+38 -3.4e+38 -3.4e+38 372 348 331 356 356 356 349 316 318 345 349 352 331 350 357 354 365 363 366 368 371 373 373 373 373 360 364 360 345 339 342 348 354 356 358 360 363 365 368 370 374 376 380 383 387 392
370 367 364 362 -3.4e+38 -3.4e+38 -3.4e+38 -3.4e+38 -3.4e+38 -3.4e+38 -3.4e+38 -3.4e+38 -3.4e+38 -3.4e+38 -3.4e+38 -3.4e+38 -3.4e+38 -3.4e+38 -3.4e+38 -3.4e+38 -3.4e+38 -3.4e+38 -3.4e+38 -3.4e+38 -3.4e+38 355 364 361 321 348 344 344 355 352 326 351 328 336 329 355 363 362 -3.4e+38 -3.4e+38 -3.4e+38 -3.4e+38 -3.4e+38 371 369 342 357 342 321 325 334 340 348 351 354 357 360 364 366 368 371 373 377 380 386
371 368 365 364 361 -3.4e+38 -3.4e+38 -3.4e+38 -3.4e+38 -3.4e+38 -3.4e+38 -3.4e+38 -3.4e+38 -3.4e+38 -3.4e+38 -3.4e+38 -3.4e+38 -3.4e+38 -3.4e+38 -3.4e+38 -3.4e+38 -3.4e+38 -3.4e+38 -3.4e+38 -3.4e+38 -3.4e+38 -3.4e+38 370 351 361 348 325 336 354 337 348 358 360 361 362 362 -3.4e+38 362 -3.4e+38 -3.4e+38 -3.4e+38 -3.4e+38 -3.4e+38 368 365 354 335 314 299 319 314 333 336 341 347 352 355 354 357 359 361 362 366 364
373 370 367 365 363 360 -3.4e+38 -3.4e+38 -3.4e+38 -3.4e+38 -3.4e+38 -3.4e+38 -3.4e+38 -3.4e+38 -3.4e+38 -3.4e+38 -3.4e+38 -3.4e+38 -3.4e+38 -3.4e+38 -3.4e+38 -3.4e+38 -3.4e+38 -3.4e+38 -3.4e+38 -3.4e+38 -3.4e+38 -3.4e+38 357 361 348 360 363 358 361 360 353 -3.4e+38 -3.4e+38 -3.4e+38 360 361 -3.4e+38 -3.4e+38 -3.4e+38 -3.4e+38 -3.4e+38 -3.4e+38 365 353 345 320 296 310 308 298 307 313 321 331 338 334 332 336 344 344 344 342 336
374 371 369 368 365 362 362 -3.4e+38 -3.4e+38 -3.4e+38 -3.4e+38 -3.4e+38 -3.4e+38 -3.4e+38 -3.4e+38 -3.4e+38 -3.4e+38 -3.4e+38 -3.4e+38 -3.4e+38 -3.4e+38 -3.4e+38 -3.4e+38 -3.4e+38 -3.4e+38 -3.4e+38 -3.4e+38 -3.4e+38 -3.4e+38 -3.4e+38 -3.4e+38 -3.4e+38 -3.4e+38 360 358 360 -3.4e+38 -3.4e+38 -3.4e+38 -3.4e+38 -3.4e+38 -3.4e+38 -3.4e+38 -3.4e+38 -3.4e+38 -3.4e+38 -3.4e+38 -3.4e+38 -3.4e+38 351 349 332 291 318 310 319 326 318 326 307 319 320 304 339 328 322 320 311 313
376 372 371 372 371 369 371 -3.4e+38 -3.4e+38 -3.4e+38 -3.4e+38 -3.4e+38 -3.4e+38 -3.4e+38 -3.4e+38 -3.4e+38 -3.4e+38 -3.4e+38 -3.4e+38 -3.4e+38 -3.4e+38 -3.4e+38 -3.4e+38 -3.4e+38 -3.4e+38 -3.4e+38 -3.4e+38 -3.4e+38 -3.4e+38 -3.4e+38 -3.4e+38 -3.4e+38 -3.4e+38 -3.4e+38 -3.4e+38 -3.4e+38 -3.4e+38 -3.4e+38 -3.4e+38 -3.4e+38 -3.4e+38 -3.4e+38 -3.4e+38 -3.4e+38 -3.4e+38 -3.4e+38 -3.4e+38 -3.4e+38 363 359 346 325 318 329 323 308 329 331 334 335 338 336 338 342 321 336 338 337 335
377 374 372 376 377 380 386 -3.4e+38 -3.4e+38 -3.4e+38 -3.4e+38 -3.4e+38 -3.4e+38 -3.4e+38 -3.4e+38 -3.4e+38 -3.4e+38 -3.4e+38 -3.4e+38 -3.4e+38 -3.4e+38 -3.4e+38 -3.4e+38 -3.4e+38 -3.4e+38 -3.4e+38 -3.4e+38 -3.4e+38 -3.4e+38 -3.4e+38 -3.4e+38 -3.4e+38 -3.4e+38 -3.4e+38 -3.4e+38 -3.4e+38 -3.4e+38 -3.4e+38 -3.4e+38 -3.4e+38 -3.4e+38 -3.4e+38 -3.4e+38 -3.4e+38 380 -3.4e+38 -3.4e+38 -3.4e+38 -3.4e+38 358 349 322 336 331 333 323 335 334 335 337 340 341 339 340 344 331 338 342 342
378 375 377 380 380 384 -3.4e+38 -3.4e+38 -3.4e+38 361 -3.4e+38 -3.4e+38 -3.4e+38 368 -3.4e+38 -3.4e+38 -3.4e+38 -3.4e+38 -3.4e+38 -3.4e+38 -3.4e+38 -3.4e+38 -3.4e+38 -3.4e+38 -3.4e+38 -3.4e+38 -3.4e+38 -3.4e+38 -3.4e+38 -3.4e+38 -3.4e+38 -3.4e+38 -3.4e+38 -3.4e+38 -3.4e+38 -3.4e+38 -3.4e+38 -3.4e+38 -3.4e+38 -3.4e+38 -3.4e+38 -3.4e+38 -3.4e+38 365 368 -3.4e+38 -3.4e+38 -3.4e+38 -3.4e+38 356 348 344 340 340 299 321 295 327 333 331 340 341 325 339 342 339 339 341 337
378 377 379 381 382 383 382 -3.4e+38 -3.4e+38 367 -3.4e+38 -3.4e+38 369 370 372 373 -3.4e+38 -3.4e+38 -3.4e+38 -3.4e+38 -3.4e+38 -3.4e+38 -3.4e+38 -3.4e+38 -3.4e+38 -3.4e+38 -3.4e+38 -3.4e+38 -3.4e+38 -3.4e+38 -3.4e+38 -3.4e+38 -3.4e+38 -3.4e+38 -3.4e+38 -3.4e+38 -3.4e+38 -3.4e+38 -3.4e+38 -3.4e+38 -3.4e+38 -3.4e+38 353 355 -3.4e+38 -3.4e+38 -3.4e+38 -3.4e+38 -3.4e+38 -3.4e+38 348 345 336 334 341 340 342 339 336 338 340 330 339 339 335 335 336 333 335
381 377 375 383 383 382 383 -3.4e+38 -3.4e+38 -3.4e+38 -3.4e+38 -3.4e+38 372 373 374 -3.4e+38 -3.4e+38 -3.4e+38 -3.4e+38 -3.4e+38 -3.4e+38 -3.4e+38 -3.4e+38 -3.4e+38 -3.4e+38 -3.4e+38 -3.4e+38 -3.4e+38 -3.4e+38 -3.4e+38 -3.4e+38 -3.4e+38 -3.4e+38 -3.4e+38 -3.4e+38 -3.4e+38 -3.4e+38 -3.4e+38 -3.4e+38 -3.4e+38 -3.4e+38 370 342 322 -3.4e+38 -3.4e+38 -3.4e+38 -3.4e+38 -3.4e+38 -3.4e+38 -3.4e+38 -3.4e+38 340 328 339 341 340 340 340 337 338 339 336 332 330 322 322 327 330
381 378 377 384 382 381 380 381 -3.4e+38 -3.4e+38 -3.4e+38 -3.4e+38 374 375 377 -3.4e+38 -3.4e+38 -3.4e+38 -3.4e+38 -3.4e+38 -3.4e+38 -3.4e+38 -3.4e+38 -3.4e+38 -3.4e+38 -3.4e+38 -3.4e+38 -3.4e+38 -3.4e+38 -3.4e+38 -3.4e+38 -3.4e+38 -3.4e+38 -3.4e+38 -3.4e+38 -3.4e+38 -3.4e+38 -3.4e+38 -3.4e+38 -3.4e+38 370 370 355 369 -3.4e+38 -3.4e+38 -3.4e+38 -3.4e+38 -3.4e+38 -3.4e+38 -3.4e+38 -3.4e+38 -3.4e+38 -3.4e+38 339 -3.4e+38 -3.4e+38 -3.4e+38 338 337 336 335 332 329 318 329 327 326 326
380 378 381 383 383 381 380 380 -3.4e+38 -3.4e+38 -3.4e+38 379 378 378 380 -3.4e+38 -3.4e+38 -3.4e+38 -3.4e+38 -3.4e+38 -3.4e+38 -3.4e+38 -3.4e+38 -3.4e+38 -3.4e+38 -3.4e+38 -3.4e+38 -3.4e+38 -3.4e+38 -3.4e+38 -3.4e+38 -3.4e+38 -3.4e+38 -3.4e+38 -3.4e+38 -3.4e+38 -3.4e+38 -3.4e+38 -3.4e+38 372 370 366 358 349 -3.4e+38 -3.4e+38 -3.4e+38 -3.4e+38 -3.4e+38 -3.4e+38 -3.4e+38 -3.4e+38 -3.4e+38 -3.4e+38 -3.4e+38 -3.4e+38 -3.4e+38 -3.4e+38 -3.4e+38 -3.4e+38 333 -3.4e+38 -3.4e+38 326 326 325 322 321 321
384 381 383 384 384 382 381 380 379 -3.4e+38 -3.4e+38 381 380 380 382 385 -3.4e+38 -3.4e+38 -3.4e+38 -3.4e+38 -3.4e+38 -3.4e+38 -3.4e+38 -3.4e+38 -3.4e+38 -3.4e+38 -3.4e+38 -3.4e+38 -3.4e+38 -3.4e+38 -3.4e+38 -3.4e+38 -3.4e+38 -3.4e+38 -3.4e+38 -3.4e+38 -3.4e+38 -3.4e+38 379 374 371 367 359 350 -3.4e+38 -3.4e+38 -3.4e+38 -3.4e+38 -3.4e+38 -3.4e+38 -3.4e+38 -3.4e+38 -3.4e+38 -3.4e+38 -3.4e+38 -3.4e+38 -3.4e+38 -3.4e+38 -3.4e+38 -3.4e+38 -3.4e+38 -3.4e+38 -3.4e+38 -3.4e+38 -3.4e+38 -3.4e+38 -3.4e+38 -3.4e+38 -3.4e+38
385 382 385 384 384 382 382 381 380 -3.4e+38 -3.4e+38 383 382 383 384 386 -3.4e+38 -3.4e+38 -3.4e+38 -3.4e+38 -3.4e+38 -3.4e+38 -3.4e+38 -3.4e+38 -3.4e+38 -3.4e+38 -3.4e+38 -3.4e+38 -3.4e+38 -3.4e+38 -3.4e+38 -3.4e+38 -3.4e+38 -3.4e+38 -3.4e+38 -3.4e+38 -3.4e+38 385 383 374 371 367 354 361 -3.4e+38 -3.4e+38 -3.4e+38 -3.4e+38 -3.4e+38 -3.4e+38 -3.4e+38 -3.4e+38 -3.4e+38 -3.4e+38 -3.4e+38 -3.4e+38 -3.4e+38 -3.4e+38 -3.4e+38 -3.4e+38 -3.4e+38 -3.4e+38 -3.4e+38 -3.4e+38 -3.4e+38 -3.4e+38 -3.4e+38 -3.4e+38 -3.4e+38
