EcoCrop/data/climate/tmax_6.asc
NCOLS 660 
NROWS 360 
XLLCORNER -20 
YLLCORNER -30 
CELLSIZE 0.1666667 
NODATA_value -3.4e+38 
[rows 60 to 89 of 360, columns 69 to 137 of 660]
436 436 438 440 441 441 443 444 445 446 447 449 450 451 453 454 454 456 456 458 459 460 461 462 463 464 464 464 465 465 464 464 462 461 461 459 456 456 455 451 450 448 446 445 448 444 441 440 437 439 437 432 434 433 432 429 429 427 422 420 419 417 414 412 407 407 407 408 407
435 437 438 438 440 442 442 444 444 446 447 448 450 451 451 453 454 454 456 457 458 459 460 461 462 463 464 464 465 465 465 464 462 462 460 458 456 455 453 454 450 448 446 445 444 445 441 436 435 436 434 432 432 434 432 429 428 426 420 418 417 416 414 412 411 409 408 410 410
435 436 437 439 439 441 441 443 444 445 446 448 448 450 451 451 453 454 455 456 457 458 459 461 461 463 464 464 465 465 465 463 463 461 459 457 456 454 453 450 449 447 444 444 443 444 435 435 435 435 431 432 432 433 432 430 428 424 415 416 416 414 414 412 411 409 409 411 413
434 436 436 438 439 440 442 442 443 444 445 447 448 449 449 451 451 452 454 455 456 457 459 459 461 463 463 464 465 466 465 464 463 461 459 457 455 452 450 448 447 444 444 443 441 440 439 435 435 430 429 432 432 433 431 428 427 424 421 418 416 414 411 412 409 409 413 411 412
434 434 436 437 438 439 441 441 443 444 444 445 446 448 448 449 451 451 452 454 455 455 457 459 460 461 463 464 465 465 465 464 462 460 458 456 453 451 448 447 444 444 442 439 438 437 437 434 430 429 430 432 432 431 430 428 425 422 416 416 415 417 411 412 411 410 413 413 414
432 435 435 437 437 438 439 440 441 443 444 444 445 446 447 448 449 450 450 453 453 455 456 457 459 460 462 463 464 465 465 463 461 459 456 454 452 449 446 445 445 441 439 438 435 436 434 431 430 430 430 429 429 431 430 428 426 421 418 419 418 417 415 413 411 409 413 414 415
432 434 434 436 436 437 438 439 440 442 441 443 444 444 446 447 447 449 450 451 452 453 454 456 457 459 460 462 463 465 464 461 459 457 454 451 450 448 446 443 440 439 437 435 434 431 430 428 428 427 428 428 427 427 429 427 426 415 421 419 419 418 416 413 411 409 412 415 415
432 433 433 435 435 436 437 438 439 440 440 441 442 443 444 444 446 447 448 449 450 451 453 453 455 457 457 459 461 461 461 459 456 453 451 450 448 445 443 442 439 437 434 435 431 429 430 426 425 426 428 426 427 428 428 427 424 424 423 421 417 417 416 413 412 413 415 416 416
434 431 433 433 434 435 436 437 438 439 440 440 441 442 443 444 445 445 446 447 448 449 451 451 452 453 455 456 456 458 456 455 453 451 449 447 445 443 440 438 436 434 434 431 428 427 427 424 424 426 426 424 424 426 427 425 424 425 419 418 418 417 415 414 413 414 413 415 416
432 430 431 432 433 434 435 436 437 437 439 438 439 440 441 442 443 443 444 445 445 447 447 448 450 451 451 453 452 453 452 451 449 448 446 444 441 439 437 436 434 433 431 430 427 427 425 423 424 425 424 420 423 426 425 424 425 420 419 420 418 418 416 416 413 415 415 416 417
432 434 432 431 432 433 434 435 436 436 437 437 438 439 439 440 441 441 442 442 443 443 443 444 446 448 448 448 449 449 448 448 446 444 443 440 438 436 434 432 431 429 428 427 425 423 423 421 423 423 422 421 422 423 424 423 423 422 421 421 419 416 415 415 415 414 416 416 417
431 435 433 429 431 432 432 433 435 436 436 436 437 437 438 438 439 439 440 440 440 441 441 442 443 443 444 444 444 444 443 443 441 440 438 437 434 434 431 429 428 427 426 425 423 424 422 421 419 421 422 420 420 422 423 422 421 420 420 417 418 417 415 415 415 417 415 417 417
430 431 433 436 429 429 431 432 432 433 434 435 435 436 436 436 437 437 438 437 437 438 438 439 440 440 441 441 441 440 440 439 438 436 434 434 431 429 427 427 425 424 423 422 421 422 421 420 419 419 420 418 420 421 421 420 420 418 418 416 416 415 415 416 415 416 417 417 418
429 431 433 437 438 437 429 431 432 432 432 433 433 434 434 434 435 435 435 436 435 435 436 436 436 436 437 436 437 437 436 434 434 433 431 430 428 426 424 423 421 421 420 419 418 419 419 419 418 417 418 417 419 419 418 417 418 416 415 416 415 415 415 415 416 416 418 418 418
429 430 430 432 433 434 430 429 429 430 430 431 431 432 432 432 432 432 433 433 433 432 432 433 433 433 433 433 432 432 431 430 430 429 427 425 424 423 423 420 420 419 418 418 417 417 415 414 415 416 416 415 417 415 417 416 415 415 414 414 414 414 416 416 416 416 417 417 416
428 428 429 430 431 432 435 433 427 428 429 429 429 430 430 430 431 431 430 430 430 429 430 429 429 429 429 429 429 428 428 427 426 425 424 423 420 420 418 417 417 415 415 414 415 415 414 414 415 414 415 413 415 415 416 415 414 414 414 411 412 414 414 416 415 417 416 417 415
426 427 427 428 429 429 430 430 431 427 427 427 427 427 428 428 428 428 428 427 427 426 427 426 426 425 425 425 425 424 424 423 422 422 420 419 417 417 415 414 413 412 412 412 412 413 413 411 412 414 411 412 413 413 413 413 413 412 412 410 411 411 414 414 416 416 416 414 414
425 425 425 426 427 427 429 425 424 423 424 425 425 425 425 425 424 424 425 425 425 424 423 423 422 422 422 421 421 421 420 420 419 418 417 416 416 414 411 411 410 410 410 410 411 411 411 410 411 411 410 411 413 410 412 412 411 410 409 410 409 410 411 414 415 416 414 413 408
423 423 423 424 425 428 427 418 420 419 420 422 421 422 422 422 422 422 422 421 421 420 420 420 417 418 418 417 419 417 416 416 416 415 415 414 412 411 410 409 408 408 409 408 409 410 410 410 411 410 409 411 412 411 408 408 408 407 408 407 408 405 410 412 415 415 409 410 410
421 421 422 423 426 427 425 418 416 418 418 418 419 419 420 419 420 419 419 419 418 417 417 416 415 414 415 414 414 412 413 414 412 413 413 411 411 410 408 407 405 408 409 408 407 409 409 409 410 412 411 412 411 410 407 406 406 405 404 407 408 406 409 412 412 413 412 409 410
420 420 421 422 424 423 423 415 413 413 415 416 417 417 417 417 416 416 416 416 415 414 414 412 412 411 410 410 411 410 411 412 412 411 410 410 409 408 408 407 407 405 408 408 407 407 406 410 410 413 413 411 409 406 404 401 401 402 402 402 404 405 408 410 412 412 408 410 405
417 418 419 420 420 421 421 419 416 411 412 414 414 414 414 414 414 414 414 412 411 410 409 408 407 407 407 406 407 407 409 410 409 408 409 407 407 407 407 404 406 405 406 408 404 405 404 408 410 411 415 412 407 402 400 398 397 398 399 399 403 403 404 408 409 408 407 411 406
415 415 415 416 416 417 418 417 413 414 410 410 411 412 412 411 411 411 410 409 408 406 406 404 405 402 401 402 401 403 405 406 407 406 406 406 405 406 403 405 404 404 405 408 405 405 406 406 408 410 415 408 403 397 395 393 394 395 396 399 399 404 403 409 410 409 409 410 408
412 412 412 412 412 414 413 411 410 409 408 408 408 408 408 408 408 405 407 406 404 403 401 402 401 399 392 397 399 400 402 403 403 403 403 404 405 404 402 405 404 404 405 406 406 405 405 405 405 407 405 403 395 391 388 388 388 389 391 395 398 401 403 407 411 410 408 407 405
409 408 408 408 410 408 409 408 408 406 406 405 405 404 404 406 403 404 403 400 399 401 401 399 399 396 396 395 396 396 397 399 400 401 402 400 401 403 403 404 402 404 404 406 404 403 402 402 402 400 399 394 388 384 381 380 383 388 389 393 397 399 402 405 408 410 408 406 406
406 405 405 403 404 404 405 406 406 406 404 403 401 402 400 401 402 400 396 397 400 399 399 397 398 396 394 394 392 393 395 395 397 397 399 399 399 401 402 402 403 403 405 403 403 398 401 400 399 394 391 387 382 376 373 375 379 384 387 392 394 397 400 402 405 406 406 404 405
400 401 401 400 401 401 401 402 403 403 402 400 399 397 397 398 398 400 398 398 397 398 398 397 396 394 392 391 391 391 392 393 394 395 397 397 397 400 401 403 404 405 403 402 400 400 397 398 396 394 390 384 377 371 370 374 378 381 385 389 391 394 398 399 400 403 404 401 400
396 396 396 396 398 399 399 399 399 399 398 397 394 394 393 395 395 395 396 395 396 396 395 395 393 392 391 391 389 388 389 390 390 390 393 393 396 397 399 404 405 404 404 402 401 400 397 394 394 392 388 383 378 373 372 375 377 380 383 388 389 391 396 397 398 399 401 400 398
391 392 392 393 395 394 395 396 395 395 393 394 392 390 389 390 392 393 393 393 394 393 393 393 393 391 390 387 386 382 386 387 388 387 386 391 394 396 398 400 391 403 400 401 399 398 398 394 391 389 388 382 380 378 375 377 379 380 382 386 386 390 393 394 395 395 396 397 395
388 388 389 389 390 392 391 392 393 391 390 390 389 386 386 387 388 390 390 391 390 391 391 391 391 390 388 387 383 384 384 384 384 356 381 388 392 376 391 397 398 399 398 398 397 397 396 394 392 387 386 385 384 379 378 378 377 380 384 385 387 388 390 393 392 392 393 393 390
