EcoCrop/data/climate/tmax_10.asc
NCOLS 660 
NROWS 360 
XLLCORNER -20 
YLLCORNER -30 
CELLSIZE 0.1666667 
NODATA_value -3.4e+38 
[rows 120 to 149 of 360, columns 207 to 275 of 660]
341 343 343 341 341 341 339 339 339 339 338 338 339 339 339 339 339 339 340 340 340 340 340 339 339 339 338 337 338 337 338 337 336 337 336 337 337 337 338 338 338 339 339 340 340 340 338 335 340 336 338 342 342 342 344 344 344 343 346 346 348 349 350 352 351 352 350 351 350
341 340 339 340 340 339 338 339 338 337 337 338 338 338 338 338 339 338 338 338 338 339 338 337 338 337 336 337 336 335 335 335 336 335 335 335 335 336 337 336 337 338 338 336 336 335 337 336 324 335 335 336 340 338 340 339 342 342 344 346 347 348 349 349 348 348 349 348 349
340 335 336 335 336 337 337 337 337 337 337 337 337 337 338 337 338 337 337 335 337 337 336 336 334 330 328 332 334 334 334 335 334 334 334 334 334 334 334 335 336 335 336 335 336 336 336 335 328 331 333 334 338 336 335 333 338 338 342 343 345 347 345 344 344 342 334 346 346
335 335 332 332 332 332 335 335 335 336 336 336 336 336 336 336 336 335 334 332 333 336 336 334 330 327 333 334 333 333 333 333 332 333 333 333 333 333 333 333 334 334 334 334 333 333 335 335 332 331 335 334 332 331 329 330 335 336 338 341 341 343 342 342 343 345 342 343 344
334 332 329 329 330 330 331 330 332 333 335 335 334 334 334 333 333 333 333 331 330 332 334 333 333 332 332 332 331 332 332 331 331 331 332 331 332 332 331 331 332 330 331 331 331 332 331 330 333 333 330 328 329 321 324 329 331 335 338 338 338 339 339 340 339 339 340 341 342
328 328 331 329 330 327 328 331 331 331 331 333 329 328 327 326 331 332 325 325 319 333 332 330 331 331 331 331 330 331 331 331 331 330 330 330 330 330 330 330 330 330 329 329 330 329 325 329 329 323 329 323 309 315 313 321 330 333 334 331 333 333 336 337 333 338 340 338 340
327 328 325 328 324 327 330 328 330 326 324 327 332 332 332 333 331 332 329 331 332 331 331 330 330 330 330 329 329 329 330 329 329 329 329 325 323 326 327 328 327 328 327 329 327 328 320 323 328 327 322 315 311 312 310 325 327 329 328 312 331 325 331 332 336 337 337 341 341
329 324 327 325 322 326 324 326 324 326 328 328 331 331 331 331 331 331 330 331 330 330 329 328 329 328 329 328 328 329 328 328 327 318 324 321 322 325 327 325 325 326 325 326 323 324 316 315 320 317 310 307 315 313 312 312 319 320 322 309 316 323 328 327 331 337 340 340 339
326 326 321 320 320 321 325 324 325 328 326 328 329 331 330 331 329 331 330 330 329 329 328 328 327 327 327 327 327 327 327 327 327 318 314 323 312 316 323 316 315 316 323 320 311 309 309 305 307 307 302 310 314 314 315 315 316 319 314 319 315 324 324 331 332 332 335 337 336
321 321 322 321 317 320 321 322 326 326 324 328 328 329 330 329 328 329 330 329 329 328 328 327 327 326 327 326 326 326 325 326 326 325 323 322 322 315 322 316 315 311 312 313 314 309 307 304 309 307 313 304 305 310 313 320 319 313 315 319 323 324 325 325 328 332 337 334 332
322 319 317 317 314 320 324 321 324 322 321 325 327 329 327 326 330 330 329 328 328 327 326 326 326 326 325 325 326 324 325 324 324 324 324 323 323 314 317 314 310 306 308 307 311 309 304 307 306 307 312 310 312 315 316 316 316 311 312 315 313 317 320 322 327 330 332 330 328
307 308 312 304 315 317 318 319 322 319 321 323 327 327 325 328 329 327 328 328 327 327 326 325 325 325 325 324 324 323 323 323 322 321 323 323 322 315 312 308 304 308 309 308 305 310 303 308 305 306 308 313 310 309 316 313 312 310 316 316 316 316 317 320 321 327 325 323 328
302 307 310 312 311 312 316 320 317 320 323 323 327 322 323 322 325 326 327 328 326 327 325 325 324 325 324 323 323 323 320 322 323 321 319 322 322 318 313 307 304 306 307 309 307 309 305 309 307 310 305 310 314 312 315 313 313 314 316 317 316 319 317 317 320 320 322 324 325
304 305 313 314 315 317 318 315 306 318 320 324 324 321 321 325 327 326 327 327 325 324 325 325 323 323 321 323 321 323 322 320 319 319 321 319 319 319 316 309 309 310 307 309 308 312 305 307 308 308 310 309 316 315 314 313 309 313 313 316 317 318 320 316 316 318 319 321 322
302 305 303 303 301 310 314 313 300 316 317 321 319 321 322 325 324 323 326 327 326 324 323 324 324 322 321 322 321 319 322 321 320 320 320 321 318 318 317 304 302 304 310 307 307 308 308 306 306 312 310 309 306 309 309 309 310 310 313 313 317 315 317 315 316 317 318 320 321
297 297 295 299 280 311 307 299 295 312 317 316 318 319 321 321 319 323 325 326 326 326 325 325 324 323 323 320 319 317 319 318 318 317 317 316 314 313 316 311 310 303 307 306 308 306 305 306 309 310 309 307 304 304 308 305 309 311 311 312 315 316 314 314 314 313 312 313 320
270 288 278 294 304 293 295 291 298 304 310 310 314 315 315 319 322 323 323 324 325 324 326 324 324 321 322 318 315 314 314 317 319 316 315 314 314 315 311 311 312 310 304 310 306 305 308 308 307 310 308 304 307 308 305 307 307 312 311 312 316 314 313 313 314 314 311 309 315
269 277 301 277 285 271 280 288 296 301 303 308 311 313 313 315 321 323 322 321 327 328 328 326 324 321 321 319 318 316 313 312 314 316 316 316 316 315 311 310 309 310 306 306 304 306 307 307 307 307 304 303 308 306 305 307 310 309 310 311 313 312 315 311 312 312 313 311 311
291 287 273 270 273 277 280 294 292 297 303 307 308 310 312 316 318 319 321 324 326 327 329 328 325 324 322 316 318 314 313 312 309 314 313 314 311 311 308 311 310 308 308 306 307 307 306 310 307 304 304 306 303 301 303 304 304 304 309 306 309 311 312 313 311 314 311 313 313
269 271 269 271 271 270 282 285 284 295 295 299 301 305 311 313 317 317 320 325 327 330 332 325 327 322 321 318 314 315 310 310 308 311 310 307 310 312 309 305 308 298 299 305 305 306 308 306 303 303 305 302 301 303 303 304 298 305 310 307 310 311 311 312 313 311 313 313 310
280 276 268 278 268 270 274 280 281 284 287 301 302 306 308 310 313 319 323 326 327 331 333 331 324 322 319 317 314 311 313 308 307 310 308 307 310 306 306 303 306 303 298 302 305 307 304 303 303 305 303 301 302 300 301 302 300 304 310 302 309 311 311 311 307 311 313 308 311
283 279 275 275 275 273 279 282 282 282 298 300 300 305 308 309 316 316 321 324 324 328 332 331 326 322 320 317 313 310 308 307 306 309 308 310 307 305 305 304 306 306 306 305 305 306 304 299 302 300 300 304 303 300 304 300 303 305 304 302 307 309 308 310 310 312 311 311 307
279 270 281 278 274 276 278 284 284 295 298 292 298 300 308 307 308 314 315 317 323 326 328 326 325 317 314 318 315 313 311 309 307 309 311 310 304 306 304 308 304 307 304 303 304 304 303 301 303 300 300 299 302 304 300 300 297 305 306 305 305 307 308 304 310 309 310 307 308
277 273 277 290 279 275 275 282 289 292 289 291 292 301 306 305 306 307 309 310 317 318 322 322 319 319 318 316 315 314 309 307 305 304 305 310 304 304 310 310 307 305 305 303 303 305 304 304 302 302 300 299 302 300 299 299 300 303 306 304 307 309 306 306 310 309 307 307 309
274 277 275 286 280 294 285 286 285 289 280 286 290 297 303 302 304 305 307 311 313 315 318 320 315 319 315 316 314 313 306 307 304 307 302 305 308 305 309 307 306 307 304 303 302 303 303 302 302 298 301 302 305 301 301 297 299 301 306 305 307 307 309 305 306 306 307 309 306
274 275 283 279 296 296 291 280 287 288 282 290 291 299 298 300 298 301 305 309 310 309 312 312 315 317 317 320 316 316 311 305 309 306 300 305 310 308 307 301 306 304 305 304 302 305 301 302 301 305 302 304 303 304 299 300 299 300 304 305 303 306 304 305 306 307 305 307 306
278 274 281 291 289 279 297 291 284 289 288 286 292 291 296 296 297 298 303 304 306 308 311 307 309 314 313 317 315 316 305 308 308 307 305 302 303 300 300 303 305 306 304 301 300 302 300 300 298 301 295 298 300 301 299 299 298 299 304 299 301 303 305 306 304 307 308 306 308
280 276 287 290 293 288 296 301 283 287 301 291 286 289 290 292 294 296 301 302 307 308 304 305 310 316 312 315 314 308 310 311 309 309 303 303 304 302 299 303 308 303 297 302 304 297 299 301 301 303 303 301 302 301 298 297 298 300 301 299 300 302 307 305 304 307 308 305 303
279 278 288 289 292 286 299 296 287 284 284 290 293 289 289 289 293 294 297 295 300 308 306 306 313 315 315 314 314 313 313 309 310 306 306 302 304 303 297 304 304 306 302 300 303 302 297 301 305 304 304 304 300 299 298 294 298 301 299 300 301 303 302 304 307 306 305 306 304
285 282 287 288 290 298 292 294 292 286 286 286 294 295 289 290 292 293 294 294 300 302 308 308 310 314 315 314 313 313 312 312 311 307 306 306 304 302 295 300 302 297 297 299 302 295 302 303 303 302 303 299 300 297 298 298 296 297 298 301 299 299 301 306 304 307 300 303 298
