EcoCrop/data/climate/tmax_8.asc
NCOLS 660 
NROWS 360 
XLLCORNER -20 
YLLCORNER -30 
CELLSIZE 0.1666667 
NODATA_value -3.4e+38 
[rows 90 to 119 of 360, columns 207 to 275 of 660]
345 344 346 345 344 344 345 346 346 348 348 350 350 351 352 355 353 354 354 354 355 354 354 354 353 353 352 352 352 351 351 350 349 348 347 346 345 343 342 340 336 333 328 320 310 310 312 313 314 316 315 315 315 315 315 314 316 313 315 319 314 322 325 320 315 324 327 325 327
342 342 340 341 342 341 342 343 345 345 347 347 349 348 350 350 350 351 351 352 352 352 351 352 351 350 351 349 350 349 348 347 346 345 345 343 341 340 338 335 326 331 320 314 310 308 307 308 310 312 313 313 312 313 312 313 314 313 313 313 316 311 320 312 319 327 327 323 317
340 338 339 338 338 339 340 341 341 343 344 345 346 347 348 348 349 349 349 349 349 350 349 349 348 348 348 347 347 346 346 345 344 343 342 341 338 338 334 332 327 320 313 310 308 305 306 308 308 309 309 309 307 310 310 311 311 312 311 309 310 307 309 314 322 326 322 309 327
337 337 335 335 336 337 338 339 340 342 342 344 344 345 345 346 346 346 346 347 347 347 346 346 346 345 345 345 344 344 343 342 342 341 339 338 337 335 325 326 314 308 307 305 302 300 298 302 306 306 307 308 308 307 308 307 308 308 305 292 301 300 306 316 319 320 319 319 322
335 333 333 333 333 333 336 337 339 339 341 341 342 343 344 344 344 344 345 345 345 344 343 344 343 344 342 343 342 342 342 340 340 339 338 336 335 330 327 316 312 309 309 306 303 292 294 299 299 301 304 306 305 306 306 305 304 305 290 295 300 306 313 307 317 318 320 322 331
333 332 330 331 331 332 334 335 337 338 339 340 341 341 341 341 342 342 342 342 342 342 341 341 341 341 341 340 340 340 339 338 337 336 334 333 331 323 317 317 312 313 307 303 299 298 291 293 297 302 303 304 303 301 302 302 301 300 294 290 296 309 316 313 322 320 327 331 330
329 330 330 330 330 331 333 335 336 338 337 338 338 339 338 339 340 339 340 340 340 339 339 338 338 338 338 338 337 337 336 337 334 333 333 331 328 325 322 316 313 309 309 307 298 298 290 293 297 300 301 300 299 298 294 294 296 290 289 288 299 315 322 324 327 328 328 329 331
327 327 328 328 329 331 332 334 336 336 337 335 336 337 337 337 338 338 338 338 338 337 336 337 336 335 335 335 336 335 335 334 333 332 330 328 322 323 321 314 314 312 309 305 300 293 292 294 295 298 298 299 297 295 292 291 291 288 279 279 303 311 324 329 333 334 329 331 331
325 325 326 328 329 331 333 333 334 336 336 335 335 335 336 335 335 335 335 335 335 335 334 334 334 334 334 333 333 333 333 332 331 329 329 327 325 323 319 315 314 312 308 300 298 297 298 295 296 298 298 296 293 293 290 287 284 283 279 280 295 312 320 328 335 337 328 335 335
323 324 325 327 329 331 332 334 334 334 334 333 334 334 334 334 334 334 334 334 333 332 332 332 331 331 331 331 330 331 331 331 329 328 326 325 323 319 317 312 314 311 309 303 293 295 299 297 293 295 297 298 296 290 282 281 278 276 273 257 282 303 315 322 330 334 336 335 335
322 323 324 326 327 330 331 334 334 335 334 333 332 332 332 333 332 333 332 332 331 330 330 329 329 329 329 328 329 329 329 328 328 327 325 323 322 319 314 315 315 312 307 301 299 295 297 295 289 296 299 298 291 285 277 276 271 269 263 253 275 295 310 321 327 331 334 333 332
319 320 323 325 327 329 332 334 334 333 332 332 332 332 331 331 331 331 331 330 329 327 327 327 327 326 326 326 327 326 326 325 323 323 322 322 321 316 314 315 315 313 311 305 304 298 295 293 291 300 302 301 292 283 283 276 273 264 248 230 267 301 309 318 326 330 332 332 331
318 319 321 323 326 328 331 333 332 332 331 331 330 331 330 330 330 329 328 328 327 324 325 324 324 323 323 324 324 322 323 323 322 320 321 320 319 318 316 315 316 313 312 305 304 298 291 295 298 301 306 304 295 291 282 277 270 262 217 235 277 302 313 319 323 327 330 330 329
316 317 319 321 323 326 328 329 330 330 330 329 329 328 329 329 328 327 327 326 324 323 322 322 321 321 320 320 321 321 320 319 318 318 318 318 318 317 316 315 313 311 307 302 305 300 295 295 301 303 304 295 296 282 278 276 270 267 270 266 285 299 308 316 321 325 327 328 329
313 315 316 319 321 322 325 326 327 328 328 328 323 327 326 326 326 325 325 324 322 320 318 318 317 317 317 318 318 318 317 316 315 317 317 317 315 316 315 314 309 308 305 306 305 305 306 303 303 304 288 284 291 285 274 269 268 275 283 286 294 301 311 317 321 326 328 328 328
311 312 313 316 318 320 322 324 324 325 325 325 325 325 325 325 324 323 322 321 319 316 317 314 315 314 314 314 315 314 310 313 315 313 314 314 315 314 312 311 310 309 307 308 307 299 301 307 303 305 301 295 296 289 267 267 274 283 291 297 301 308 314 320 323 327 328 328 326
309 310 311 313 315 318 319 320 322 323 323 323 323 323 322 323 322 321 320 318 316 316 313 312 311 311 304 311 312 311 311 313 313 313 312 313 311 311 306 309 310 309 310 310 305 303 304 306 303 304 303 300 292 280 270 282 290 293 298 303 308 313 317 319 325 327 326 326 326
306 308 308 310 313 316 317 318 319 320 321 321 321 320 321 321 320 318 318 317 315 311 303 307 308 306 293 307 307 308 310 310 310 312 311 310 311 309 306 310 309 310 310 308 305 307 303 303 305 303 299 296 292 288 279 290 294 300 304 308 313 317 323 325 327 326 326 326 324
305 305 307 308 311 313 314 316 317 318 318 318 319 319 319 319 318 317 317 315 314 312 304 304 305 299 303 305 307 306 308 309 309 310 309 309 310 311 309 308 308 310 309 308 307 307 305 301 302 301 299 298 293 289 292 296 300 303 308 310 315 320 324 326 327 326 325 324 322
304 305 307 308 310 311 312 313 314 315 317 317 317 316 316 316 316 315 314 313 311 309 305 302 300 302 302 301 306 307 308 308 309 307 309 307 308 310 308 309 309 309 308 307 307 304 294 298 298 299 298 295 292 290 297 300 303 307 310 313 316 320 322 323 324 325 325 324 321
304 306 305 308 309 310 311 312 313 313 314 314 315 315 315 315 315 315 313 313 310 307 305 302 303 302 304 300 304 305 306 307 308 307 308 308 309 308 307 308 308 308 308 307 306 305 304 301 295 296 297 298 298 294 297 302 305 308 311 314 317 318 322 324 325 324 323 322 320
304 304 306 306 308 308 309 310 311 312 313 313 313 313 313 313 313 313 312 312 310 308 302 304 304 304 304 303 298 304 305 306 307 307 308 307 306 307 307 307 307 307 307 306 307 307 305 302 299 299 300 299 300 300 303 304 307 310 312 314 316 318 322 323 324 323 321 320 319
304 305 305 307 307 308 308 309 310 310 311 311 311 312 312 311 312 312 311 311 310 308 300 301 297 303 303 305 303 303 306 305 306 305 306 306 306 306 306 306 306 306 306 308 307 307 306 306 302 303 303 303 303 304 305 305 308 310 312 315 317 319 321 322 322 322 321 319 317
305 304 306 306 306 307 307 308 309 309 308 310 310 310 310 310 310 310 310 310 298 309 305 305 304 303 301 303 303 305 305 305 305 304 305 305 305 305 305 305 306 306 306 307 307 307 306 306 305 305 306 304 304 305 307 309 310 311 313 314 316 317 319 320 320 320 319 318 317
304 306 305 305 306 306 307 306 307 307 307 307 308 308 308 308 309 309 309 309 310 307 306 305 304 305 304 302 302 302 304 304 305 304 304 304 304 304 305 305 305 305 306 306 307 307 307 306 306 305 306 305 303 305 306 309 310 311 312 314 314 317 318 318 318 319 318 317 316
304 304 305 305 304 305 305 305 306 307 306 306 305 307 307 307 307 308 308 308 302 307 307 304 305 305 302 303 304 301 302 303 303 304 303 303 304 304 304 305 305 305 306 306 306 307 306 305 305 304 302 302 305 307 309 308 310 310 311 313 314 315 316 316 317 317 317 317 316
305 304 304 304 304 304 304 304 305 305 304 304 304 305 305 306 306 307 306 307 306 307 306 303 304 305 302 303 303 302 303 303 303 303 303 303 303 304 304 304 304 304 305 306 307 306 306 304 305 306 305 305 307 308 308 308 310 310 311 312 314 315 315 316 316 316 315 316 315
302 303 304 302 303 303 304 304 303 303 304 304 304 304 304 305 305 306 307 306 306 307 306 305 304 302 302 302 303 302 302 303 303 302 302 303 303 303 303 304 304 304 304 305 305 306 305 306 307 306 305 307 308 308 308 309 309 309 309 312 313 313 314 315 315 315 314 315 314
299 301 302 302 302 302 302 302 302 303 303 303 303 303 304 304 305 305 305 306 305 306 304 305 304 303 301 302 302 303 302 302 302 302 302 302 303 303 303 303 303 304 304 305 305 306 305 307 305 305 307 305 306 305 305 307 308 308 308 310 311 312 313 313 314 313 314 313 313
297 299 300 301 301 301 302 302 302 302 303 303 303 303 304 304 304 304 304 305 305 304 305 304 303 304 303 303 303 303 302 302 302 302 301 302 302 302 303 303 303 303 304 304 305 304 305 305 306 304 305 306 306 306 305 306 306 305 305 308 309 310 312 312 312 311 313 312 313
