EcoCrop/data/climate/tmax_5.asc
NCOLS 660 
NROWS 360 
XLLCORNER -20 
YLLCORNER -30 
CELLSIZE 0.1666667 
NODATA_value -3.4e+38 
[rows 300 to 329 of 360, columns 207 to 275 of 660]
274 276 275 272 271 269 266 266 266 267 271 273 269 266 260 256 255 256 258 255 256 258 256 254 254 255 255 256 258 258 259 261 262 263 262 262 264 264 266 268 269 271 273 273 273 274 275 274 274 274 274 274 274 273 274 273 274 274 274 273 275 274 274 274 274 272 274 273 272
273 276 275 275 269 275 276 274 277 277 275 270 267 263 259 253 253 249 252 255 257 258 256 254 254 255 254 256 256 259 261 259 260 261 262 263 264 266 268 268 270 272 272 272 273 273 274 274 274 274 274 274 273 272 272 274 274 274 273 274 274 274 273 272 272 272 272 271 271
266 282 282 277 276 286 284 280 277 274 267 269 264 259 253 254 246 258 259 259 259 258 255 253 253 253 254 255 255 257 259 258 261 261 262 263 264 266 268 269 271 271 272 272 272 273 273 273 273 273 273 272 271 271 272 272 273 272 272 273 273 273 273 273 272 271 271 270 270
279 280 283 282 288 287 281 276 274 270 266 263 256 251 251 255 258 258 260 259 258 258 255 253 253 253 252 253 254 254 256 257 258 259 261 262 264 267 268 269 269 270 271 271 272 272 273 273 273 272 272 270 270 269 269 270 271 271 271 272 272 272 272 271 270 270 270 269 269
280 283 286 288 282 284 277 271 270 264 260 257 251 250 253 255 257 259 259 258 257 255 253 253 252 252 251 251 252 255 255 256 258 259 260 261 263 265 266 269 269 269 270 269 269 270 272 270 270 268 269 268 268 269 268 270 271 270 270 271 271 271 271 270 269 269 269 268 268
283 287 295 290 287 276 266 263 259 255 248 248 250 254 255 257 257 259 257 257 256 253 251 250 250 250 249 250 250 253 253 258 257 257 261 261 263 264 265 266 265 265 266 265 265 267 267 266 266 267 268 267 268 268 269 270 270 269 269 271 271 270 270 270 268 268 268 267 267
226 291 292 286 276 269 258 254 251 249 251 240 254 256 257 257 259 257 256 254 252 249 247 248 247 247 247 247 248 250 252 253 254 257 259 259 261 261 262 262 263 262 262 263 262 263 264 264 264 265 266 267 267 267 268 269 269 269 268 270 270 269 269 268 268 268 267 266 266
279 288 294 281 281 272 264 254 247 255 257 251 252 255 258 257 257 255 253 252 249 246 244 245 245 245 245 246 246 248 249 251 252 254 256 257 258 258 258 258 259 260 259 260 260 261 261 262 263 266 265 266 266 266 267 267 268 268 267 268 269 269 267 268 265 263 263 261 261
275 281 285 288 279 274 271 264 260 259 254 248 250 254 256 255 254 253 251 248 246 244 241 241 242 244 245 245 246 246 248 250 252 254 257 255 255 255 256 257 257 257 258 258 260 260 260 262 263 264 265 265 266 266 266 266 266 267 267 266 267 266 264 263 262 261 261 259 257
269 276 282 280 271 269 233 259 266 264 258 253 250 251 252 253 251 250 246 244 242 239 239 239 241 242 242 243 244 247 248 247 248 251 253 252 254 254 254 255 255 256 257 258 260 260 261 262 264 263 264 264 265 265 265 266 265 266 266 266 264 263 261 261 259 258 258 256 254
263 270 274 271 271 270 260 240 274 267 262 256 249 248 249 249 249 248 243 239 239 238 239 239 240 241 243 243 244 244 245 247 248 249 250 251 251 252 253 254 256 256 257 259 260 261 262 261 263 262 263 263 264 264 264 264 264 265 264 263 262 261 261 259 258 257 256 255 253
255 263 267 268 266 269 281 280 273 263 260 255 253 251 255 255 251 248 237 238 238 239 241 240 240 240 241 241 242 244 244 248 248 250 249 251 252 253 255 255 256 257 258 259 259 259 261 260 262 262 263 263 263 263 263 263 264 263 263 262 260 260 258 257 256 256 254 253 252
247 256 263 266 265 271 279 271 269 264 262 255 262 261 259 250 239 244 234 236 237 239 239 239 241 241 240 241 241 242 244 245 246 246 248 252 253 253 254 255 256 256 256 257 258 258 260 259 261 261 262 262 262 262 262 262 263 263 262 261 260 258 258 256 255 254 253 252 249
240 250 259 265 272 273 271 279 275 272 274 272 262 259 257 245 232 233 237 239 240 242 242 241 243 242 243 241 241 241 241 243 245 252 253 252 252 253 254 255 256 256 257 256 258 258 259 260 259 260 260 261 261 261 261 262 262 262 261 260 259 258 257 255 254 253 252 251 249
231 243 256 264 270 268 277 277 278 280 262 264 240 249 240 252 229 233 238 238 241 242 244 245 245 244 244 242 240 241 242 249 251 252 253 253 255 253 254 254 254 255 256 257 259 257 258 259 260 260 259 260 260 260 261 261 261 261 261 259 259 258 257 256 255 253 251 250 248
222 240 254 263 269 271 280 266 268 261 247 248 234 237 237 247 228 228 235 240 245 240 247 247 245 245 244 241 241 242 246 249 250 251 251 251 251 252 252 252 252 253 254 254 255 256 257 257 258 257 259 259 259 259 260 260 260 260 260 259 258 257 256 255 253 252 251 249 248
223 240 254 265 274 278 274 249 258 241 246 231 248 238 224 233 230 234 238 243 247 246 248 248 249 247 246 243 244 245 248 249 250 250 250 248 248 249 249 250 250 251 251 252 252 253 253 254 256 256 256 258 258 258 259 259 259 259 259 258 258 257 256 255 253 251 250 249 246
232 244 258 269 273 271 264 263 264 243 240 242 239 231 233 230 236 232 244 247 248 248 250 250 250 250 246 242 244 247 249 250 248 248 248 248 247 248 247 248 248 249 249 249 250 250 251 252 253 253 254 255 256 257 257 258 258 258 259 258 257 257 256 254 253 252 250 249 245
236 249 264 272 276 272 263 267 271 264 257 233 224 233 238 241 244 245 247 248 250 250 249 249 251 249 247 245 245 247 249 249 249 248 248 248 248 247 247 246 247 247 247 247 248 248 249 250 251 251 252 253 254 256 256 256 257 257 257 257 257 256 255 254 253 250 250 247 247
237 253 270 279 279 273 266 270 268 250 246 218 221 233 240 246 246 248 249 249 250 251 251 250 251 251 249 247 248 250 251 250 249 248 249 247 247 247 247 247 246 246 245 246 247 247 247 248 249 250 250 251 252 252 253 255 254 255 256 257 256 255 254 253 252 251 248 248 251
235 255 276 288 283 274 267 269 264 257 224 220 221 226 234 241 248 250 250 250 248 251 250 250 250 254 250 251 251 252 252 249 249 248 248 248 247 247 247 247 246 246 246 246 246 246 246 247 248 248 249 249 250 251 253 253 253 254 254 254 255 255 254 253 252 250 248 251 252
229 252 278 292 283 272 275 264 254 250 203 207 219 226 232 238 244 249 250 250 249 249 250 251 251 252 252 251 252 252 251 248 249 249 249 248 248 247 247 247 246 246 245 245 245 246 246 246 247 247 248 249 249 250 251 250 251 253 252 253 253 252 252 252 251 249 248 247 248
220 244 266 276 277 270 261 255 239 206 204 213 221 227 231 235 241 246 249 249 249 250 249 249 251 251 252 252 253 253 250 250 250 249 249 249 248 247 247 247 247 246 245 245 244 245 246 247 247 247 247 248 249 249 249 250 251 250 250 250 252 251 251 249 248 248 246 246 244
213 234 253 262 266 259 258 255 250 238 227 203 219 226 228 233 240 243 247 249 248 249 248 249 250 251 252 253 253 252 252 251 250 250 249 249 248 249 248 247 247 246 245 243 244 245 246 247 247 247 247 248 249 249 249 249 250 250 250 251 249 249 249 247 245 243 242 242 242
211 227 241 250 252 252 249 245 241 198 193 212 220 225 229 233 238 244 247 249 249 249 249 247 249 251 253 254 254 252 252 251 250 250 250 249 250 249 248 248 247 247 246 245 244 245 246 247 247 248 248 249 249 249 249 249 249 250 249 249 248 248 247 248 244 242 244 243 246
210 221 233 240 240 238 233 231 227 217 197 214 217 222 226 232 236 243 247 248 249 249 250 248 249 251 252 254 253 253 252 251 251 251 250 251 250 250 249 248 247 246 246 246 245 245 246 247 249 249 249 249 249 249 249 249 249 248 249 249 247 247 244 244 241 239 240 244 243
-3.4e+38 218 225 230 231 229 223 232 230 214 217 206 213 218 222 223 233 241 246 248 251 250 250 249 250 251 252 252 252 254 251 251 251 251 250 251 250 251 250 249 248 246 246 245 245 246 247 248 249 249 249 249 249 248 249 249 249 249 247 247 247 246 244 243 242 240 240 238 242
-3.4e+38 214 218 223 225 225 224 232 231 205 185 202 208 214 216 221 232 242 247 250 255 254 250 249 249 250 250 250 250 251 250 250 250 251 251 251 251 251 251 250 249 247 246 246 246 246 247 248 249 249 250 249 248 248 248 250 249 249 248 247 245 245 243 243 240 242 242 241 243
-3.4e+38 -3.4e+38 215 216 220 225 224 228 222 216 185 200 207 212 216 224 235 245 247 252 253 249 248 248 248 249 249 248 249 249 249 249 250 250 251 252 252 251 252 250 250 249 247 247 247 247 247 248 249 249 249 249 249 250 251 250 249 248 248 245 244 243 241 241 241 244 236 234 235
-3.4e+38 -3.4e+38 211 211 211 211 211 208 216 200 198 195 203 211 213 222 231 235 246 248 249 247 246 247 247 247 247 248 248 248 248 248 248 249 251 252 252 252 252 251 250 250 248 247 247 248 249 249 249 249 249 249 250 250 250 249 249 248 247 247 246 245 242 241 241 238 237 239 237
