EcoCrop/data/climate/tmax_1.asc
NCOLS 660 
NROWS 360 
XLLCORNER -20 
YLLCORNER -30 
CELLSIZE 0.1666667 
NODATA_value -3.4e+38 
[rows 270 to 299 of 360, columns 276 to 344 of 660]
276 275 270 278 276 277 275 273 275 275 275 276 273 271 272 273 273 275 274 280 277 291 282 291 311 320 317 299 270 284 278 288 287 280 283 280 283 300 318 325 328 329 324 319 312 275 281 293 288 273 259 237 276 289 292 297 284 291 293 295 295 298 302 304 266 299 297 286 262
273 268 277 278 280 282 279 281 280 281 280 277 272 268 273 275 271 275 278 267 264 289 266 296 308 319 313 276 278 295 289 290 290 287 296 283 296 305 317 322 325 334 327 322 317 298 281 266 283 271 246 242 285 296 298 285 284 291 293 294 297 297 302 301 296 276 264 281 286
274 274 280 281 284 285 284 284 284 284 281 275 265 260 262 272 275 277 264 268 277 291 284 305 311 319 314 308 308 304 304 301 300 288 304 308 322 326 330 330 331 340 327 327 329 325 322 309 301 295 276 272 307 299 296 264 280 290 294 295 297 297 298 296 295 298 273 282 290
281 282 282 283 285 285 286 286 286 286 284 283 277 267 267 270 272 268 267 266 280 300 316 311 306 318 322 321 323 303 313 320 323 322 322 323 331 337 337 331 298 347 334 328 329 327 325 314 308 271 283 310 317 294 285 270 283 290 294 297 293 291 296 299 301 306 300 295 293
285 285 285 285 284 285 286 286 286 286 285 284 282 272 266 288 278 280 260 313 313 312 304 307 309 276 316 319 319 321 323 324 323 325 327 330 332 333 330 332 335 338 343 331 322 325 330 325 322 311 296 306 317 283 263 277 285 287 284 298 291 299 300 304 307 311 307 302 307
285 282 284 284 283 285 286 287 287 286 281 278 279 273 286 314 313 311 310 310 309 306 304 285 288 309 313 317 313 315 321 320 318 318 315 317 325 325 323 321 327 329 330 336 334 318 326 324 320 292 323 302 327 287 253 281 286 230 282 302 299 304 302 306 293 314 310 310 303
286 284 282 282 281 283 285 285 283 283 281 271 270 281 288 299 312 311 305 305 305 298 300 299 306 311 310 315 311 318 321 319 318 314 311 314 314 315 320 324 325 325 324 329 336 333 328 323 320 319 319 328 329 322 266 282 293 294 298 308 310 309 302 304 304 319 314 315 314
286 282 280 275 275 281 283 284 280 280 276 269 259 278 305 310 314 310 280 267 275 278 272 295 307 301 310 313 311 315 316 318 315 313 311 303 305 310 312 325 327 323 327 323 320 327 332 329 322 324 321 328 332 334 306 302 299 293 297 307 314 304 288 302 317 317 321 318 315
285 281 276 274 275 275 280 277 274 274 282 293 298 308 306 307 290 288 286 274 269 261 269 280 279 267 276 274 290 293 311 311 311 306 275 301 310 311 316 322 327 330 329 328 324 332 332 330 324 313 324 323 329 337 334 324 310 309 303 311 313 315 315 319 322 321 319 316 314
286 281 272 269 269 270 273 270 268 275 294 299 303 312 313 313 312 309 304 286 260 255 262 269 262 268 271 263 257 262 272 261 269 274 273 286 280 288 293 304 309 318 325 330 330 320 324 334 339 332 337 332 323 333 333 330 324 309 305 303 311 309 319 323 322 322 326 321 317
280 275 269 268 264 264 266 266 273 287 304 311 312 312 313 312 311 308 280 277 260 255 259 261 253 259 266 261 254 243 255 268 278 279 279 289 290 302 299 307 280 309 324 327 322 316 322 324 321 336 338 337 337 324 327 332 332 325 322 314 312 316 312 319 323 327 324 323 324
276 274 273 269 266 266 266 267 274 305 310 311 312 311 309 287 287 288 277 269 260 255 257 267 264 253 269 266 254 248 254 263 264 275 280 288 293 296 296 297 286 298 307 321 320 312 316 323 324 328 332 334 338 333 321 336 333 327 315 316 319 317 317 321 321 324 326 324 324
279 274 275 270 268 266 272 282 288 311 311 311 310 303 296 279 290 298 283 274 265 262 258 263 264 249 258 256 241 248 258 257 271 278 287 284 292 279 288 284 293 299 308 310 310 310 317 315 321 326 331 334 334 338 310 339 333 322 316 319 319 321 323 324 324 320 325 325 327
283 275 278 274 270 272 267 291 309 312 312 299 295 303 305 296 294 290 290 285 274 270 264 261 263 268 263 256 243 259 265 271 278 281 280 270 268 280 276 268 288 300 307 296 300 308 310 315 322 330 328 326 333 339 325 340 328 318 319 321 325 324 327 323 322 323 328 324 327
281 280 281 275 274 280 282 310 313 311 304 302 296 302 298 292 295 290 284 289 283 280 271 262 264 265 258 256 244 257 242 257 276 271 270 267 273 264 265 280 289 287 297 295 295 300 310 316 317 325 326 330 332 337 342 340 320 316 322 324 325 326 325 328 325 325 324 327 327
292 290 282 279 275 295 310 313 313 305 306 300 283 298 297 298 295 288 286 284 285 284 278 275 265 262 258 246 251 255 256 255 265 270 262 264 266 268 271 279 265 288 279 288 291 299 310 308 311 320 320 326 330 334 340 338 328 322 325 327 328 328 327 328 327 327 326 326 326
294 296 296 284 284 303 309 313 306 284 280 278 288 296 294 296 294 283 284 285 285 283 281 271 268 260 258 257 256 252 247 252 263 259 256 258 257 269 265 266 252 248 278 296 289 297 303 304 312 317 321 325 330 330 338 336 332 328 329 326 327 328 328 329 329 328 326 -3.4e+38 -3.4e+38
304 316 305 306 312 311 317 315 297 299 286 290 293 288 287 293 291 286 286 288 286 281 277 278 272 266 263 259 257 257 258 247 254 256 255 249 260 262 258 258 231 274 254 298 297 301 307 308 315 323 325 330 331 336 337 334 333 333 330 329 329 328 328 328 328 329 -3.4e+38 -3.4e+38 -3.4e+38
298 300 307 318 315 314 312 300 295 288 290 293 292 293 280 284 285 274 286 286 283 281 277 276 274 271 272 268 264 260 258 250 249 249 244 238 247 249 243 254 228 246 254 302 302 303 305 310 315 324 333 332 336 339 335 330 325 327 330 328 327 326 326 325 324 325 -3.4e+38 -3.4e+38 -3.4e+38
300 301 308 316 315 301 296 294 294 289 288 287 287 292 286 278 276 268 271 285 285 281 279 276 272 271 274 276 270 265 259 250 247 241 243 231 237 244 225 236 211 216 292 302 307 303 307 306 315 320 329 336 337 336 329 320 325 328 329 328 325 324 322 322 322 -3.4e+38 -3.4e+38 -3.4e+38 -3.4e+38
295 308 311 314 301 292 289 287 291 291 290 290 286 286 282 279 274 270 267 267 283 282 280 280 277 276 271 273 269 261 258 251 250 254 248 247 238 228 213 209 211 286 296 300 305 305 308 306 230 326 331 337 337 325 323 326 325 328 328 325 323 321 319 318 -3.4e+38 -3.4e+38 -3.4e+38 -3.4e+38 -3.4e+38
299 298 306 298 286 282 288 285 294 292 291 290 288 286 282 278 277 278 274 277 279 282 277 277 275 272 269 270 262 261 255 256 256 255 255 252 252 241 254 243 271 206 295 305 292 312 309 313 307 326 336 337 333 324 323 323 326 326 327 323 322 318 315 -3.4e+38 -3.4e+38 -3.4e+38 -3.4e+38 -3.4e+38 -3.4e+38
293 295 293 288 287 286 286 288 295 297 300 297 294 291 290 288 288 284 276 272 276 278 276 277 277 273 269 266 259 260 253 257 260 248 267 268 260 257 264 244 217 261 289 300 309 313 316 316 315 336 338 337 324 322 324 324 326 325 324 322 319 317 -3.4e+38 -3.4e+38 -3.4e+38 -3.4e+38 -3.4e+38 -3.4e+38 -3.4e+38
293 294 293 291 289 289 290 292 295 299 305 299 293 290 285 286 286 283 274 278 270 273 276 276 272 270 269 263 264 258 247 250 257 267 272 282 276 268 278 274 259 299 298 296 298 304 309 318 322 337 338 334 320 322 324 323 324 324 323 321 -3.4e+38 -3.4e+38 -3.4e+38 -3.4e+38 -3.4e+38 -3.4e+38 -3.4e+38 -3.4e+38 -3.4e+38
294 295 294 292 291 292 292 296 299 303 305 299 295 290 289 282 280 280 279 273 272 266 270 271 269 266 269 265 260 260 256 259 268 272 285 289 287 275 258 242 235 302 300 297 297 294 307 321 331 338 336 334 321 321 321 322 323 323 -3.4e+38 -3.4e+38 -3.4e+38 -3.4e+38 -3.4e+38 -3.4e+38 -3.4e+38 -3.4e+38 -3.4e+38 -3.4e+38 -3.4e+38
297 297 295 293 292 294 294 297 301 304 304 302 298 289 284 285 280 275 276 275 272 268 264 269 261 262 266 258 257 251 259 266 261 278 286 290 294 282 286 283 263 296 298 301 295 301 322 328 329 338 334 330 322 321 320 321 322 -3.4e+38 -3.4e+38 -3.4e+38 -3.4e+38 -3.4e+38 -3.4e+38 -3.4e+38 -3.4e+38 -3.4e+38 -3.4e+38 -3.4e+38 -3.4e+38
297 297 296 295 295 295 295 298 301 304 304 299 296 288 288 282 276 275 275 271 271 268 261 262 266 262 259 256 250 245 255 262 270 276 277 282 295 294 286 284 213 296 294 299 301 310 324 328 330 332 329 326 320 321 321 320 321 -3.4e+38 -3.4e+38 -3.4e+38 -3.4e+38 -3.4e+38 -3.4e+38 -3.4e+38 -3.4e+38 -3.4e+38 -3.4e+38 -3.4e+38 -3.4e+38
299 299 297 297 297 297 296 299 301 303 302 297 291 286 283 279 276 271 271 269 268 265 264 263 269 269 266 261 257 256 251 268 273 274 282 279 294 306 303 265 241 283 299 301 298 329 327 323 325 323 323 320 317 320 320 320 -3.4e+38 -3.4e+38 -3.4e+38 -3.4e+38 -3.4e+38 -3.4e+38 -3.4e+38 -3.4e+38 -3.4e+38 -3.4e+38 -3.4e+38 -3.4e+38 -3.4e+38
303 301 299 300 298 297 297 297 298 300 300 293 289 284 284 279 277 271 265 261 267 266 265 271 276 273 275 274 270 265 262 260 269 275 281 289 292 308 324 291 254 228 204 288 321 324 325 325 321 316 313 312 -3.4e+38 318 -3.4e+38 -3.4e+38 -3.4e+38 -3.4e+38 -3.4e+38 -3.4e+38 -3.4e+38 -3.4e+38 -3.4e+38 -3.4e+38 -3.4e+38 -3.4e+38 -3.4e+38 -3.4e+38 -3.4e+38
304 302 301 300 299 297 296 295 294 295 291 291 287 282 275 279 272 268 267 262 259 270 274 282 281 276 279 278 273 269 265 258 269 272 276 285 300 308 302 254 241 244 266 325 324 323 322 320 319 318 312 308 313 -3.4e+38 -3.4e+38 -3.4e+38 -3.4e+38 -3.4e+38 -3.4e+38 -3.4e+38 -3.4e+38 -3.4e+38 -3.4e+38 -3.4e+38 -3.4e+38 -3.4e+38 -3.4e+38 -3.4e+38 -3.4e+38
