EcoCrop/data/climate/tmax_10.asc
NCOLS 660 
NROWS 360 
XLLCORNER -20 
YLLCORNER -30 
CELLSIZE 0.1666667 
NODATA_value -3.4e+38 
[rows 180 to 209 of 360, columns 207 to 275 of 660]
294 292 296 299 297 299 302 301 299 300 299 300 299 298 298 298 298 299 297 298 298 299 299 299 299 297 295 294 296 299 302 303 307 308 307 305 303 300 300 296 296 296 295 295 296 297 295 296 292 292 294 293 292 291 293 295 296 295 294 294 294 292 296 297 297 299 298 297 298
293 292 295 296 298 299 299 299 299 299 299 299 298 298 298 297 297 298 297 297 297 297 298 297 297 294 296 297 299 301 304 306 310 311 310 308 304 302 301 299 299 297 295 295 293 294 295 294 293 291 292 294 294 295 295 295 296 298 295 293 291 292 296 298 298 297 299 298 296
293 293 296 296 299 300 301 300 300 299 299 298 299 298 298 297 297 297 297 296 297 296 296 294 295 296 294 297 298 302 303 306 309 314 310 307 304 302 300 297 298 297 298 298 297 295 294 295 295 296 297 295 296 296 295 294 296 296 298 296 295 297 297 298 297 301 295 296 297
291 295 296 297 297 299 298 298 299 299 298 298 299 297 297 298 297 296 295 297 295 295 294 294 293 295 294 296 298 300 303 304 306 309 308 305 303 300 301 299 297 297 296 298 299 298 297 297 296 298 297 296 297 296 296 295 296 297 298 299 298 297 298 297 297 300 299 296 299
291 295 295 295 298 297 298 298 299 298 298 298 300 298 297 298 298 297 296 295 293 294 293 293 293 294 294 296 298 299 303 304 305 304 306 304 301 299 299 300 299 299 297 296 295 296 296 299 300 298 297 298 296 296 296 295 296 295 298 299 298 299 298 299 298 299 298 299 298
291 293 292 296 295 298 299 298 299 298 299 298 298 297 297 297 297 297 296 295 295 295 293 294 293 294 294 294 298 299 301 302 303 304 303 301 301 300 297 297 297 297 297 299 297 297 295 296 298 298 299 298 297 296 295 295 295 294 297 297 300 299 299 298 298 300 300 298 298
294 290 293 294 298 296 298 298 299 298 298 298 298 299 298 298 297 297 296 294 294 295 294 292 295 295 295 296 296 298 299 301 300 300 300 299 299 299 299 297 296 296 297 299 296 297 295 297 298 298 298 300 298 299 298 294 297 294 295 296 298 299 299 298 298 299 299 298 298
286 290 290 298 297 297 294 294 297 298 298 298 299 299 298 296 295 297 296 296 296 295 295 294 295 296 296 296 297 297 297 298 298 296 298 296 295 298 298 296 297 297 296 297 299 297 297 296 294 298 297 298 300 296 299 297 297 295 298 295 297 299 300 299 299 299 299 301 296
290 291 293 299 293 296 295 295 296 298 299 298 299 299 298 294 296 296 297 297 298 297 296 296 296 297 296 296 297 297 296 297 298 296 294 295 294 293 297 296 297 296 295 297 295 299 299 300 299 299 299 298 300 298 299 298 297 297 299 295 293 299 299 300 300 299 299 299 297
294 300 296 297 296 291 293 293 294 298 299 299 300 299 299 297 294 296 297 298 299 299 299 299 298 297 297 296 298 296 295 296 296 295 294 294 294 294 296 295 294 295 296 297 296 296 295 302 297 301 302 300 298 297 298 301 298 297 298 297 299 300 300 301 299 299 299 298 299
289 293 299 293 293 289 294 290 293 298 301 300 300 300 299 296 294 296 297 298 299 300 301 299 299 298 298 297 298 297 296 296 296 295 295 293 294 294 294 295 294 293 297 297 296 295 297 300 302 299 299 299 302 298 301 300 299 301 301 296 296 291 300 302 300 299 299 301 298
293 290 293 292 292 293 300 293 299 298 301 300 301 299 298 295 295 297 299 299 299 301 302 300 299 299 298 298 298 297 297 295 295 293 293 294 291 295 296 295 295 294 295 295 294 297 298 301 301 304 302 303 301 301 301 301 302 302 297 298 300 298 301 302 300 300 300 301 299
282 289 302 281 294 299 284 294 292 296 302 300 300 300 299 297 297 299 300 300 300 300 302 300 299 300 299 299 299 297 297 296 295 294 296 291 292 293 294 296 294 293 293 293 292 296 297 298 298 302 304 306 301 305 304 303 302 300 304 302 295 289 302 302 303 301 301 301 300
284 295 284 297 283 283 289 294 300 302 302 300 299 298 298 298 299 299 299 300 299 299 301 301 300 299 299 298 299 298 298 297 294 295 293 294 294 294 294 294 297 296 296 294 297 296 299 298 299 301 303 302 306 304 303 301 303 302 303 298 297 300 301 303 302 301 301 300 300
275 274 277 280 283 284 285 289 299 297 300 298 295 299 298 299 300 299 301 300 300 299 301 300 299 300 299 298 298 298 298 297 297 295 294 295 296 293 291 296 296 293 289 293 292 293 298 296 297 302 304 301 303 307 304 301 302 300 302 301 304 302 303 304 302 302 302 302 300
293 303 283 285 285 291 286 284 291 298 303 292 298 298 300 300 301 301 300 300 299 300 301 299 300 299 297 299 298 299 298 298 298 295 296 295 294 293 293 293 295 294 296 296 292 294 292 299 297 301 302 302 303 306 304 305 301 301 302 298 305 302 304 305 304 303 302 304 301
274 289 311 293 281 283 291 297 294 292 298 294 298 298 299 302 304 302 302 301 300 301 299 300 299 297 297 297 298 297 297 298 296 296 296 295 296 296 294 292 294 293 293 298 297 297 293 292 297 297 299 299 300 304 304 307 304 304 304 301 306 303 305 305 304 303 303 304 303
304 297 308 311 308 283 304 296 298 297 295 294 300 299 303 302 302 303 300 299 299 299 300 300 298 298 297 296 297 297 295 294 295 294 295 295 294 293 294 294 294 290 295 296 294 292 294 297 295 292 295 298 301 303 303 307 303 306 303 301 304 304 304 305 303 304 304 304 304
283 294 299 289 310 307 295 285 287 292 301 305 306 305 306 307 303 303 301 299 297 299 297 298 300 299 297 295 298 296 296 295 296 295 294 292 294 289 296 295 295 295 295 295 292 295 299 297 299 299 299 299 300 301 302 304 307 307 302 301 303 304 305 305 304 304 304 304 305
291 297 288 291 285 303 283 286 291 302 301 294 300 302 306 307 308 308 303 302 298 299 298 299 298 299 299 298 297 297 297 297 296 298 295 296 297 296 299 294 297 292 294 299 297 297 300 296 301 293 297 299 309 307 310 305 306 302 304 301 302 306 306 306 305 305 305 304 307
299 302 289 289 279 282 286 288 289 292 302 297 299 303 302 306 307 307 304 303 304 302 302 299 295 297 297 299 299 299 300 300 299 296 301 299 299 298 299 299 299 298 299 302 296 297 296 302 304 303 306 307 308 303 309 309 305 305 306 304 301 304 307 307 306 305 305 305 305
298 297 307 303 281 284 291 300 290 308 297 290 297 304 303 306 307 305 304 304 301 300 301 302 301 300 297 298 299 299 299 297 296 296 296 296 294 296 298 295 297 300 297 302 299 301 299 297 296 300 303 300 303 305 312 308 306 308 306 305 303 309 306 306 304 304 304 304 304
295 304 305 294 282 285 286 288 301 292 290 294 291 300 303 304 307 305 303 301 302 300 300 299 299 299 300 301 299 298 294 295 294 292 298 293 295 293 296 294 296 296 299 292 295 296 301 295 291 295 296 304 302 307 307 309 307 306 308 308 307 309 303 305 304 304 305 305 304
295 296 303 286 294 285 287 288 312 288 291 291 293 299 302 302 305 302 301 301 302 302 300 299 298 298 300 298 298 300 298 297 296 293 293 292 295 289 296 297 298 295 292 301 299 297 300 300 301 300 302 306 305 304 306 307 306 308 302 305 305 308 305 305 304 304 304 303 303
301 297 310 309 302 312 297 295 308 291 295 291 295 302 299 301 299 299 297 300 301 299 301 297 296 296 300 300 299 301 301 302 296 296 295 298 297 300 302 295 296 299 301 296 302 300 300 301 303 306 303 309 307 308 305 308 306 305 304 306 306 307 305 305 304 306 303 304 303
298 302 306 311 313 311 310 286 288 289 293 290 290 298 294 300 300 297 295 298 300 294 296 300 298 295 298 300 297 300 298 293 293 301 296 301 297 298 301 298 298 301 299 301 302 300 301 302 302 304 305 311 307 309 308 309 307 305 302 302 305 305 304 303 302 303 303 305 304
299 300 296 305 289 306 300 291 292 288 289 290 290 298 302 303 302 296 294 297 296 296 296 298 295 300 296 295 302 296 297 301 301 301 296 289 302 298 292 302 300 300 291 302 302 303 302 301 300 304 305 305 309 308 305 305 306 305 304 302 304 303 304 306 301 303 302 304 305
292 292 300 300 297 304 299 284 292 287 288 289 292 303 299 304 302 292 301 296 297 298 296 299 298 302 297 298 303 291 299 303 302 302 299 302 301 304 299 302 302 300 302 298 302 301 306 305 304 302 304 307 309 309 303 304 305 302 306 306 301 301 306 303 301 303 302 303 305
292 292 297 293 298 300 303 295 285 287 295 292 292 301 299 303 297 295 301 297 300 293 298 295 297 304 301 299 296 289 291 300 298 302 299 301 299 300 301 298 304 299 300 301 304 302 306 305 304 305 301 306 311 306 306 311 305 305 304 305 304 298 305 304 300 301 301 302 304
296 291 293 294 292 296 296 283 287 286 294 288 290 303 302 297 294 300 298 299 298 298 296 292 301 302 298 297 292 290 289 291 291 297 300 300 299 293 302 300 306 302 299 301 302 301 306 302 299 304 302 306 310 310 310 308 304 302 302 303 304 298 301 300 299 294 302 303 305
