EcoCrop/data/climate/tmax_6.asc
NCOLS 660 
NROWS 360 
XLLCORNER -20 
YLLCORNER -30 
CELLSIZE 0.1666667 
NODATA_value -3.4e+38 
[rows 330 to 359 of 360, columns 207 to 275 of 660]
-3.4e+38 -3.4e+38 197 193 190 188 185 188 185 184 179 178 172 182 183 184 194 197 212 214 213 214 214 215 217 218 218 219 220 220 221 220 220 222 222 224 224 224 223 222 222 221 220 218 219 219 220 220 220 220 220 221 221 221 220 220 220 219 218 218 217 216 213 212 208 207 206 205 206
-3.4e+38 -3.4e+38 196 190 188 185 181 170 172 185 182 167 165 175 170 181 186 201 211 211 214 216 214 215 216 217 217 218 218 218 218 218 219 221 221 222 224 224 223 223 222 220 220 220 219 219 220 220 219 220 220 220 220 220 219 219 219 218 218 217 217 213 212 209 206 202 198 199 205
-3.4e+38 -3.4e+38 197 186 184 181 186 172 166 184 169 180 175 169 167 172 183 199 209 213 216 215 215 215 216 217 218 218 217 218 217 217 217 217 220 222 223 224 223 222 222 221 221 219 219 219 220 220 219 220 221 220 219 219 218 218 217 218 217 215 213 213 211 207 203 197 196 194 201
-3.4e+38 -3.4e+38 196 186 181 177 175 184 183 183 168 153 156 169 165 172 188 201 210 214 217 217 216 217 215 217 218 218 217 216 216 215 214 215 217 220 221 221 222 221 221 220 220 220 220 220 220 220 219 220 220 219 218 218 217 217 217 216 215 215 213 211 210 207 205 200 199 196 194
-3.4e+38 -3.4e+38 189 185 179 178 179 183 183 175 174 170 158 170 178 172 183 198 208 214 216 219 216 217 215 216 217 217 217 215 214 214 212 213 215 218 220 220 221 220 220 220 219 219 219 220 218 220 219 219 219 219 217 215 213 213 215 214 214 213 211 209 208 208 206 204 203 198 193
-3.4e+38 -3.4e+38 192 182 179 176 175 176 176 178 161 153 156 167 180 178 186 197 207 214 219 220 221 218 217 217 217 219 217 215 214 213 212 212 215 216 218 219 220 219 218 218 218 218 218 219 218 219 219 220 218 216 216 212 210 209 210 212 211 210 209 208 206 204 202 204 204 198 191
-3.4e+38 -3.4e+38 -3.4e+38 184 178 176 176 176 174 168 144 170 157 168 180 183 184 197 204 217 221 222 221 219 220 219 217 217 215 215 214 214 212 212 214 216 216 218 218 218 218 217 217 217 217 218 218 219 219 217 216 214 213 213 210 207 208 210 209 208 205 205 205 204 202 197 197 193 186
-3.4e+38 -3.4e+38 -3.4e+38 186 179 180 184 175 186 186 174 172 171 159 179 188 186 195 203 218 220 218 217 217 218 220 218 217 216 215 213 213 213 213 215 215 217 217 217 217 216 216 215 215 216 216 217 217 218 216 213 212 213 213 212 209 208 206 205 204 201 201 200 200 197 195 193 191 187
-3.4e+38 -3.4e+38 -3.4e+38 -3.4e+38 183 176 183 182 176 159 173 174 175 160 176 193 188 198 208 220 218 219 214 219 216 221 220 217 215 215 214 214 213 214 214 215 216 217 216 215 215 215 213 214 215 216 216 216 215 214 213 209 212 210 208 207 206 202 201 200 197 194 194 194 191 187 189 187 186
-3.4e+38 -3.4e+38 -3.4e+38 -3.4e+38 189 183 178 179 177 173 148 158 144 155 175 193 200 199 205 220 214 223 223 218 224 223 219 214 215 215 214 213 214 214 215 216 216 215 215 215 214 213 213 212 214 215 213 213 213 213 212 211 210 209 206 204 202 197 194 194 193 193 192 187 186 186 187 186 180
-3.4e+38 -3.4e+38 -3.4e+38 -3.4e+38 187 182 173 173 159 145 141 140 155 160 171 184 199 201 207 220 220 224 226 227 224 219 218 215 213 214 210 211 214 218 218 216 216 215 215 214 213 213 212 212 212 212 213 212 212 211 210 209 208 206 205 202 199 196 191 192 195 192 190 187 183 183 184 181 180
-3.4e+38 -3.4e+38 -3.4e+38 -3.4e+38 186 182 185 176 163 165 159 157 155 162 168 186 200 205 209 220 225 226 220 218 220 207 209 211 211 213 214 216 216 219 219 215 216 215 214 213 212 212 211 211 211 211 210 208 209 211 209 205 203 203 204 204 196 192 192 192 194 193 191 186 181 181 182 178 176
-3.4e+38 -3.4e+38 -3.4e+38 -3.4e+38 -3.4e+38 178 175 178 172 172 171 167 163 162 169 187 202 208 208 220 222 213 204 208 209 190 190 207 209 214 217 216 215 218 216 214 214 214 213 212 211 211 210 210 209 207 206 203 204 205 209 208 205 202 196 194 197 188 187 190 194 193 190 182 178 181 179 178 178
-3.4e+38 -3.4e+38 -3.4e+38 -3.4e+38 -3.4e+38 182 181 171 171 175 177 174 171 162 165 185 203 203 213 218 219 188 203 203 197 175 186 196 210 215 218 217 216 216 213 216 212 213 212 211 209 208 208 206 205 204 202 196 194 202 205 203 199 199 197 191 188 184 183 187 188 194 182 182 182 179 181 181 178
-3.4e+38 -3.4e+38 -3.4e+38 -3.4e+38 -3.4e+38 190 184 175 177 174 174 172 178 176 156 187 199 206 200 218 216 201 204 190 180 168 199 196 208 217 217 218 218 216 216 213 214 212 211 209 207 207 205 204 202 201 199 195 192 199 203 201 193 194 191 187 183 182 183 185 188 192 184 185 180 183 186 185 185
-3.4e+38 -3.4e+38 -3.4e+38 -3.4e+38 -3.4e+38 -3.4e+38 185 183 184 181 178 179 178 172 159 175 166 201 221 211 201 194 190 193 190 192 202 204 204 215 216 217 217 216 215 213 211 210 209 208 206 204 203 202 200 199 196 194 190 196 199 197 194 172 186 181 181 181 183 184 188 196 185 183 183 188 191 190 188
-3.4e+38 -3.4e+38 -3.4e+38 -3.4e+38 -3.4e+38 -3.4e+38 194 191 192 188 190 186 179 173 162 179 201 203 229 212 189 195 201 204 203 203 206 202 208 214 214 215 217 215 213 213 212 211 208 208 204 203 201 200 199 198 195 190 182 189 196 196 193 180 179 180 180 181 181 183 191 196 184 186 186 186 188 189 184
-3.4e+38 -3.4e+38 -3.4e+38 -3.4e+38 -3.4e+38 -3.4e+38 -3.4e+38 192 185 190 192 191 189 189 186 177 197 216 209 206 205 212 208 206 209 206 209 214 214 216 214 214 213 216 212 213 208 205 207 205 203 201 199 197 195 197 194 190 178 183 191 194 194 187 173 178 180 180 183 185 194 191 182 184 184 182 183 181 179
-3.4e+38 -3.4e+38 -3.4e+38 -3.4e+38 -3.4e+38 -3.4e+38 -3.4e+38 -3.4e+38 192 195 187 194 199 190 220 208 198 212 218 220 216 206 202 207 212 207 210 212 217 213 217 212 212 211 208 209 213 208 207 203 201 198 197 194 195 197 193 192 189 172 188 190 192 180 175 178 180 180 184 188 194 182 181 182 181 180 177 172 173
-3.4e+38 -3.4e+38 -3.4e+38 -3.4e+38 -3.4e+38 -3.4e+38 -3.4e+38 -3.4e+38 -3.4e+38 196 197 196 201 215 213 201 225 225 201 211 212 213 212 207 216 216 215 213 219 208 206 208 211 212 211 209 212 207 203 202 201 201 200 201 198 199 197 191 192 190 197 197 190 176 183 180 181 179 188 195 188 185 180 175 170 173 172 169 165
-3.4e+38 -3.4e+38 -3.4e+38 -3.4e+38 -3.4e+38 -3.4e+38 -3.4e+38 -3.4e+38 -3.4e+38 -3.4e+38 202 199 200 212 215 183 197 223 202 207 214 214 208 204 213 222 213 208 212 220 219 212 218 206 210 214 210 206 201 202 204 202 204 203 200 194 196 193 190 196 201 200 182 183 182 181 180 183 196 194 187 188 183 179 176 174 170 168 163
-3.4e+38 -3.4e+38 -3.4e+38 -3.4e+38 -3.4e+38 -3.4e+38 -3.4e+38 -3.4e+38 -3.4e+38 -3.4e+38 -3.4e+38 202 204 208 195 181 195 216 204 199 210 209 205 210 220 217 204 205 211 214 225 220 211 212 217 212 210 205 206 206 204 202 197 205 201 191 196 192 191 193 201 193 182 180 180 180 180 195 189 189 188 185 182 176 173 172 167 167 162
-3.4e+38 -3.4e+38 -3.4e+38 -3.4e+38 -3.4e+38 -3.4e+38 -3.4e+38 -3.4e+38 -3.4e+38 -3.4e+38 -3.4e+38 -3.4e+38 202 197 196 195 171 206 205 222 224 204 212 217 235 219 211 204 229 228 211 208 201 202 208 213 218 214 211 208 202 197 197 199 202 198 199 187 199 199 195 185 182 179 180 180 192 194 188 186 184 183 179 174 175 173 172 169 169
-3.4e+38 -3.4e+38 -3.4e+38 -3.4e+38 -3.4e+38 -3.4e+38 -3.4e+38 -3.4e+38 -3.4e+38 -3.4e+38 -3.4e+38 -3.4e+38 -3.4e+38 196 193 191 185 186 193 198 200 211 233 230 227 220 217 212 225 215 198 194 196 197 199 203 209 209 205 201 197 194 194 199 201 203 196 196 193 187 184 187 184 179 180 192 195 190 191 184 182 181 181 178 176 173 171 171 172
-3.4e+38 -3.4e+38 -3.4e+38 -3.4e+38 -3.4e+38 -3.4e+38 -3.4e+38 -3.4e+38 -3.4e+38 -3.4e+38 -3.4e+38 -3.4e+38 -3.4e+38 -3.4e+38 189 188 189 192 176 183 190 208 216 203 205 196 198 208 198 188 196 191 188 192 196 202 201 207 203 200 198 193 190 193 192 199 199 194 188 176 184 183 190 179 192 196 192 190 185 182 181 179 180 177 172 166 167 166 169
-3.4e+38 -3.4e+38 -3.4e+38 -3.4e+38 -3.4e+38 -3.4e+38 -3.4e+38 -3.4e+38 -3.4e+38 -3.4e+38 -3.4e+38 -3.4e+38 -3.4e+38 -3.4e+38 192 191 196 193 192 177 180 189 200 204 203 199 194 196 188 178 185 186 187 192 196 196 197 202 203 204 198 195 193 192 191 196 198 192 183 179 184 188 194 193 192 193 188 179 182 174 180 181 177 173 166 164 160 165 167
-3.4e+38 -3.4e+38 -3.4e+38 -3.4e+38 -3.4e+38 -3.4e+38 -3.4e+38 -3.4e+38 -3.4e+38 -3.4e+38 -3.4e+38 -3.4e+38 -3.4e+38 -3.4e+38 -3.4e+38 191 187 191 192 182 174 181 190 190 188 193 189 190 183 178 179 185 189 192 194 194 196 198 196 199 202 196 193 191 187 192 194 195 195 180 185 194 189 186 184 186 186 180 176 175 180 177 176 176 169 165 159 159 159
-3.4e+38 -3.4e+38 -3.4e+38 -3.4e+38 -3.4e+38 -3.4e+38 -3.4e+38 -3.4e+38 -3.4e+38 -3.4e+38 -3.4e+38 -3.4e+38 -3.4e+38 -3.4e+38 -3.4e+38 192 200 201 177 180 169 174 176 178 179 184 186 187 182 178 181 185 187 190 191 191 193 193 194 195 199 194 190 190 186 183 186 181 176 176 191 187 187 183 178 176 179 186 181 179 177 176 172 167 169 166 162 162 159
-3.4e+38 -3.4e+38 -3.4e+38 -3.4e+38 -3.4e+38 -3.4e+38 -3.4e+38 -3.4e+38 -3.4e+38 -3.4e+38 -3.4e+38 -3.4e+38 -3.4e+38 -3.4e+38 -3.4e+38 194 194 197 182 181 178 182 178 177 175 181 185 185 179 179 182 182 184 186 188 191 190 194 195 198 198 194 192 189 188 185 180 179 177 179 187 189 187 177 165 168 169 171 175 176 179 176 165 162 149 152 159 154 152
-3.4e+38 -3.4e+38 -3.4e+38 -3.4e+38 -3.4e+38 -3.4e+38 -3.4e+38 -3.4e+38 -3.4e+38 -3.4e+38 -3.4e+38 -3.4e+38 -3.4e+38 -3.4e+38 -3.4e+38 -3.4e+38 195 197 191 178 187 190 179 178 176 181 184 184 180 179 182 183 182 183 187 191 191 193 194 196 197 197 195 192 190 185 182 177 176 178 177 184 183 177 171 161 161 164 165 164 175 176 167 152 141 147 150 149 145
