EcoCrop/data/climate/tmax_7.asc
NCOLS 660 
NROWS 360 
XLLCORNER -20 
YLLCORNER -30 
CELLSIZE 0.1666667 
NODATA_value -3.4e+38 
[rows 60 to 89 of 360, columns 138 to 206 of 660]
399 400 398 401 400 398 395 401 397 395 400 397 397 400 399 399 398 398 396 399 400 400 399 397 396 398 395 395 395 390 391 387 377 372 367 380 384 387 390 393 396 397 398 400 402 403 404 405 405 406 407 406 407 407 407 407 408 407 407 401 403 405 406 406 406 405 403 404 404
399 400 399 401 401 399 400 397 399 397 397 400 396 398 400 398 400 399 400 400 400 399 399 398 397 396 398 394 394 394 391 389 388 383 373 379 385 386 389 392 395 396 398 400 402 403 404 405 405 407 406 406 406 407 407 408 408 408 408 406 406 405 406 406 405 406 404 405 404
398 401 401 401 401 400 399 400 399 398 399 399 400 400 400 398 401 400 399 400 400 399 399 399 398 399 396 398 395 393 392 388 383 382 377 383 387 387 390 392 394 395 397 400 401 402 404 405 405 406 406 406 407 407 408 409 409 409 408 404 405 407 406 406 406 406 405 405 403
399 398 400 401 401 400 401 401 400 400 400 401 400 400 400 400 401 401 399 400 400 399 400 400 399 398 399 396 396 392 388 387 388 385 377 381 386 388 389 391 393 395 398 399 401 402 403 404 404 406 406 406 407 407 407 407 408 408 409 404 405 405 406 407 406 406 406 404 403
400 400 400 399 398 398 399 399 397 400 398 400 400 399 400 400 400 401 398 400 400 399 400 400 400 399 399 397 394 391 392 388 387 381 359 383 386 385 390 391 393 394 396 399 400 401 403 403 405 405 406 405 406 406 407 407 407 407 408 409 404 405 407 407 406 406 405 405 403
398 400 399 399 399 399 400 400 399 401 400 400 400 400 400 400 400 400 400 400 399 400 400 399 399 399 399 397 395 393 391 389 389 349 337 377 381 381 390 391 394 395 396 398 399 400 402 403 403 405 405 406 405 407 407 407 407 407 408 409 404 405 406 406 404 405 403 402 400
399 397 397 397 398 398 399 399 400 400 400 399 399 401 399 399 400 400 400 400 399 399 400 399 399 399 399 398 397 393 391 391 387 384 363 348 353 386 374 387 393 395 396 398 398 400 401 402 403 404 404 404 405 406 406 405 406 407 406 410 404 405 405 403 404 403 401 401 401
396 397 398 398 397 398 399 399 399 399 399 398 398 399 400 398 399 400 399 399 399 399 399 399 398 398 398 398 397 390 378 383 379 377 375 374 375 375 366 381 392 395 396 397 394 399 401 401 402 403 403 403 406 403 403 404 406 406 407 411 404 403 405 403 402 401 401 401 400
396 398 398 397 398 397 398 398 398 398 398 397 398 399 399 398 399 399 399 399 398 399 398 399 399 399 398 397 396 393 392 389 385 383 379 375 373 380 370 367 390 393 396 397 397 398 400 400 401 402 402 401 402 403 403 404 403 405 405 406 407 403 403 401 401 401 399 400 398
397 398 396 398 397 399 397 397 397 397 396 398 397 397 398 397 398 397 398 397 398 398 397 398 399 398 396 395 394 387 390 388 386 381 375 369 367 373 383 369 388 390 395 396 396 397 398 399 399 399 401 400 400 402 401 402 403 403 402 403 403 402 402 400 400 400 398 399 398
397 395 396 396 396 397 396 397 395 396 397 396 396 397 397 397 397 397 397 397 398 398 398 397 398 398 396 393 394 390 388 384 380 364 366 367 372 379 383 385 388 392 394 394 396 396 397 398 398 399 399 402 399 399 400 400 402 401 402 402 398 400 399 399 399 399 398 397 397
395 395 395 395 396 396 396 396 395 395 396 395 395 393 397 396 396 396 396 397 396 397 397 396 397 396 395 393 393 388 389 385 383 377 369 362 375 381 382 388 389 390 391 392 395 395 395 396 397 397 398 400 398 399 399 400 400 400 400 400 399 400 398 399 397 397 397 396 395
395 394 394 394 395 396 396 395 394 395 394 394 395 394 394 395 394 395 395 395 394 396 396 395 395 396 396 394 393 390 388 383 377 371 353 361 368 377 383 385 387 388 389 391 392 393 394 394 395 396 396 397 399 399 398 399 398 399 398 397 398 399 397 396 396 395 395 395 395
394 394 393 394 394 393 393 394 394 392 394 394 394 394 390 391 392 393 394 394 393 394 395 395 394 395 395 394 391 390 387 381 367 351 325 366 369 372 376 380 385 386 389 389 390 391 392 393 394 394 394 395 396 397 396 397 396 396 396 397 397 396 396 395 395 395 394 393 394
391 391 392 392 391 392 392 392 392 393 393 392 391 390 392 390 391 391 391 393 393 393 393 394 394 394 393 393 393 389 383 378 373 368 354 369 373 372 377 378 382 385 387 388 389 389 390 391 392 393 393 393 394 394 395 393 395 395 394 394 395 394 394 393 393 393 393 393 393
390 389 390 390 391 390 390 390 391 390 390 390 389 390 387 387 389 390 390 390 390 391 391 392 393 393 393 393 390 389 385 375 373 372 374 373 375 375 378 380 381 382 384 386 387 388 389 389 390 391 391 391 392 393 393 393 393 393 392 393 392 392 392 392 390 392 391 392 392
388 387 387 388 389 389 390 390 389 389 388 388 387 388 387 387 387 387 388 389 389 387 387 390 391 391 391 391 389 385 384 379 377 363 377 376 377 377 378 380 382 381 383 384 385 385 386 387 388 388 389 390 391 392 391 391 391 391 391 390 390 391 391 391 391 391 391 391 391
386 386 386 386 388 388 389 388 388 386 386 385 385 385 384 385 385 385 385 385 387 386 386 387 388 390 390 391 390 387 386 381 382 381 378 376 377 377 378 377 376 377 381 381 383 384 385 385 385 385 387 388 388 389 389 389 389 389 389 388 389 389 388 388 389 390 390 390 391
384 385 386 386 388 388 386 385 384 384 384 383 382 383 383 383 382 382 383 382 382 383 381 384 385 386 389 388 388 388 387 386 384 381 378 378 377 378 375 376 376 376 379 379 380 381 382 384 384 384 383 385 386 386 387 387 387 386 388 388 387 387 387 387 389 388 389 389 391
384 383 384 385 384 384 383 383 383 383 382 381 381 380 380 380 379 379 380 379 378 377 377 378 380 383 384 385 385 385 385 385 375 378 378 377 377 377 373 374 371 374 377 378 379 379 380 382 382 382 383 383 383 384 384 385 385 385 385 385 386 387 387 387 387 388 389 388 389
381 384 384 385 383 381 382 381 380 380 379 379 379 379 378 377 377 376 377 376 377 375 374 376 376 379 381 382 383 382 382 380 380 377 377 375 375 372 371 372 371 372 376 376 377 377 378 380 379 381 380 379 381 381 382 383 383 383 384 384 384 385 385 386 386 387 388 388 388
380 380 383 381 378 379 379 380 377 379 378 377 376 375 374 374 375 375 374 373 374 374 373 374 374 374 377 377 376 373 377 377 374 374 374 372 370 368 368 367 370 372 372 373 374 374 376 377 379 379 374 376 378 380 379 381 381 382 383 383 383 383 384 385 385 385 386 386 386
379 380 381 378 375 378 378 377 376 376 375 374 373 373 372 371 372 370 369 371 370 371 369 368 369 370 369 370 372 372 371 370 370 370 369 365 364 364 364 367 368 369 369 370 371 373 373 375 375 376 374 374 376 377 377 379 379 379 380 382 382 382 382 384 383 385 384 384 384
376 378 378 376 374 375 375 375 374 374 372 370 370 370 368 369 369 368 366 367 367 368 366 366 365 365 367 366 367 366 366 365 367 366 364 364 362 363 364 365 366 366 368 368 369 370 370 372 372 376 365 372 374 375 375 378 379 379 379 380 381 381 381 381 383 381 383 383 382
374 376 377 374 374 374 372 372 373 372 370 368 369 368 367 368 366 365 364 364 364 362 363 363 365 363 362 363 364 364 363 362 363 363 360 361 360 362 362 363 363 364 365 365 366 366 367 369 371 372 365 371 373 374 374 375 377 377 377 379 379 379 380 380 380 380 381 381 381
372 372 372 372 372 372 370 369 369 369 367 367 366 363 364 363 362 361 361 362 362 360 359 360 359 359 361 361 361 361 360 359 356 358 358 358 358 359 359 359 360 361 362 362 362 364 365 366 367 367 370 368 371 372 373 374 376 375 377 377 378 379 380 378 377 377 377 378 378
370 371 371 368 370 368 369 368 367 365 366 364 362 360 359 359 359 357 358 357 358 357 358 356 357 356 359 358 356 358 356 356 355 355 355 355 355 355 356 358 358 357 358 359 360 361 361 361 363 366 368 369 369 370 372 373 374 374 375 377 377 377 378 376 376 377 376 375 376
368 368 369 368 366 367 367 365 364 364 364 363 360 355 357 352 356 355 356 356 355 355 355 355 356 355 355 354 354 355 354 352 352 352 351 350 351 351 352 353 354 355 355 356 357 357 358 359 361 363 364 365 367 369 369 370 371 372 373 374 372 374 373 373 374 374 374 373 372
365 363 366 365 365 365 364 363 363 362 361 361 358 354 356 356 353 353 353 352 351 351 353 352 353 352 353 350 351 350 350 351 350 349 348 347 347 348 350 351 351 351 352 352 353 354 355 357 359 360 360 363 365 366 368 368 369 370 370 370 372 372 373 371 371 372 371 372 370
363 362 363 363 361 362 362 360 361 360 359 360 358 353 355 352 352 350 349 346 347 348 349 349 350 349 349 348 349 348 349 349 347 346 343 343 344 345 347 346 346 348 348 350 350 351 353 354 356 358 359 361 363 364 365 367 368 368 369 369 370 370 370 371 370 368 369 368 367
