EcoCrop/data/climate/tmax_8.asc
NCOLS 660 
NROWS 360 
XLLCORNER -20 
YLLCORNER -30 
CELLSIZE 0.1666667 
NODATA_value -3.4e+38 
[rows 90 to 119 of 360, columns 69 to 137 of 660]
320 320 320 321 321 319 320 319 319 320 320 320 319 319 320 321 322 322 322 323 322 322 322 322 323 323 324 324 323 323 314 308 324 322 328 332 335 336 338 339 342 342 342 342 343 343 343 344 342 344 344 344 339 334 336 336 336 336 337 338 337 340 340 339 341 338 339 340 338
317 317 319 317 317 317 316 317 316 317 318 319 317 318 318 319 320 320 320 321 321 320 321 321 321 321 323 324 311 311 306 306 312 322 327 329 331 333 335 336 338 338 338 339 339 338 337 338 341 342 344 342 340 337 337 336 337 336 337 337 336 337 338 336 339 334 335 337 335
316 315 315 316 314 314 313 312 314 316 315 317 317 317 317 317 318 318 318 319 318 319 318 318 318 318 324 323 316 310 305 307 322 323 327 329 330 332 332 333 334 333 333 331 333 333 333 335 337 340 342 341 341 336 335 335 334 336 337 335 336 334 338 336 336 333 332 333 328
311 311 311 313 310 311 311 313 312 314 314 315 316 316 318 317 317 316 317 317 318 318 318 317 317 319 322 319 314 306 305 317 322 324 326 327 328 328 330 327 329 327 330 328 329 328 329 333 335 338 340 340 339 334 333 331 332 335 336 334 336 333 335 334 334 329 328 331 328
308 309 309 309 311 307 308 308 311 312 313 313 316 316 317 318 316 314 314 316 317 317 317 317 317 318 318 308 308 305 315 320 321 323 325 327 326 324 326 324 324 325 323 326 324 324 326 330 333 335 338 338 334 331 330 328 329 333 333 337 334 332 332 332 330 327 329 325 323
308 305 306 303 303 303 304 308 310 310 310 313 313 313 316 315 314 312 312 313 314 316 315 315 316 316 312 309 303 315 318 319 322 323 324 324 325 324 323 322 321 321 320 321 322 322 324 327 331 333 337 336 332 331 327 326 327 326 329 333 329 329 330 327 328 327 326 325 323
307 303 302 303 301 305 306 308 306 307 309 311 312 313 314 312 310 308 310 312 313 315 314 314 314 312 310 306 305 314 317 318 320 323 323 321 323 323 321 320 319 317 318 319 320 320 323 324 328 330 331 330 329 326 325 322 324 324 328 328 329 325 326 324 327 322 325 322 324
304 305 300 299 303 303 303 303 304 306 308 310 311 311 312 311 311 310 310 312 313 314 315 314 313 312 310 303 309 313 315 318 319 321 320 322 321 321 320 319 316 315 315 315 318 318 321 322 325 326 325 326 325 323 322 322 321 323 322 323 326 324 321 323 324 322 324 322 323
302 300 302 303 302 299 300 302 304 305 307 309 309 310 311 311 311 312 311 312 313 314 314 312 312 308 306 301 312 314 315 317 318 319 321 322 323 321 320 316 315 315 315 313 316 317 317 318 321 323 323 322 323 321 321 320 320 319 321 324 322 320 322 320 321 322 321 320 323
302 303 298 299 302 298 303 303 305 306 306 307 308 309 311 311 311 311 311 312 313 314 314 311 311 307 305 310 312 313 315 315 317 316 317 317 318 316 317 315 311 313 312 310 312 314 313 315 317 317 320 320 320 318 319 319 319 319 321 317 319 319 317 318 323 319 319 322 322
300 298 300 297 303 302 303 304 305 306 305 307 308 308 310 310 311 310 311 311 312 312 313 311 309 305 306 310 312 313 313 314 315 315 316 314 315 314 315 312 313 310 312 311 312 311 313 312 314 316 316 317 316 318 317 318 317 317 314 316 317 317 319 316 317 318 317 319 321
301 298 297 299 302 304 305 306 303 304 304 306 308 308 309 309 309 310 310 310 310 310 311 310 308 305 308 311 312 312 313 313 313 312 314 312 312 311 310 312 312 311 308 311 308 308 309 310 312 312 313 314 313 313 314 315 315 314 316 316 316 317 317 317 316 317 316 316 319
298 293 297 302 302 304 305 303 301 302 304 304 306 307 304 306 307 308 308 310 308 309 310 308 304 304 309 310 311 311 312 312 311 312 312 312 310 307 308 310 309 310 310 309 308 310 308 309 310 309 309 311 312 312 313 313 313 312 313 313 315 314 316 316 318 318 315 317 319
299 298 300 296 302 306 302 303 304 305 303 306 307 307 306 306 306 307 306 308 308 307 309 308 305 306 309 310 310 310 311 311 312 311 312 312 311 303 307 306 308 309 308 309 309 308 306 307 309 308 310 310 312 311 310 310 311 312 313 311 312 313 313 314 314 315 314 316 318
294 298 307 302 304 304 304 304 306 304 306 306 307 306 305 304 304 305 304 307 306 306 306 306 300 302 307 310 310 310 309 311 311 310 312 310 310 309 307 305 306 307 309 308 309 306 307 307 308 309 308 309 310 308 308 308 309 310 309 309 309 311 312 312 310 312 314 313 316
300 299 309 305 306 303 304 303 303 302 304 305 306 307 306 303 303 300 301 303 306 303 303 301 300 299 307 308 309 310 308 310 311 312 313 314 312 309 306 305 304 307 309 308 309 306 305 307 308 307 308 306 306 307 307 309 308 308 308 307 310 311 308 310 311 311 312 315 315
306 308 306 305 305 304 303 303 304 303 303 304 305 304 303 307 305 303 298 300 303 301 305 303 298 301 306 306 309 308 307 307 308 310 312 313 313 307 303 301 301 306 306 307 307 306 304 304 304 307 305 306 305 306 307 306 305 306 306 307 308 308 309 308 307 310 311 311 312
306 306 306 303 303 303 303 300 303 303 303 304 301 305 305 306 305 305 304 305 305 305 305 305 300 305 306 308 307 302 306 305 307 311 308 311 310 307 302 302 300 300 302 303 305 306 305 305 305 303 304 305 303 305 304 305 308 306 306 304 305 305 305 305 308 309 306 310 311
309 307 302 303 303 302 299 300 301 301 300 303 304 302 304 294 303 304 306 306 306 304 303 304 304 307 307 308 300 309 300 305 307 307 308 307 306 304 300 299 300 299 300 301 302 304 304 304 303 302 303 303 302 303 302 304 307 307 307 304 307 303 303 302 304 306 307 307 310
308 305 304 301 301 299 298 300 301 300 301 304 305 303 304 303 303 306 307 307 306 302 305 303 308 306 308 303 306 307 305 306 306 307 307 307 306 303 300 298 299 299 298 298 299 301 304 304 304 304 305 303 305 303 302 306 305 306 308 306 307 298 305 305 303 301 304 306 308
308 306 303 301 300 298 299 298 299 300 302 304 303 303 300 299 303 305 306 306 305 304 302 304 305 304 306 303 304 305 304 305 305 306 304 305 303 301 299 298 297 297 299 298 298 299 301 303 301 304 302 301 303 303 304 305 306 305 305 306 306 305 304 303 300 300 302 302 303
306 305 303 301 300 298 297 299 298 299 302 303 303 301 297 299 301 304 303 302 304 303 303 305 306 306 302 304 301 302 303 304 302 303 303 304 303 300 301 298 296 297 295 297 298 298 299 300 304 303 303 300 300 304 303 305 305 306 302 306 306 305 305 297 299 298 299 301 303
306 305 303 300 300 299 297 298 297 300 301 302 303 302 297 299 299 297 298 298 300 302 302 301 301 300 300 303 302 302 302 303 302 302 304 301 300 299 299 299 296 295 294 294 293 298 299 297 300 302 300 296 296 300 304 301 302 305 306 305 297 301 297 297 296 296 298 299 298
305 305 301 302 300 299 297 297 297 299 300 301 303 302 301 302 293 294 295 291 296 294 295 292 298 300 301 302 302 303 303 302 298 302 302 302 300 297 297 295 293 295 295 292 294 292 297 296 299 299 298 295 299 301 302 303 304 304 305 300 301 300 292 295 293 296 297 295 293
303 303 302 301 299 298 297 296 299 298 298 300 301 302 302 301 291 301 294 289 293 290 294 290 299 300 301 300 302 299 298 299 300 300 299 298 298 298 296 298 295 294 293 297 297 297 294 295 297 297 297 294 294 293 300 302 304 301 301 299 284 286 284 293 292 294 294 293 291
302 302 303 299 302 298 298 297 299 298 298 299 298 301 300 299 300 300 279 287 293 292 301 302 301 299 299 298 296 297 298 299 300 301 299 298 297 296 298 294 293 298 299 299 299 298 297 297 296 294 294 292 282 297 301 302 301 300 301 286 289 280 290 288 291 292 291 289 290
302 301 302 302 300 298 298 297 297 296 298 296 298 299 297 298 298 298 298 297 300 301 299 301 300 297 298 298 296 297 295 297 299 301 298 296 298 299 297 292 296 300 299 297 300 297 294 295 282 280 284 291 297 297 300 300 300 299 294 289 280 284 286 288 290 291 290 287 290
302 303 301 300 300 297 298 297 296 295 296 297 298 297 297 297 296 297 297 298 299 297 300 300 298 298 296 294 294 295 297 299 297 297 300 295 295 298 299 295 293 296 300 298 299 298 297 289 291 292 294 296 298 296 297 296 299 295 285 277 272 283 286 285 288 286 288 289 289
302 300 298 298 300 297 297 294 293 294 297 296 294 295 293 294 294 295 295 295 297 294 297 299 298 297 292 291 293 292 297 299 299 300 300 295 295 296 298 297 295 298 298 300 299 299 297 296 295 296 293 293 292 296 296 298 297 298 275 273 279 280 283 285 284 283 286 286 285
303 301 299 298 297 299 295 295 292 294 294 293 293 294 294 292 293 290 292 293 294 294 294 299 298 296 293 294 293 291 293 296 302 301 300 297 290 295 294 297 296 300 298 297 299 299 297 298 296 294 290 294 294 296 293 296 298 298 292 285 282 279 280 282 283 285 283 283 284
