EcoCrop/data/climate/tmax_10.asc
NCOLS 660 
NROWS 360 
XLLCORNER -20 
YLLCORNER -30 
CELLSIZE 0.1666667 
NODATA_value -3.4e+38 
[rows 270 to 299 of 360, columns 276 to 344 of 660]
325 324 318 325 321 323 319 317 320 322 323 325 322 319 317 318 318 321 321 328 326 343 333 345 370 381 376 354 319 335 326 335 333 326 326 325 328 345 363 371 373 375 370 365 357 317 321 332 326 309 290 266 310 324 326 329 314 320 323 324 326 327 332 336 295 332 330 316 291
321 316 324 325 327 325 322 325 325 327 327 326 322 316 317 319 318 322 327 315 313 341 317 350 366 379 371 326 326 343 335 334 333 329 336 324 340 350 363 369 372 379 372 367 363 344 324 305 322 306 278 272 320 330 330 316 313 319 322 322 325 325 331 331 327 305 291 310 314
323 322 327 327 329 329 328 329 328 330 328 325 317 314 313 319 323 325 313 318 326 344 336 361 367 376 371 360 357 348 345 341 339 327 342 348 363 368 374 375 376 385 372 373 374 370 366 352 341 333 310 305 341 332 327 290 308 318 321 321 324 323 326 324 323 327 300 308 317
328 331 330 329 331 330 329 329 329 330 330 331 328 323 321 321 324 320 320 317 333 353 369 364 358 374 378 371 367 343 350 356 358 356 357 359 370 378 380 374 345 389 377 374 373 370 366 354 347 309 318 345 350 327 314 295 308 315 319 322 317 314 321 323 326 332 327 321 318
334 333 332 331 330 330 329 330 329 330 330 332 334 326 321 343 333 335 314 365 365 364 355 357 359 321 361 362 356 354 354 354 352 356 358 363 368 371 370 372 377 379 383 373 365 366 369 364 361 348 332 340 351 314 287 301 308 309 306 321 314 321 322 327 330 336 332 327 332
333 330 331 329 328 329 329 329 329 329 327 326 331 327 344 374 372 366 364 362 360 357 352 331 332 352 349 349 343 342 345 345 343 345 343 347 356 358 359 358 366 368 370 374 374 359 364 361 357 329 357 336 361 317 275 305 307 249 302 325 321 326 323 327 314 337 336 336 328
335 332 328 328 325 327 328 328 325 326 326 321 323 337 347 362 376 370 360 357 355 346 346 342 345 346 341 341 336 340 339 339 340 336 334 339 341 345 352 358 360 362 361 366 371 368 365 360 356 353 352 361 361 353 293 305 313 312 321 332 332 331 323 324 325 343 340 342 338
334 329 327 320 320 325 326 326 323 325 323 319 312 335 367 374 376 368 339 325 327 325 316 334 341 333 339 337 334 336 336 337 335 333 333 325 328 336 342 356 360 357 362 359 356 361 366 363 356 357 354 358 361 362 333 326 323 313 319 329 336 324 307 322 341 343 347 343 340
333 329 322 319 319 318 323 321 319 321 331 345 355 368 369 373 354 350 343 330 320 309 311 317 312 298 306 307 320 321 332 332 330 325 296 321 332 336 343 350 356 362 361 360 358 364 364 362 357 345 356 353 357 362 361 353 335 333 326 335 336 337 338 343 350 348 346 341 337
335 329 319 314 313 314 317 314 314 323 345 354 359 372 375 376 372 360 353 337 310 300 302 303 292 293 297 300 298 303 308 294 295 294 293 306 302 310 317 331 336 347 355 361 362 353 356 366 370 363 367 361 351 358 361 360 353 334 328 326 333 330 343 349 348 350 352 347 339
330 323 316 315 309 308 309 310 319 337 358 367 370 371 372 372 368 360 334 326 306 296 299 294 282 279 284 296 297 285 294 302 307 305 301 308 310 324 324 333 307 337 352 356 352 348 353 356 352 367 367 366 365 352 355 361 360 352 348 337 335 338 336 344 350 353 350 347 345
327 323 321 317 311 311 309 313 322 359 366 367 368 368 367 346 343 342 329 317 303 296 294 298 291 274 288 305 297 289 287 292 289 306 307 311 316 318 322 322 312 322 335 350 350 343 347 354 355 357 362 363 368 363 350 365 361 352 340 341 343 341 340 347 347 352 351 347 344
329 324 324 318 316 313 319 332 341 367 367 367 366 360 353 334 345 349 332 321 307 301 294 295 292 275 265 281 279 282 280 260 297 307 314 311 317 304 312 309 317 323 335 339 339 340 346 345 351 355 361 365 365 369 337 366 360 348 341 343 342 344 346 349 349 345 350 346 343
335 326 328 323 319 320 314 345 365 368 367 354 349 358 359 350 345 341 339 332 316 308 298 294 295 304 288 279 266 289 280 286 307 312 310 300 294 307 299 291 312 325 333 324 328 337 339 344 351 358 357 355 364 368 352 365 354 342 342 344 347 345 348 346 346 348 352 344 341
334 332 333 324 324 331 335 367 369 368 359 356 350 356 352 344 346 339 332 336 327 319 306 294 300 304 293 282 259 273 262 279 308 306 303 297 300 288 288 303 313 311 323 322 323 330 339 344 345 351 352 356 358 362 364 363 344 339 343 344 345 344 343 347 346 349 348 344 338
344 343 334 329 326 348 367 371 371 361 361 355 335 350 348 348 344 336 334 329 327 325 315 309 303 298 295 274 278 286 286 285 298 305 295 294 293 292 294 302 288 312 303 316 319 327 338 337 338 345 345 349 352 356 361 360 352 343 345 345 344 343 340 340 341 342 342 337 331
346 348 348 334 336 357 365 370 364 336 330 327 338 346 343 346 342 329 329 328 327 323 320 309 307 297 293 292 291 285 279 283 296 291 287 287 282 292 287 288 273 269 304 324 316 325 331 331 337 340 342 344 347 348 357 358 353 347 347 341 340 338 335 333 331 330 330 -3.4e+38 -3.4e+38
354 366 356 358 365 364 372 369 351 353 336 339 343 337 335 339 337 330 328 329 326 321 316 317 312 306 299 294 289 287 286 278 284 287 286 277 285 285 279 279 250 297 275 327 325 329 334 334 339 343 344 346 344 348 354 355 352 349 345 341 338 333 329 324 320 317 -3.4e+38 -3.4e+38 -3.4e+38
348 350 358 369 366 366 365 353 347 338 338 341 339 341 326 330 331 317 326 326 322 319 315 314 313 309 308 298 293 291 288 279 278 279 272 263 272 271 263 273 247 264 272 333 332 330 330 335 337 345 348 345 347 349 350 347 342 342 343 339 334 327 323 317 313 311 -3.4e+38 -3.4e+38 -3.4e+38
350 351 356 366 366 352 347 346 344 338 336 333 334 338 331 322 320 311 312 324 323 319 317 314 310 308 309 306 300 294 289 280 275 269 272 256 260 265 242 254 227 234 314 328 333 328 331 329 336 339 345 350 349 349 344 336 339 340 339 335 328 321 316 310 308 -3.4e+38 -3.4e+38 -3.4e+38 -3.4e+38
346 357 360 362 350 341 339 337 340 339 336 335 331 331 326 322 315 311 305 304 321 319 317 317 315 313 305 303 299 292 288 280 278 283 275 273 262 247 230 225 225 301 315 322 327 328 331 328 246 344 347 350 349 341 339 339 336 335 334 329 322 314 308 304 -3.4e+38 -3.4e+38 -3.4e+38 -3.4e+38 -3.4e+38
350 348 354 347 336 331 338 335 344 340 336 333 332 328 325 319 317 316 311 313 316 319 313 313 310 308 302 301 293 291 284 284 283 280 281 277 275 262 272 257 284 221 311 324 310 332 329 333 327 343 351 350 345 338 336 333 333 332 329 323 316 308 301 -3.4e+38 -3.4e+38 -3.4e+38 -3.4e+38 -3.4e+38 -3.4e+38
342 344 341 336 334 331 333 336 343 343 343 339 336 333 331 330 326 321 312 308 312 313 312 311 311 307 302 298 288 288 279 283 286 273 294 293 284 277 281 258 228 267 301 315 326 330 334 335 334 349 350 348 336 333 333 331 330 327 322 317 312 304 -3.4e+38 -3.4e+38 -3.4e+38 -3.4e+38 -3.4e+38 -3.4e+38 -3.4e+38
340 341 340 338 335 334 335 338 340 343 344 339 334 331 325 325 323 319 310 311 306 308 311 309 305 301 300 293 293 286 272 275 283 293 299 307 300 290 295 289 268 309 308 308 312 319 324 334 336 348 347 343 330 329 329 326 325 322 318 312 -3.4e+38 -3.4e+38 -3.4e+38 -3.4e+38 -3.4e+38 -3.4e+38 -3.4e+38 -3.4e+38 -3.4e+38
341 341 340 337 336 337 337 340 342 344 344 340 335 328 327 318 314 314 312 306 307 300 301 302 299 296 296 291 287 283 280 283 292 299 312 314 311 297 276 257 248 312 310 307 308 307 320 333 342 346 344 340 327 325 323 322 320 317 -3.4e+38 -3.4e+38 -3.4e+38 -3.4e+38 -3.4e+38 -3.4e+38 -3.4e+38 -3.4e+38 -3.4e+38 -3.4e+38 -3.4e+38
342 341 338 337 336 337 338 339 342 344 343 340 336 327 321 320 313 308 308 308 306 303 297 301 291 289 293 285 281 275 283 289 283 305 313 316 317 303 304 297 273 303 305 309 304 312 333 336 337 343 339 334 325 322 319 318 315 -3.4e+38 -3.4e+38 -3.4e+38 -3.4e+38 -3.4e+38 -3.4e+38 -3.4e+38 -3.4e+38 -3.4e+38 -3.4e+38 -3.4e+38 -3.4e+38
340 339 338 337 337 338 338 339 340 341 339 337 332 324 322 315 308 304 305 302 303 299 289 290 293 287 284 281 275 268 277 283 291 302 303 309 319 315 304 296 223 301 299 305 308 318 331 335 335 336 334 328 319 318 315 312 310 -3.4e+38 -3.4e+38 -3.4e+38 -3.4e+38 -3.4e+38 -3.4e+38 -3.4e+38 -3.4e+38 -3.4e+38 -3.4e+38 -3.4e+38 -3.4e+38
339 339 337 336 337 336 336 335 336 335 334 330 326 319 315 310 306 300 299 297 296 294 290 289 294 294 290 284 280 276 272 289 295 299 308 304 317 328 322 283 257 288 303 305 302 335 333 328 330 328 327 322 314 312 310 309 -3.4e+38 -3.4e+38 -3.4e+38 -3.4e+38 -3.4e+38 -3.4e+38 -3.4e+38 -3.4e+38 -3.4e+38 -3.4e+38 -3.4e+38 -3.4e+38 -3.4e+38
340 338 337 336 335 334 333 332 331 330 327 325 321 314 313 308 305 299 291 286 294 293 289 295 300 297 300 295 286 282 281 281 291 299 306 313 314 328 335 305 268 235 209 290 324 327 328 328 324 320 317 315 -3.4e+38 307 -3.4e+38 -3.4e+38 -3.4e+38 -3.4e+38 -3.4e+38 -3.4e+38 -3.4e+38 -3.4e+38 -3.4e+38 -3.4e+38 -3.4e+38 -3.4e+38 -3.4e+38 -3.4e+38 -3.4e+38
339 337 336 335 333 331 329 327 325 324 321 322 320 312 303 304 297 296 293 286 283 294 297 305 303 298 301 300 291 288 285 278 291 295 299 307 321 328 317 266 249 255 269 327 326 325 323 321 320 320 315 309 300 -3.4e+38 -3.4e+38 -3.4e+38 -3.4e+38 -3.4e+38 -3.4e+38 -3.4e+38 -3.4e+38 -3.4e+38 -3.4e+38 -3.4e+38 -3.4e+38 -3.4e+38 -3.4e+38 -3.4e+38 -3.4e+38
