EcoCrop/data/climate/tmax_7.asc
NCOLS 660 
NROWS 360 
XLLCORNER -20 
YLLCORNER -30 
CELLSIZE 0.1666667 
NODATA_value -3.4e+38 
[rows 30 to 59 of 360, columns 138 to 206 of 660]
427 425 426 422 419 412 407 406 404 401 401 400 397 395 386 395 397 392 390 389 389 389 388 387 377 375 379 377 368 367 360 379 381 381 380 370 367 358 349 355 361 375 393 393 372 385 387 390 392 393 372 379 381 383 384 387 386 386 389 389 389 387 390 390 390 391 392 391 391
428 423 424 422 411 412 408 406 404 402 399 397 393 392 358 391 395 390 373 387 388 388 386 385 383 380 380 376 380 378 361 381 382 382 380 377 374 365 352 347 358 372 382 390 378 383 386 390 391 391 388 384 378 385 385 385 385 387 388 388 388 388 390 391 391 392 392 391 392
414 425 422 420 414 409 400 406 403 400 399 394 385 384 381 379 392 384 368 383 384 385 383 383 381 378 379 381 382 382 377 383 383 382 381 377 373 375 369 366 345 361 369 385 368 384 386 389 388 391 386 375 378 380 385 385 385 387 388 388 389 389 389 391 391 391 391 392 393
418 422 417 415 410 411 407 406 403 402 396 392 387 378 365 337 387 382 374 375 381 381 381 380 375 376 376 375 380 383 383 382 383 383 382 380 377 378 374 371 343 350 366 373 384 377 382 385 387 391 386 376 376 382 383 384 385 387 388 387 390 390 390 390 391 392 393 393 393
408 416 417 416 410 408 407 405 405 402 395 386 383 382 368 365 383 380 375 376 379 379 376 374 361 368 376 379 379 379 381 383 383 384 383 382 381 377 378 376 372 348 352 363 375 373 372 384 386 389 388 379 377 378 380 384 385 385 388 389 390 390 391 392 392 392 394 395 393
422 421 418 416 413 409 407 407 403 398 392 387 385 380 370 365 374 379 376 372 374 374 371 356 361 368 367 375 374 375 374 379 381 384 383 383 375 380 380 378 375 369 363 364 375 378 370 378 384 389 389 368 375 379 379 383 385 386 388 388 389 391 391 391 393 393 393 395 393
423 420 418 417 413 412 409 403 401 394 385 388 382 381 373 368 361 368 371 365 361 368 365 344 354 362 366 371 370 365 370 373 379 381 382 383 380 381 380 382 381 377 374 363 367 374 367 379 377 384 388 387 372 377 382 383 384 386 387 389 390 391 391 392 393 393 394 394 392
423 421 418 415 412 411 408 402 397 396 389 387 384 381 372 361 358 357 360 355 339 345 348 355 363 369 363 365 364 367 372 374 375 380 383 383 384 383 384 384 384 381 380 380 373 372 377 372 375 384 386 389 372 376 380 382 384 386 387 389 390 391 391 392 393 393 394 392 393
421 419 416 414 412 407 403 401 397 394 391 388 383 376 368 358 347 327 332 324 335 347 355 362 365 374 371 355 369 371 375 376 378 380 380 383 383 383 383 385 386 384 384 382 383 375 374 377 379 376 380 387 389 375 379 382 385 386 388 389 390 391 392 393 393 391 393 393 392
418 415 413 412 410 406 403 400 397 392 391 386 379 363 351 336 329 322 326 334 341 348 354 365 371 375 375 369 368 363 373 373 377 376 378 381 382 385 383 386 387 388 387 387 385 385 373 370 372 380 376 381 385 387 380 382 385 386 388 389 390 390 393 391 390 391 386 385 386
418 416 414 412 408 405 403 401 397 394 389 383 375 363 338 311 311 324 322 340 339 348 371 368 373 374 378 377 369 361 367 371 373 376 379 384 383 385 385 383 383 388 388 389 388 386 380 379 376 378 374 379 383 386 385 381 384 384 386 388 389 391 391 391 390 387 385 388 391
417 416 413 410 408 405 403 400 397 390 386 380 375 365 344 324 331 332 345 354 364 362 371 373 375 377 379 377 365 368 364 360 375 380 381 383 385 385 386 385 385 385 389 389 390 386 385 382 382 377 379 374 379 383 385 382 384 385 386 388 390 390 388 387 388 386 389 389 391
416 415 412 409 408 405 403 400 396 391 385 382 375 362 350 332 340 351 357 363 364 371 372 379 379 379 378 379 370 367 364 372 380 382 385 385 386 388 388 387 386 387 389 391 388 387 380 385 379 384 380 378 378 379 386 378 381 384 384 387 386 387 385 383 387 388 388 388 390
417 414 411 409 408 405 403 393 397 385 382 375 370 358 352 350 345 355 359 368 372 375 374 379 382 376 380 378 374 372 370 377 382 384 383 386 389 390 388 389 386 387 388 390 390 391 389 384 389 391 388 379 372 377 383 376 379 382 385 384 382 383 381 385 390 389 390 373 391
416 414 411 410 408 406 403 399 395 391 372 376 372 363 361 357 355 360 364 370 376 382 382 370 384 384 381 382 383 378 376 380 383 386 387 388 390 389 391 390 388 390 390 391 392 391 392 394 392 387 390 387 385 381 385 376 379 380 382 382 383 381 383 386 391 391 392 390 394
416 413 411 410 408 404 403 400 395 394 389 384 380 374 370 367 366 365 362 371 379 383 386 385 385 379 386 386 386 383 380 377 384 385 386 385 388 392 390 390 391 388 392 393 394 395 394 391 395 390 395 392 389 376 380 389 391 381 382 381 382 381 382 385 381 392 392 393 394
416 413 411 409 408 404 402 398 398 394 387 386 381 380 377 377 374 373 376 376 378 384 381 386 382 382 387 388 388 378 385 385 386 387 389 389 390 392 393 393 392 391 393 394 395 395 396 394 395 394 393 384 390 379 378 384 379 382 389 386 381 381 388 386 394 393 395 395 398
414 411 410 409 406 404 403 400 398 395 391 388 383 384 381 380 379 380 378 380 380 386 385 387 386 389 390 390 389 388 389 388 384 387 389 390 391 388 391 394 393 392 393 396 396 397 397 398 399 396 398 394 391 393 386 389 393 383 388 394 397 397 395 395 396 397 397 397 397
411 410 410 408 405 402 401 397 397 394 392 388 386 386 386 384 385 383 384 382 384 381 385 390 389 389 390 390 390 390 391 388 389 388 388 388 389 389 394 394 393 395 395 397 397 398 398 399 400 400 399 399 394 397 383 387 394 396 383 390 393 397 398 400 398 400 398 399 400
408 411 408 407 405 401 399 397 397 395 393 389 390 388 387 387 387 384 386 388 387 389 390 390 392 391 391 390 392 391 391 390 388 389 389 390 387 389 388 393 396 396 396 397 398 399 399 400 400 400 400 399 400 398 396 384 391 394 397 396 391 397 399 399 401 400 400 400 402
411 407 406 405 402 401 399 396 396 394 393 392 389 389 390 389 389 387 389 389 390 392 391 391 393 393 392 392 393 390 391 391 390 391 389 386 387 390 394 394 396 397 397 398 399 400 401 400 401 401 402 402 401 400 397 389 392 396 390 398 384 396 398 398 401 401 400 402 400
410 403 406 403 401 401 398 395 394 395 395 392 391 390 390 390 390 390 392 392 394 379 388 394 393 394 394 393 393 392 391 392 390 391 386 385 390 391 392 393 396 397 398 398 399 401 401 402 402 402 403 402 402 397 400 393 394 395 388 389 388 386 397 401 400 401 401 402 401
409 406 403 403 401 399 395 395 395 396 396 393 393 392 391 391 390 391 393 393 394 390 392 392 395 391 396 394 392 390 390 390 393 390 390 390 391 390 390 394 396 398 399 399 401 401 401 402 403 402 403 403 402 403 402 396 387 388 400 388 394 387 397 401 403 400 401 403 402
408 405 403 402 400 398 395 396 397 397 396 394 394 393 394 392 391 393 394 395 393 390 395 395 394 395 396 396 394 393 392 394 393 393 391 392 391 387 391 395 397 398 399 401 401 401 402 403 403 404 404 403 404 403 400 405 401 397 400 389 395 389 389 403 404 403 402 405 403
405 405 402 401 395 396 395 396 398 396 397 395 392 393 394 394 393 393 395 396 394 393 397 396 397 395 397 395 394 395 395 395 394 394 394 392 389 393 392 396 397 398 400 401 401 402 403 403 404 404 404 405 405 404 405 403 402 403 402 397 400 394 392 400 403 406 406 404 402
403 404 398 400 398 393 398 398 398 398 397 395 393 394 393 395 394 394 395 395 396 398 395 396 397 396 396 395 394 393 394 392 391 392 390 392 389 392 394 395 396 399 400 401 402 403 403 404 404 404 404 405 406 406 405 404 406 404 403 404 402 398 397 401 403 406 406 403 404
400 400 397 398 397 394 398 397 400 399 398 396 393 395 396 396 396 395 396 397 398 396 396 396 396 397 396 395 393 394 394 390 391 387 389 389 389 391 393 394 397 398 400 402 403 403 404 404 404 405 406 405 405 406 404 406 405 405 405 403 402 403 402 404 397 403 404 404 403
397 397 395 396 395 395 397 398 398 399 398 394 393 395 396 394 397 396 397 398 398 399 397 399 398 396 396 391 392 392 391 389 389 385 382 384 387 389 392 395 397 398 399 402 403 403 404 404 405 406 406 405 406 406 406 406 406 406 406 405 403 404 405 403 405 408 402 406 404
398 397 394 398 396 396 394 399 397 399 398 394 395 392 398 394 398 397 399 398 399 400 399 397 399 395 396 394 392 393 390 387 385 380 378 382 384 388 392 394 396 397 400 401 402 404 404 404 405 406 406 407 406 406 407 406 406 407 406 407 402 401 407 405 404 406 405 406 405
400 399 396 398 396 399 396 399 399 398 398 395 395 396 399 397 399 398 397 400 400 400 400 399 397 396 397 391 394 387 388 381 378 347 371 380 385 388 391 393 395 398 399 401 402 403 404 405 405 406 405 407 406 406 407 406 407 407 406 405 402 405 406 407 405 401 404 405 404
