EcoCrop/data/climate/tmax_12.asc
NCOLS 660 
NROWS 360 
XLLCORNER -20 
YLLCORNER -30 
CELLSIZE 0.1666667 
NODATA_value -3.4e+38 
[rows 90 to 119 of 360, columns 0 to 68 of 660]
-3.4e+38 -3.4e+38 -3.4e+38 -3.4e+38 -3.4e+38 -3.4e+38 -3.4e+38 -3.4e+38 -3.4e+38 -3.4e+38 -3.4e+38 -3.4e+38 -3.4e+38 -3.4e+38 -3.4e+38 -3.4e+38 -3.4e+38 301 305 315 319 323 324 323 323 323 325 328 330 332 333 333 335 332 332 333 333 333 331 332 330 329 331 332 332 332 333 332 333 332 332 331 331 337 336 337 324 327 327 321 322 321 320 321 321 322 321 324 324
-3.4e+38 -3.4e+38 -3.4e+38 -3.4e+38 -3.4e+38 -3.4e+38 -3.4e+38 -3.4e+38 -3.4e+38 -3.4e+38 -3.4e+38 -3.4e+38 -3.4e+38 -3.4e+38 -3.4e+38 281 292 301 309 319 323 327 332 330 325 326 328 329 330 331 332 333 333 333 336 333 333 332 332 331 331 329 330 329 332 334 336 337 335 334 332 332 332 339 340 327 328 324 325 325 322 321 323 320 322 322 324 326 325
-3.4e+38 -3.4e+38 -3.4e+38 -3.4e+38 -3.4e+38 -3.4e+38 -3.4e+38 -3.4e+38 -3.4e+38 -3.4e+38 -3.4e+38 -3.4e+38 -3.4e+38 -3.4e+38 -3.4e+38 -3.4e+38 -3.4e+38 303 313 319 325 330 335 333 330 330 330 330 331 332 333 333 333 333 334 334 334 334 332 331 329 328 330 330 331 333 336 337 337 335 333 334 338 341 342 339 333 332 325 321 326 325 321 324 325 326 326 328 329
-3.4e+38 -3.4e+38 -3.4e+38 -3.4e+38 -3.4e+38 -3.4e+38 -3.4e+38 -3.4e+38 -3.4e+38 -3.4e+38 -3.4e+38 -3.4e+38 -3.4e+38 -3.4e+38 -3.4e+38 -3.4e+38 -3.4e+38 -3.4e+38 314 319 325 328 332 335 335 333 332 331 331 332 332 334 333 334 334 334 335 334 334 333 332 331 331 332 332 335 338 338 336 333 333 339 341 343 345 326 337 331 329 328 327 323 325 323 327 327 330 329 329
-3.4e+38 -3.4e+38 -3.4e+38 -3.4e+38 -3.4e+38 -3.4e+38 -3.4e+38 -3.4e+38 -3.4e+38 -3.4e+38 -3.4e+38 -3.4e+38 -3.4e+38 -3.4e+38 -3.4e+38 -3.4e+38 -3.4e+38 -3.4e+38 -3.4e+38 320 325 329 334 339 338 336 332 332 331 334 333 333 332 333 334 335 335 337 336 336 334 335 333 335 334 336 340 338 338 333 328 328 346 344 348 337 333 331 325 331 329 325 326 324 326 328 329 331 329
-3.4e+38 -3.4e+38 -3.4e+38 -3.4e+38 -3.4e+38 -3.4e+38 -3.4e+38 -3.4e+38 -3.4e+38 -3.4e+38 -3.4e+38 -3.4e+38 -3.4e+38 -3.4e+38 -3.4e+38 -3.4e+38 -3.4e+38 -3.4e+38 -3.4e+38 320 325 330 336 342 340 335 334 331 332 332 332 332 332 333 334 335 337 338 338 338 336 335 335 337 337 336 339 339 338 337 331 337 349 345 347 343 340 331 320 332 328 327 326 325 328 329 331 331 331
-3.4e+38 -3.4e+38 -3.4e+38 -3.4e+38 -3.4e+38 -3.4e+38 -3.4e+38 -3.4e+38 -3.4e+38 -3.4e+38 -3.4e+38 -3.4e+38 -3.4e+38 -3.4e+38 -3.4e+38 -3.4e+38 -3.4e+38 -3.4e+38 -3.4e+38 -3.4e+38 325 331 334 336 335 333 333 333 333 333 334 333 332 333 332 334 336 339 340 340 337 336 338 336 336 337 340 340 341 340 336 344 345 355 357 353 339 329 326 332 326 325 324 324 327 330 332 332 332
-3.4e+38 -3.4e+38 -3.4e+38 -3.4e+38 -3.4e+38 -3.4e+38 -3.4e+38 -3.4e+38 -3.4e+38 -3.4e+38 -3.4e+38 -3.4e+38 -3.4e+38 -3.4e+38 -3.4e+38 -3.4e+38 -3.4e+38 -3.4e+38 -3.4e+38 -3.4e+38 324 328 331 331 329 329 332 333 334 337 335 335 333 331 331 332 334 339 339 338 336 337 336 338 337 336 340 343 339 341 343 339 342 352 355 355 340 340 336 330 326 322 325 329 327 327 330 329 331
-3.4e+38 -3.4e+38 -3.4e+38 -3.4e+38 -3.4e+38 -3.4e+38 -3.4e+38 -3.4e+38 -3.4e+38 -3.4e+38 -3.4e+38 -3.4e+38 -3.4e+38 -3.4e+38 -3.4e+38 -3.4e+38 -3.4e+38 -3.4e+38 -3.4e+38 -3.4e+38 -3.4e+38 327 331 330 325 330 332 334 335 335 339 337 334 330 329 329 331 333 335 336 336 336 335 338 336 336 341 340 343 344 345 333 342 347 352 351 346 332 318 329 322 321 321 328 325 327 330 330 331
-3.4e+38 -3.4e+38 -3.4e+38 -3.4e+38 -3.4e+38 -3.4e+38 -3.4e+38 -3.4e+38 -3.4e+38 -3.4e+38 -3.4e+38 -3.4e+38 -3.4e+38 -3.4e+38 -3.4e+38 -3.4e+38 -3.4e+38 -3.4e+38 -3.4e+38 -3.4e+38 -3.4e+38 324 331 -3.4e+38 325 329 331 333 334 336 339 336 333 328 329 329 327 328 330 333 335 337 336 336 335 338 342 340 345 346 346 348 335 347 347 348 345 324 320 323 321 322 322 326 327 327 328 328 329
-3.4e+38 -3.4e+38 -3.4e+38 -3.4e+38 -3.4e+38 -3.4e+38 -3.4e+38 -3.4e+38 -3.4e+38 -3.4e+38 -3.4e+38 -3.4e+38 -3.4e+38 -3.4e+38 -3.4e+38 -3.4e+38 -3.4e+38 -3.4e+38 -3.4e+38 310 316 322 324 326 326 328 331 331 334 336 335 335 332 327 327 328 326 324 329 330 332 333 334 335 336 338 340 337 344 345 346 346 342 335 343 343 341 332 327 323 319 326 328 329 329 329 327 324 329
-3.4e+38 -3.4e+38 -3.4e+38 -3.4e+38 -3.4e+38 -3.4e+38 -3.4e+38 -3.4e+38 -3.4e+38 -3.4e+38 -3.4e+38 -3.4e+38 -3.4e+38 -3.4e+38 -3.4e+38 -3.4e+38 -3.4e+38 -3.4e+38 -3.4e+38 311 314 318 323 324 325 326 329 330 331 333 334 333 330 326 327 327 323 324 328 328 329 333 335 338 336 340 337 337 341 345 343 348 345 331 341 342 329 337 333 325 325 329 330 331 333 328 328 328 330
-3.4e+38 -3.4e+38 -3.4e+38 -3.4e+38 -3.4e+38 -3.4e+38 -3.4e+38 -3.4e+38 -3.4e+38 -3.4e+38 -3.4e+38 -3.4e+38 -3.4e+38 -3.4e+38 -3.4e+38 -3.4e+38 -3.4e+38 -3.4e+38 -3.4e+38 311 315 318 321 323 327 326 327 330 331 331 333 330 327 324 323 324 323 322 323 327 329 330 330 332 334 335 338 338 340 343 341 345 344 327 329 330 334 329 332 331 328 331 334 332 334 329 331 330 332
-3.4e+38 -3.4e+38 -3.4e+38 -3.4e+38 -3.4e+38 -3.4e+38 -3.4e+38 -3.4e+38 -3.4e+38 -3.4e+38 -3.4e+38 -3.4e+38 -3.4e+38 -3.4e+38 -3.4e+38 -3.4e+38 -3.4e+38 -3.4e+38 -3.4e+38 313 317 319 324 324 323 325 325 325 326 329 327 325 323 320 319 318 320 321 323 325 327 330 334 335 339 337 341 340 342 339 344 344 343 312 327 335 331 326 335 335 332 333 336 336 335 331 327 330 335
-3.4e+38 -3.4e+38 -3.4e+38 -3.4e+38 -3.4e+38 -3.4e+38 -3.4e+38 -3.4e+38 -3.4e+38 -3.4e+38 -3.4e+38 -3.4e+38 -3.4e+38 -3.4e+38 -3.4e+38 -3.4e+38 -3.4e+38 -3.4e+38 -3.4e+38 312 317 -3.4e+38 325 324 325 324 324 322 322 323 321 321 317 318 315 316 316 318 321 320 328 331 330 335 338 332 339 341 340 339 340 343 338 334 333 326 326 327 336 329 334 332 335 333 338 334 329 334 336
-3.4e+38 -3.4e+38 -3.4e+38 -3.4e+38 -3.4e+38 -3.4e+38 -3.4e+38 -3.4e+38 -3.4e+38 -3.4e+38 -3.4e+38 -3.4e+38 -3.4e+38 -3.4e+38 -3.4e+38 -3.4e+38 -3.4e+38 -3.4e+38 -3.4e+38 312 315 319 320 322 321 319 319 319 318 319 317 315 314 313 308 311 314 317 319 324 327 328 321 329 333 337 332 322 322 331 333 339 338 337 336 311 323 332 327 324 324 323 329 337 337 336 333 327 332
-3.4e+38 -3.4e+38 -3.4e+38 -3.4e+38 -3.4e+38 -3.4e+38 -3.4e+38 -3.4e+38 -3.4e+38 -3.4e+38 -3.4e+38 -3.4e+38 -3.4e+38 -3.4e+38 -3.4e+38 -3.4e+38 -3.4e+38 -3.4e+38 -3.4e+38 -3.4e+38 -3.4e+38 317 -3.4e+38 318 317 317 316 313 314 313 314 314 312 307 305 309 313 318 321 324 327 327 324 314 323 312 323 334 293 331 328 329 319 336 337 314 317 322 333 324 332 332 330 341 340 343 341 321 338
-3.4e+38 -3.4e+38 -3.4e+38 -3.4e+38 -3.4e+38 -3.4e+38 -3.4e+38 -3.4e+38 -3.4e+38 -3.4e+38 -3.4e+38 -3.4e+38 -3.4e+38 -3.4e+38 -3.4e+38 -3.4e+38 -3.4e+38 -3.4e+38 -3.4e+38 -3.4e+38 -3.4e+38 -3.4e+38 315 314 313 312 311 312 310 309 311 310 309 309 309 311 315 319 319 323 326 323 327 308 305 300 252 315 316 314 309 319 311 335 335 302 330 335 330 326 334 330 335 338 343 344 343 341 340
-3.4e+38 -3.4e+38 -3.4e+38 -3.4e+38 -3.4e+38 -3.4e+38 -3.4e+38 -3.4e+38 -3.4e+38 -3.4e+38 -3.4e+38 -3.4e+38 -3.4e+38 -3.4e+38 -3.4e+38 -3.4e+38 -3.4e+38 -3.4e+38 -3.4e+38 -3.4e+38 -3.4e+38 -3.4e+38 312 312 -3.4e+38 310 308 -3.4e+38 -3.4e+38 306 305 307 308 310 312 314 314 321 317 325 329 330 310 324 307 302 281 313 309 328 306 318 319 311 320 312 322 327 318 330 330 326 323 344 345 345 342 340 341
-3.4e+38 -3.4e+38 -3.4e+38 -3.4e+38 -3.4e+38 -3.4e+38 -3.4e+38 -3.4e+38 -3.4e+38 -3.4e+38 -3.4e+38 -3.4e+38 -3.4e+38 -3.4e+38 -3.4e+38 -3.4e+38 -3.4e+38 -3.4e+38 -3.4e+38 -3.4e+38 -3.4e+38 -3.4e+38 -3.4e+38 -3.4e+38 -3.4e+38 -3.4e+38 -3.4e+38 307 304 301 302 306 308 312 311 313 318 317 318 325 329 328 325 323 309 288 281 281 300 300 310 310 306 311 309 329 314 328 331 329 314 318 344 345 347 344 344 344 343
-3.4e+38 -3.4e+38 -3.4e+38 -3.4e+38 -3.4e+38 -3.4e+38 -3.4e+38 -3.4e+38 -3.4e+38 -3.4e+38 -3.4e+38 -3.4e+38 -3.4e+38 -3.4e+38 -3.4e+38 -3.4e+38 -3.4e+38 -3.4e+38 -3.4e+38 -3.4e+38 -3.4e+38 -3.4e+38 306 -3.4e+38 308 -3.4e+38 -3.4e+38 -3.4e+38 302 -3.4e+38 297 304 311 317 323 322 324 316 320 322 328 331 292 296 275 268 284 295 282 303 293 298 296 324 326 314 325 332 331 336 335 339 342 342 347 349 348 348 344
-3.4e+38 -3.4e+38 -3.4e+38 -3.4e+38 -3.4e+38 -3.4e+38 -3.4e+38 -3.4e+38 -3.4e+38 -3.4e+38 -3.4e+38 -3.4e+38 -3.4e+38 -3.4e+38 -3.4e+38 -3.4e+38 -3.4e+38 -3.4e+38 -3.4e+38 -3.4e+38 -3.4e+38 -3.4e+38 -3.4e+38 307 -3.4e+38 -3.4e+38 -3.4e+38 307 301 297 302 309 317 324 327 318 329 322 318 308 327 327 293 264 288 268 265 283 287 284 295 285 300 298 323 303 328 330 335 335 338 341 344 347 349 353 349 345 344
-3.4e+38 -3.4e+38 -3.4e+38 -3.4e+38 -3.4e+38 -3.4e+38 -3.4e+38 -3.4e+38 -3.4e+38 -3.4e+38 -3.4e+38 -3.4e+38 -3.4e+38 -3.4e+38 -3.4e+38 -3.4e+38 -3.4e+38 -3.4e+38 -3.4e+38 -3.4e+38 -3.4e+38 -3.4e+38 306 -3.4e+38 -3.4e+38 305 -3.4e+38 309 307 300 308 316 326 328 333 331 333 321 312 318 328 316 314 306 272 265 257 292 294 293 297 299 305 319 326 329 332 333 331 333 336 338 340 342 346 348 346 347 342
-3.4e+38 -3.4e+38 -3.4e+38 -3.4e+38 -3.4e+38 -3.4e+38 -3.4e+38 -3.4e+38 -3.4e+38 -3.4e+38 -3.4e+38 -3.4e+38 -3.4e+38 -3.4e+38 -3.4e+38 -3.4e+38 -3.4e+38 -3.4e+38 -3.4e+38 -3.4e+38 -3.4e+38 -3.4e+38 -3.4e+38 307 305 -3.4e+38 -3.4e+38 -3.4e+38 -3.4e+38 -3.4e+38 319 328 338 342 345 340 339 332 325 310 323 321 269 317 269 281 265 294 297 290 309 289 310 323 317 330 334 332 333 327 335 336 338 342 344 345 343 343 344
-3.4e+38 -3.4e+38 -3.4e+38 -3.4e+38 -3.4e+38 -3.4e+38 -3.4e+38 -3.4e+38 -3.4e+38 -3.4e+38 -3.4e+38 -3.4e+38 -3.4e+38 -3.4e+38 -3.4e+38 -3.4e+38 -3.4e+38 -3.4e+38 -3.4e+38 -3.4e+38 -3.4e+38 -3.4e+38 -3.4e+38 -3.4e+38 -3.4e+38 -3.4e+38 -3.4e+38 -3.4e+38 -3.4e+38 -3.4e+38 329 340 350 354 343 346 337 325 324 312 323 305 324 314 276 283 297 298 281 295 313 294 302 325 306 328 332 334 333 333 331 335 337 337 339 339 341 341 342
-3.4e+38 -3.4e+38 -3.4e+38 -3.4e+38 -3.4e+38 -3.4e+38 -3.4e+38 -3.4e+38 -3.4e+38 -3.4e+38 -3.4e+38 -3.4e+38 -3.4e+38 -3.4e+38 -3.4e+38 -3.4e+38 -3.4e+38 -3.4e+38 -3.4e+38 -3.4e+38 -3.4e+38 -3.4e+38 -3.4e+38 -3.4e+38 -3.4e+38 -3.4e+38 -3.4e+38 -3.4e+38 -3.4e+38 -3.4e+38 -3.4e+38 346 -3.4e+38 359 358 351 339 336 339 316 320 317 324 326 317 305 271 293 291 306 299 305 303 326 319 309 334 335 334 333 333 333 336 336 335 336 338 339 340
-3.4e+38 -3.4e+38 -3.4e+38 -3.4e+38 -3.4e+38 -3.4e+38 -3.4e+38 -3.4e+38 -3.4e+38 -3.4e+38 -3.4e+38 -3.4e+38 -3.4e+38 -3.4e+38 -3.4e+38 -3.4e+38 -3.4e+38 -3.4e+38 -3.4e+38 -3.4e+38 -3.4e+38 -3.4e+38 -3.4e+38 -3.4e+38 -3.4e+38 -3.4e+38 -3.4e+38 -3.4e+38 -3.4e+38 -3.4e+38 -3.4e+38 -3.4e+38 354 357 353 342 345 342 340 337 328 309 324 325 316 299 285 305 296 307 306 285 305 324 328 336 337 337 336 336 335 335 338 337 337 338 339 340 342
-3.4e+38 -3.4e+38 -3.4e+38 -3.4e+38 -3.4e+38 -3.4e+38 -3.4e+38 -3.4e+38 -3.4e+38 -3.4e+38 -3.4e+38 -3.4e+38 -3.4e+38 -3.4e+38 -3.4e+38 -3.4e+38 -3.4e+38 -3.4e+38 -3.4e+38 -3.4e+38 -3.4e+38 -3.4e+38 -3.4e+38 -3.4e+38 -3.4e+38 -3.4e+38 -3.4e+38 -3.4e+38 -3.4e+38 -3.4e+38 -3.4e+38 -3.4e+38 -3.4e+38 355 346 352 345 343 334 324 330 329 327 311 322 317 310 303 286 316 305 301 307 325 330 335 341 342 340 340 336 340 340 341 345 341 339 339 341
-3.4e+38 -3.4e+38 -3.4e+38 -3.4e+38 -3.4e+38 -3.4e+38 -3.4e+38 -3.4e+38 -3.4e+38 -3.4e+38 -3.4e+38 -3.4e+38 -3.4e+38 -3.4e+38 -3.4e+38 -3.4e+38 -3.4e+38 -3.4e+38 -3.4e+38 -3.4e+38 -3.4e+38 -3.4e+38 -3.4e+38 -3.4e+38 -3.4e+38 -3.4e+38 -3.4e+38 -3.4e+38 -3.4e+38 -3.4e+38 -3.4e+38 -3.4e+38 -3.4e+38 352 353 354 351 344 343 341 319 324 323 336 312 315 306 302 289 322 315 318 304 325 332 339 342 342 344 341 341 342 341 345 345 341 340 339 339
-3.4e+38 -3.4e+38 -3.4e+38 -3.4e+38 -3.4e+38 -3.4e+38 -3.4e+38 -3.4e+38 -3.4e+38 -3.4e+38 -3.4e+38 -3.4e+38 -3.4e+38 -3.4e+38 -3.4e+38 -3.4e+38 -3.4e+38 -3.4e+38 -3.4e+38 -3.4e+38 -3.4e+38 -3.4e+38 -3.4e+38 -3.4e+38 -3.4e+38 -3.4e+38 -3.4e+38 -3.4e+38 -3.4e+38 -3.4e+38 -3.4e+38 -3.4e+38 -3.4e+38 -3.4e+38 -3.4e+38 351 349 342 331 327 336 300 302 332 337 337 309 296 323 318 315 320 317 325 333 338 340 341 345 343 345 345 344 344 347 340 340 340 335
