EcoCrop/data/climate/tmax_8.asc
NCOLS 660 
NROWS 360 
XLLCORNER -20 
YLLCORNER -30 
CELLSIZE 0.1666667 
NODATA_value -3.4e+38 
[rows 0 to 29 of 360, columns 207 to 275 of 660]
363 363 359 359 360 363 361 358 351 347 346 344 340 339 337 335 336 333 330 333 329 328 328 331 335 337 337 340 343 345 351 351 353 355 356 357 357 360 362 361 362 362 361 361 361 361 361 362 362 362 362 363 364 364 365 365 368 367 367 366 364 362 358 355 352 350 346 343 340
366 365 363 362 364 364 365 360 362 352 345 346 344 341 340 339 335 335 330 333 331 329 329 330 333 337 340 341 342 346 351 355 356 357 358 360 360 362 362 364 364 364 365 365 364 365 364 364 365 365 367 368 367 369 369 371 371 372 374 372 371 370 365 362 358 356 353 349 346
368 368 365 365 365 368 368 367 362 362 349 346 345 342 340 340 342 337 335 330 332 331 330 332 334 337 342 342 343 348 349 355 355 357 359 360 361 362 363 366 365 367 367 367 367 366 366 366 366 366 368 369 369 371 374 374 375 377 377 377 376 374 374 367 363 362 359 355 351
370 368 366 367 365 368 368 371 371 367 351 345 345 343 344 341 343 345 343 336 333 336 334 333 338 340 343 346 348 347 349 351 356 356 359 360 362 363 364 366 367 368 369 369 369 368 369 368 368 368 370 371 372 372 375 376 377 378 379 379 377 377 374 372 373 367 365 362 362
371 371 370 368 372 371 367 375 377 374 359 352 348 348 348 348 348 346 348 340 335 336 335 337 340 346 345 351 353 354 348 350 355 364 358 360 362 364 365 366 369 370 371 371 372 370 370 370 370 371 372 374 374 375 376 377 378 379 379 380 378 378 376 376 375 376 375 371 367
372 369 373 369 374 371 377 378 380 375 372 365 359 356 351 350 348 349 351 343 337 340 339 342 345 347 352 351 351 351 352 355 358 364 363 360 362 364 365 367 370 371 372 372 374 372 372 372 373 374 374 374 376 377 377 378 379 380 380 380 381 379 378 377 378 375 375 374 370
373 369 369 371 371 368 372 370 370 375 370 365 359 358 356 354 349 345 351 344 341 337 339 344 349 353 352 352 352 352 352 353 355 360 358 361 363 364 365 367 368 371 373 374 375 374 374 373 373 374 374 377 377 379 379 380 380 381 381 381 382 381 379 379 377 376 374 372 368
372 372 365 363 360 363 362 367 364 370 362 359 360 356 356 353 350 350 351 348 343 343 341 341 345 349 354 354 352 352 347 355 356 358 360 362 364 365 366 368 370 371 373 375 375 375 376 374 374 376 377 376 379 378 380 380 381 382 382 382 382 380 380 380 379 377 375 374 372
370 369 370 366 366 365 366 366 366 364 362 357 359 358 355 352 350 349 348 352 348 346 346 349 349 349 355 354 353 354 354 352 353 356 358 362 363 364 366 368 370 372 374 374 376 377 377 376 375 376 377 378 378 379 380 381 382 383 381 383 382 382 381 380 379 378 376 374 371
372 371 372 369 370 369 370 368 366 363 361 360 359 359 357 353 351 349 345 351 350 351 349 351 351 349 354 355 354 355 356 360 362 355 358 360 363 366 367 368 370 372 373 375 376 377 378 377 377 376 378 378 380 380 381 381 382 381 382 383 383 382 382 380 380 379 377 375 375
373 373 374 374 372 370 370 368 367 365 362 360 360 359 355 354 351 349 350 347 350 348 352 353 351 349 354 354 355 355 357 358 361 360 359 361 363 365 367 368 370 372 373 375 376 377 378 379 377 379 379 380 381 382 381 382 384 383 383 383 383 382 382 381 380 379 376 376 374
374 374 376 374 374 373 372 371 367 366 361 360 358 357 354 352 351 349 348 348 348 348 350 351 354 350 354 354 355 355 358 359 360 362 360 362 364 365 367 369 370 372 373 375 376 377 379 380 379 379 378 380 381 382 382 383 383 383 383 383 383 383 382 382 380 380 377 377 375
375 375 376 375 374 373 374 369 367 363 361 360 358 353 352 349 348 347 346 348 348 349 350 352 356 352 354 355 356 357 358 359 361 362 365 367 363 366 368 369 370 372 374 375 376 377 378 380 379 380 379 381 382 383 382 383 383 383 383 384 384 383 382 381 380 379 378 379 375
376 377 376 375 374 376 371 368 365 363 361 359 355 349 348 344 343 344 347 346 348 349 349 355 353 354 357 356 356 358 360 360 361 362 363 364 365 367 368 369 370 372 374 375 376 377 379 380 379 379 381 382 382 382 383 383 383 383 384 383 383 383 383 382 381 380 378 378 376
381 381 379 378 374 373 372 368 366 363 362 358 354 350 344 340 339 340 344 346 348 350 352 355 355 356 356 357 358 359 361 362 362 363 363 365 367 368 368 370 370 372 373 374 376 378 379 379 380 379 380 380 383 382 383 383 383 383 384 383 383 383 382 383 382 379 379 376 377
381 379 378 375 373 373 373 370 368 363 361 359 356 350 344 337 337 338 341 345 348 350 354 357 357 357 358 359 359 360 361 362 363 364 365 365 367 367 368 369 370 372 373 374 377 378 379 379 380 379 381 381 382 383 383 383 383 383 383 383 383 383 383 382 382 381 379 377 378
379 377 377 373 373 374 373 370 367 363 361 359 356 351 346 342 337 338 339 344 348 353 356 356 357 358 359 360 361 362 362 363 363 363 364 365 366 367 368 370 371 372 374 375 376 378 379 379 380 379 380 381 382 383 382 383 383 383 383 383 382 382 383 383 382 382 380 379 375
377 377 377 375 375 374 372 371 367 364 362 359 357 353 350 346 341 338 344 348 351 355 357 357 359 360 360 360 362 363 363 364 363 364 365 366 367 367 368 369 370 372 373 374 376 377 378 379 379 379 380 382 381 383 382 382 381 383 382 383 383 383 383 383 382 381 380 378 378
375 377 376 375 374 374 373 372 369 367 366 364 359 357 353 350 346 344 346 350 354 355 358 360 360 360 361 362 363 364 363 364 364 364 365 365 366 367 368 369 370 372 373 374 376 377 378 378 379 378 380 380 381 383 382 382 381 381 383 382 383 383 383 383 381 381 379 378 377
377 376 376 375 374 374 374 373 372 369 367 367 362 358 356 354 352 350 348 353 356 357 360 361 361 362 363 364 363 364 364 364 364 364 365 366 367 367 368 369 370 372 373 374 375 376 378 378 378 379 378 381 381 380 381 382 381 380 382 382 382 382 383 384 381 380 380 378 378
378 377 376 375 375 374 374 374 372 371 370 368 366 365 363 359 355 355 355 357 359 361 363 364 362 364 364 362 364 365 365 364 364 365 366 366 366 367 368 369 370 372 372 373 375 376 377 378 379 379 380 381 380 381 380 379 379 380 383 381 383 384 383 381 381 380 379 378 378
379 378 376 376 376 375 373 375 375 374 372 369 368 367 364 363 359 359 361 362 363 365 366 366 368 369 370 366 365 365 365 365 365 365 365 366 366 366 367 368 369 371 371 373 374 375 377 378 378 379 380 380 381 381 381 380 379 380 382 381 383 383 382 382 379 380 379 378 378
380 379 377 376 377 376 376 376 373 373 371 368 368 367 365 361 360 360 363 366 366 365 368 368 367 368 368 369 365 365 365 366 365 365 366 365 366 367 367 368 369 370 371 373 374 375 376 377 378 378 380 378 380 378 379 378 378 379 383 381 380 383 382 380 381 380 379 379 378
380 381 380 379 378 376 373 375 374 371 369 366 367 364 365 363 361 361 364 366 367 366 366 367 366 366 367 366 366 366 366 365 365 366 365 366 367 367 367 367 368 369 371 372 373 375 376 377 378 379 378 378 377 375 376 377 377 381 381 379 379 381 382 381 379 380 378 378 376
381 380 380 381 376 374 375 375 372 369 366 368 365 359 367 365 364 364 365 364 365 364 365 365 365 365 366 366 366 366 366 366 366 365 366 366 366 366 367 366 368 369 370 371 373 375 376 377 378 378 379 377 375 372 377 380 377 380 382 378 376 380 380 380 378 379 379 378 377
382 381 379 376 375 375 375 374 369 367 368 370 365 368 370 369 366 365 367 361 370 370 368 364 369 368 368 368 368 367 366 367 366 366 367 367 366 366 366 366 367 368 370 372 373 375 376 377 378 379 379 379 375 372 375 375 381 383 380 381 377 378 378 379 379 379 378 376 377
383 382 379 378 375 376 374 373 368 370 370 370 369 372 372 368 366 366 368 371 367 370 370 369 370 369 367 369 367 367 366 366 366 367 366 367 367 366 367 367 368 369 370 371 374 375 376 378 377 378 379 379 377 378 375 379 383 383 381 378 378 376 376 377 378 377 378 377 377
381 381 379 379 377 375 373 368 372 372 372 368 372 373 374 371 370 370 370 372 371 370 370 370 371 368 368 366 367 369 367 367 367 368 367 367 367 367 367 368 368 369 371 373 374 376 376 378 378 379 376 376 379 372 377 379 378 382 381 378 380 377 375 375 377 376 376 376 377
382 383 380 379 376 373 368 372 374 374 373 370 374 375 374 374 372 373 373 372 372 371 371 370 370 367 368 369 368 367 367 367 368 368 367 367 367 368 368 369 369 370 371 373 374 376 377 377 376 379 378 372 377 376 380 376 373 381 380 381 381 379 374 373 376 375 374 376 377
383 382 380 377 375 370 364 375 376 376 375 374 375 375 375 375 374 374 373 372 372 372 371 371 370 369 370 369 367 366 368 368 368 367 367 367 367 368 369 370 370 371 372 373 374 375 377 376 378 378 377 373 376 373 375 378 380 382 382 382 381 378 376 369 370 373 375 376 374
