EcoCrop/data/climate/tmax_9.asc
NCOLS 660 
NROWS 360 
XLLCORNER -20 
YLLCORNER -30 
CELLSIZE 0.1666667 
NODATA_value -3.4e+38 
[rows 210 to 239 of 360, columns 207 to 275 of 660]
273 276 279 286 284 288 295 282 285 291 297 301 296 289 299 286 289 304 301 300 299 294 288 292 303 297 306 301 293 298 291 307 302 300 302 302 296 295 294 301 306 301 304 302 301 305 305 304 303 301 306 308 312 309 309 309 309 305 303 310 303 305 302 304 303 302 308 309 313
270 281 278 282 283 284 289 283 285 286 299 292 301 292 306 287 283 295 291 292 301 284 287 299 301 300 303 291 289 293 292 304 301 301 304 298 296 304 305 308 310 302 306 305 304 302 304 303 305 302 304 309 308 313 310 309 314 306 305 311 303 301 302 305 308 307 309 310 314
283 286 285 275 286 284 285 277 282 287 293 292 303 289 303 290 291 292 288 285 298 281 287 302 289 290 300 302 291 289 295 291 300 306 301 293 296 299 306 301 304 309 301 307 309 305 300 304 302 305 302 302 310 312 311 304 308 306 306 305 301 305 302 306 306 304 309 306 314
287 287 282 282 282 283 274 282 280 284 296 292 305 292 291 289 295 288 288 283 282 280 281 298 281 292 282 285 294 288 290 291 301 304 305 303 300 299 310 301 301 301 302 304 300 308 304 303 303 302 305 305 305 312 306 307 310 309 302 307 302 300 307 306 303 304 308 313 313
283 284 272 282 278 278 275 283 278 290 298 296 302 289 290 299 289 288 288 286 281 280 284 284 279 295 283 285 289 288 290 295 299 305 301 303 302 305 302 302 303 301 301 303 299 303 302 302 301 302 302 304 311 317 307 315 307 305 304 304 306 310 305 302 304 308 308 313 308
276 281 275 269 276 277 279 286 287 293 296 302 302 290 287 299 284 283 291 282 284 284 281 286 281 289 282 285 288 289 292 296 299 305 301 300 308 304 305 302 300 302 301 300 297 299 301 303 302 300 302 304 313 316 298 319 316 307 302 302 306 308 306 310 307 307 305 311 308
274 277 272 270 277 277 283 287 292 289 300 295 300 302 286 290 286 290 289 282 285 284 283 281 284 286 283 285 286 297 290 303 304 301 294 304 310 307 304 304 300 301 305 299 298 301 298 303 302 297 297 304 312 310 314 319 318 306 303 303 302 304 308 308 302 305 306 313 315
275 258 272 271 276 279 283 290 291 292 297 291 294 301 286 285 306 286 285 287 284 286 282 285 287 284 289 286 287 298 304 305 306 302 304 306 304 305 304 303 303 302 304 300 298 298 299 301 301 297 298 303 304 309 318 315 311 305 306 308 304 308 304 303 307 304 298 311 307
277 260 275 272 278 281 282 289 291 287 293 286 287 306 301 289 296 286 290 289 281 284 288 287 286 284 288 288 289 294 305 308 297 306 301 304 304 307 309 305 305 303 303 301 301 296 297 300 297 294 298 299 299 310 311 314 317 315 311 308 302 303 302 302 302 303 300 311 301
280 283 269 272 277 281 281 284 284 287 290 287 285 309 301 286 288 293 289 289 286 286 288 284 290 290 287 287 289 291 293 305 301 306 298 303 304 310 311 310 309 304 302 301 299 298 296 297 293 294 293 298 298 308 308 313 312 316 312 312 309 303 302 300 301 303 296 303 298
281 284 277 278 275 279 283 282 284 283 289 290 287 307 296 297 294 296 299 288 288 287 284 285 287 291 288 292 294 294 294 293 305 304 305 308 306 312 311 314 311 308 303 299 298 301 294 295 295 291 294 297 296 301 305 311 309 312 314 311 313 310 301 304 302 302 299 293 298
284 284 285 276 274 277 279 280 282 285 290 299 294 302 311 302 304 295 305 291 289 292 285 290 291 288 291 295 296 291 293 299 309 306 307 304 309 307 309 309 306 308 306 299 297 299 297 297 296 293 294 294 298 294 304 304 307 311 311 313 308 311 301 298 298 296 302 298 294
281 284 272 262 269 275 273 283 285 288 298 303 300 306 313 304 305 304 307 298 292 292 290 288 288 294 294 291 293 297 305 297 306 303 311 306 314 306 311 307 312 307 304 308 302 301 301 300 302 297 295 293 301 297 302 302 304 311 311 309 302 303 296 296 299 302 305 300 297
283 279 284 260 266 270 278 285 282 289 296 303 309 310 315 309 310 305 303 307 304 292 291 289 289 293 291 293 294 294 297 297 310 307 308 308 314 311 313 307 309 307 305 307 305 301 302 300 297 301 296 295 301 299 302 303 307 306 306 305 304 300 301 304 301 299 296 303 300
284 284 278 273 263 267 275 279 283 295 304 313 309 309 310 318 317 309 307 310 310 299 294 291 289 292 292 293 295 296 297 298 310 307 309 310 313 310 312 310 312 309 304 304 305 303 301 301 302 302 297 297 302 296 301 302 295 302 303 299 303 296 299 299 304 300 296 306 306
293 290 264 271 261 264 271 278 283 291 305 307 313 317 315 315 319 313 314 309 312 307 300 303 290 292 292 294 295 297 301 303 313 311 308 310 313 311 313 312 312 315 303 307 308 305 303 303 305 306 302 301 301 301 303 299 304 299 303 301 303 302 298 306 304 302 305 313 313
283 286 268 276 261 264 270 276 281 289 294 314 312 316 317 318 314 312 312 312 310 309 309 305 292 291 293 294 299 298 300 303 309 308 309 313 314 311 312 318 310 316 310 311 307 305 305 305 308 306 298 302 303 302 303 302 305 301 302 304 304 302 299 305 304 309 310 315 310
285 276 279 278 264 264 268 273 282 288 295 298 313 312 316 320 315 320 314 313 311 310 309 304 302 296 295 295 300 298 300 301 303 304 306 318 315 315 314 317 307 318 305 314 309 307 305 304 306 307 305 304 305 302 305 301 306 305 303 304 303 305 302 304 308 318 321 320 317
275 274 277 272 262 266 270 276 280 287 296 300 316 316 318 320 313 318 316 315 319 311 310 303 294 295 297 297 300 300 301 305 304 306 308 311 312 316 316 312 312 317 314 314 313 309 308 306 312 310 309 307 307 305 305 299 310 307 308 303 304 301 302 304 306 309 316 322 322
276 281 277 278 279 268 269 275 281 287 293 313 319 319 323 322 315 317 321 317 314 314 309 307 295 298 297 298 300 301 303 306 308 309 310 309 312 319 312 311 315 319 319 315 317 311 312 308 315 312 305 309 304 306 308 304 304 309 309 307 307 306 303 305 305 303 303 323 325
288 285 272 278 276 264 270 275 281 283 296 309 321 326 329 325 321 323 321 324 317 311 312 306 304 300 296 301 302 302 304 305 306 312 310 311 314 315 312 315 314 318 320 310 319 309 312 310 316 310 307 312 312 311 305 304 313 307 307 311 307 306 305 304 306 309 321 323 326
260 269 263 273 275 265 269 277 283 284 293 305 315 330 331 326 325 326 321 320 321 319 310 307 303 304 301 299 301 306 305 306 308 312 311 312 320 320 319 321 319 313 319 315 321 315 311 317 318 309 313 308 310 311 310 311 315 312 308 310 311 311 303 303 306 311 309 316 314
275 263 269 265 267 272 265 278 284 288 291 302 313 330 330 311 325 325 324 317 320 312 312 307 304 303 302 302 302 305 305 308 310 313 313 320 320 319 322 322 317 315 319 312 321 317 312 316 319 310 309 311 312 309 311 308 317 314 311 312 311 311 304 305 316 321 315 320 324
277 258 262 264 274 269 272 277 285 290 294 296 309 320 326 324 325 323 323 319 312 311 308 305 303 306 302 303 302 304 307 310 311 313 315 318 317 319 320 322 315 315 320 314 315 319 314 313 322 315 313 312 311 311 312 314 315 317 316 313 312 310 306 305 312 316 320 326 340
262 255 258 263 266 271 278 284 284 292 297 300 296 313 296 314 322 320 322 317 312 314 309 307 306 308 307 305 303 309 307 309 313 314 315 318 316 323 319 318 319 317 317 316 321 317 316 314 324 316 315 313 313 315 313 317 320 312 314 313 311 311 310 316 316 331 332 336 340
273 264 248 260 271 274 278 285 289 292 294 297 298 294 296 294 316 321 320 317 312 312 311 310 310 308 310 308 305 305 310 310 314 315 317 320 318 322 318 322 318 317 322 317 318 318 317 320 318 322 316 315 315 315 314 321 319 317 315 314 315 314 314 317 327 323 335 336 341
271 276 272 275 272 277 277 283 287 290 294 296 295 294 293 294 317 316 318 308 311 311 312 310 310 310 308 310 306 305 309 312 314 316 319 323 318 319 319 323 319 319 321 324 320 321 323 320 319 329 323 319 318 316 319 322 318 314 316 315 317 321 323 325 328 328 333 333 330
272 268 265 267 272 274 279 281 285 290 292 294 296 294 296 294 290 316 313 308 307 310 313 313 310 308 308 308 309 310 308 311 314 315 317 320 319 319 320 319 320 321 323 325 324 322 322 322 321 329 325 323 324 325 319 323 318 319 318 320 323 322 327 330 326 323 330 326 331
275 273 272 257 271 273 279 283 288 291 292 292 292 293 293 292 292 313 311 312 304 307 311 312 314 313 311 309 307 308 311 312 316 315 317 319 321 321 320 319 322 323 326 323 326 329 324 324 324 330 328 329 327 325 326 324 320 319 324 320 326 329 322 325 322 321 331 325 316
261 268 264 258 271 272 273 281 287 287 291 292 295 295 295 290 292 297 296 300 294 302 308 312 315 312 312 312 304 304 306 311 312 315 317 320 321 319 319 321 321 321 324 326 326 328 330 327 327 328 328 331 329 325 328 323 320 320 321 322 324 326 320 323 320 322 319 298 302
