EcoCrop/data/climate/tmax_5.asc
NCOLS 660 
NROWS 360 
XLLCORNER -20 
YLLCORNER -30 
CELLSIZE 0.1666667 
NODATA_value -3.4e+38 
[rows 0 to 29 of 360, columns 414 to 482 of 660]
-3.4e+38 -3.4e+38 -3.4e+38 -3.4e+38 -3.4e+38 -3.4e+38 -3.4e+38 334 329 318 303 283 280 264 264 266 243 263 267 256 282 297 300 298 305 295 303 294 284 292 296 304 310 312 309 306 303 296 297 286 261 244 260 262 276 281 277 273 263 237 268 216 277 339 363 375 376 374 377 379 377 372 368 364 355 334 324 318 328
-3.4e+38 -3.4e+38 -3.4e+38 -3.4e+38 -3.4e+38 -3.4e+38 -3.4e+38 -3.4e+38 319 323 307 300 286 285 262 264 266 254 258 257 283 290 304 304 309 310 309 316 317 315 298 306 306 304 293 300 304 305 301 295 286 272 265 253 212 270 278 272 267 271 228 263 283 324 361 373 375 376 379 378 379 370 368 367 354 306 319 307 300
-3.4e+38 -3.4e+38 -3.4e+38 -3.4e+38 -3.4e+38 -3.4e+38 -3.4e+38 -3.4e+38 -3.4e+38 325 320 313 306 283 275 259 264 233 231 272 270 303 287 305 309 312 315 306 317 315 305 275 303 285 295 297 300 305 304 300 294 283 268 244 218 238 242 246 248 244 271 281 277 313 342 355 368 373 374 375 379 377 370 373 363 332 299 300 310
-3.4e+38 -3.4e+38 -3.4e+38 -3.4e+38 -3.4e+38 -3.4e+38 -3.4e+38 -3.4e+38 -3.4e+38 -3.4e+38 321 318 312 309 289 274 268 275 230 264 285 299 291 297 294 305 310 266 320 322 320 300 293 290 296 292 263 300 303 301 299 294 280 254 257 240 185 234 236 190 253 283 295 274 297 327 353 362 368 371 375 378 378 377 375 351 310 302 310
-3.4e+38 -3.4e+38 -3.4e+38 -3.4e+38 -3.4e+38 -3.4e+38 -3.4e+38 -3.4e+38 -3.4e+38 -3.4e+38 321 318 316 307 260 262 273 281 283 245 279 274 302 300 312 313 303 276 306 320 320 318 279 297 312 300 291 288 303 291 300 296 289 272 271 266 262 264 274 246 259 246 270 304 319 313 344 351 363 369 373 377 377 376 374 364 317 313 321
-3.4e+38 -3.4e+38 -3.4e+38 -3.4e+38 -3.4e+38 -3.4e+38 -3.4e+38 -3.4e+38 -3.4e+38 -3.4e+38 -3.4e+38 320 317 311 277 273 271 284 288 283 277 290 259 305 296 312 268 301 296 271 284 267 279 282 313 310 306 296 300 291 299 299 291 283 271 276 272 285 281 241 230 210 288 288 317 331 344 348 359 362 371 375 376 372 378 363 303 326 324
-3.4e+38 -3.4e+38 -3.4e+38 -3.4e+38 -3.4e+38 -3.4e+38 -3.4e+38 -3.4e+38 -3.4e+38 -3.4e+38 -3.4e+38 321 315 316 289 277 286 285 285 284 265 279 292 255 279 323 313 328 333 331 327 272 313 278 286 307 308 305 302 273 281 295 271 285 266 280 270 287 305 300 307 297 325 257 285 317 345 353 357 364 369 374 372 370 377 375 343 324 329
-3.4e+38 -3.4e+38 -3.4e+38 -3.4e+38 -3.4e+38 -3.4e+38 -3.4e+38 -3.4e+38 -3.4e+38 -3.4e+38 -3.4e+38 -3.4e+38 319 317 262 294 290 293 294 289 289 279 266 308 320 300 326 331 332 332 325 334 333 325 279 268 300 291 302 296 288 296 300 293 266 282 283 264 287 292 276 340 344 273 242 230 323 342 354 363 368 373 374 374 374 370 348 319 327
-3.4e+38 -3.4e+38 -3.4e+38 -3.4e+38 -3.4e+38 -3.4e+38 -3.4e+38 -3.4e+38 -3.4e+38 -3.4e+38 -3.4e+38 -3.4e+38 -3.4e+38 318 315 311 277 298 296 303 313 304 281 306 322 308 328 331 331 330 328 325 330 312 325 311 265 299 272 296 307 311 313 293 302 295 291 257 280 284 304 339 353 343 301 218 277 321 345 360 368 372 371 372 370 370 359 305 333
-3.4e+38 -3.4e+38 -3.4e+38 -3.4e+38 -3.4e+38 -3.4e+38 -3.4e+38 -3.4e+38 -3.4e+38 -3.4e+38 -3.4e+38 -3.4e+38 -3.4e+38 304 321 319 323 303 313 315 313 313 292 323 326 322 327 306 308 317 326 328 330 330 312 299 317 304 294 293 317 289 321 326 324 319 303 302 277 302 327 339 355 353 343 319 268 318 335 353 363 363 364 368 366 361 364 341 340
-3.4e+38 -3.4e+38 -3.4e+38 -3.4e+38 -3.4e+38 -3.4e+38 -3.4e+38 -3.4e+38 -3.4e+38 -3.4e+38 -3.4e+38 -3.4e+38 -3.4e+38 -3.4e+38 321 324 285 317 306 290 309 325 319 317 328 322 329 331 320 331 329 325 325 319 307 326 327 331 315 313 332 326 332 323 323 323 306 286 322 332 344 350 355 349 350 344 337 341 326 338 350 350 352 363 357 346 355 360 338
-3.4e+38 -3.4e+38 -3.4e+38 -3.4e+38 -3.4e+38 -3.4e+38 -3.4e+38 -3.4e+38 -3.4e+38 -3.4e+38 -3.4e+38 -3.4e+38 -3.4e+38 -3.4e+38 325 315 327 299 312 321 326 317 320 323 328 330 330 320 320 329 328 324 304 329 327 335 325 315 336 337 337 332 300 311 319 312 303 300 332 345 344 338 347 356 356 355 357 357 347 316 327 339 331 352 353 319 312 358 320
-3.4e+38 -3.4e+38 -3.4e+38 -3.4e+38 -3.4e+38 -3.4e+38 -3.4e+38 -3.4e+38 -3.4e+38 -3.4e+38 -3.4e+38 -3.4e+38 -3.4e+38 -3.4e+38 -3.4e+38 327 324 331 306 300 323 311 315 320 326 322 328 322 320 316 315 318 320 319 318 334 333 334 332 333 334 290 319 263 295 313 329 329 342 349 346 351 349 357 358 361 362 362 363 356 354 353 355 358 356 346 346 364 308
-3.4e+38 -3.4e+38 -3.4e+38 -3.4e+38 -3.4e+38 -3.4e+38 -3.4e+38 -3.4e+38 -3.4e+38 -3.4e+38 -3.4e+38 -3.4e+38 -3.4e+38 -3.4e+38 -3.4e+38 -3.4e+38 -3.4e+38 -3.4e+38 -3.4e+38 301 294 320 316 323 320 327 330 327 327 303 321 321 311 281 328 335 334 321 308 328 324 308 334 329 338 335 323 336 347 350 347 326 339 349 358 361 364 367 368 370 372 370 372 368 364 363 373 379 366
-3.4e+38 -3.4e+38 -3.4e+38 -3.4e+38 -3.4e+38 -3.4e+38 -3.4e+38 -3.4e+38 -3.4e+38 -3.4e+38 -3.4e+38 -3.4e+38 -3.4e+38 -3.4e+38 -3.4e+38 -3.4e+38 -3.4e+38 -3.4e+38 -3.4e+38 -3.4e+38 -3.4e+38 300 322 299 329 329 329 329 312 312 314 295 323 324 325 322 331 335 321 333 342 347 345 348 310 352 281 357 340 327 345 338 327 354 357 360 361 364 367 370 373 375 377 377 380 383 384 389 368
348 -3.4e+38 -3.4e+38 -3.4e+38 -3.4e+38 -3.4e+38 -3.4e+38 -3.4e+38 -3.4e+38 -3.4e+38 -3.4e+38 -3.4e+38 -3.4e+38 -3.4e+38 -3.4e+38 -3.4e+38 -3.4e+38 -3.4e+38 -3.4e+38 -3.4e+38 -3.4e+38 -3.4e+38 342 319 329 330 325 327 290 318 315 328 311 324 310 317 300 307 337 342 337 344 305 322 360 362 365 366 354 360 338 354 346 353 356 357 360 362 365 367 370 373 377 381 384 387 390 393 394
350 348 -3.4e+38 -3.4e+38 -3.4e+38 -3.4e+38 -3.4e+38 -3.4e+38 -3.4e+38 -3.4e+38 -3.4e+38 -3.4e+38 -3.4e+38 -3.4e+38 -3.4e+38 -3.4e+38 -3.4e+38 -3.4e+38 -3.4e+38 -3.4e+38 -3.4e+38 -3.4e+38 -3.4e+38 343 320 306 329 331 332 326 299 300 326 331 336 317 334 341 339 348 346 349 353 358 362 364 365 366 354 360 356 341 336 340 346 352 357 358 361 365 367 371 374 377 381 386 390 395 399
351 350 348 345 -3.4e+38 -3.4e+38 -3.4e+38 -3.4e+38 -3.4e+38 -3.4e+38 -3.4e+38 -3.4e+38 -3.4e+38 -3.4e+38 -3.4e+38 -3.4e+38 -3.4e+38 -3.4e+38 -3.4e+38 -3.4e+38 -3.4e+38 -3.4e+38 -3.4e+38 -3.4e+38 -3.4e+38 328 337 334 300 325 323 323 334 335 310 338 313 321 315 338 344 344 -3.4e+38 -3.4e+38 -3.4e+38 -3.4e+38 -3.4e+38 366 365 339 354 340 318 323 332 339 348 351 356 359 362 367 370 372 377 379 384 388 394
354 352 350 348 345 -3.4e+38 -3.4e+38 -3.4e+38 -3.4e+38 -3.4e+38 -3.4e+38 -3.4e+38 -3.4e+38 -3.4e+38 -3.4e+38 -3.4e+38 -3.4e+38 -3.4e+38 -3.4e+38 -3.4e+38 -3.4e+38 -3.4e+38 -3.4e+38 -3.4e+38 -3.4e+38 -3.4e+38 -3.4e+38 343 325 334 325 306 317 335 321 333 345 346 344 343 342 -3.4e+38 345 -3.4e+38 -3.4e+38 -3.4e+38 -3.4e+38 -3.4e+38 365 363 352 333 310 295 317 313 334 337 342 349 354 358 358 361 365 367 368 374 371
357 354 352 351 348 345 -3.4e+38 -3.4e+38 -3.4e+38 -3.4e+38 -3.4e+38 -3.4e+38 -3.4e+38 -3.4e+38 -3.4e+38 -3.4e+38 -3.4e+38 -3.4e+38 -3.4e+38 -3.4e+38 -3.4e+38 -3.4e+38 -3.4e+38 -3.4e+38 -3.4e+38 -3.4e+38 -3.4e+38 -3.4e+38 330 334 323 334 338 338 349 352 341 -3.4e+38 -3.4e+38 -3.4e+38 337 339 -3.4e+38 -3.4e+38 -3.4e+38 -3.4e+38 -3.4e+38 -3.4e+38 364 351 344 319 293 309 306 297 307 315 322 333 342 338 336 340 348 350 349 348 342
358 356 355 355 352 348 347 -3.4e+38 -3.4e+38 -3.4e+38 -3.4e+38 -3.4e+38 -3.4e+38 -3.4e+38 -3.4e+38 -3.4e+38 -3.4e+38 -3.4e+38 -3.4e+38 -3.4e+38 -3.4e+38 -3.4e+38 -3.4e+38 -3.4e+38 -3.4e+38 -3.4e+38 -3.4e+38 -3.4e+38 -3.4e+38 -3.4e+38 -3.4e+38 -3.4e+38 -3.4e+38 337 348 355 -3.4e+38 -3.4e+38 -3.4e+38 -3.4e+38 -3.4e+38 -3.4e+38 -3.4e+38 -3.4e+38 -3.4e+38 -3.4e+38 -3.4e+38 -3.4e+38 -3.4e+38 350 348 331 289 318 310 319 326 320 329 310 321 322 307 344 332 327 324 316 318
361 359 359 359 358 356 358 -3.4e+38 -3.4e+38 -3.4e+38 -3.4e+38 -3.4e+38 -3.4e+38 -3.4e+38 -3.4e+38 -3.4e+38 -3.4e+38 -3.4e+38 -3.4e+38 -3.4e+38 -3.4e+38 -3.4e+38 -3.4e+38 -3.4e+38 -3.4e+38 -3.4e+38 -3.4e+38 -3.4e+38 -3.4e+38 -3.4e+38 -3.4e+38 -3.4e+38 -3.4e+38 -3.4e+38 -3.4e+38 -3.4e+38 -3.4e+38 -3.4e+38 -3.4e+38 -3.4e+38 -3.4e+38 -3.4e+38 -3.4e+38 -3.4e+38 -3.4e+38 -3.4e+38 -3.4e+38 -3.4e+38 364 359 346 325 318 328 324 309 330 332 336 338 343 341 343 348 327 343 345 345 343
363 359 358 363 363 366 371 -3.4e+38 -3.4e+38 -3.4e+38 -3.4e+38 -3.4e+38 -3.4e+38 -3.4e+38 -3.4e+38 -3.4e+38 -3.4e+38 -3.4e+38 -3.4e+38 -3.4e+38 -3.4e+38 -3.4e+38 -3.4e+38 -3.4e+38 -3.4e+38 -3.4e+38 -3.4e+38 -3.4e+38 -3.4e+38 -3.4e+38 -3.4e+38 -3.4e+38 -3.4e+38 -3.4e+38 -3.4e+38 -3.4e+38 -3.4e+38 -3.4e+38 -3.4e+38 -3.4e+38 -3.4e+38 -3.4e+38 -3.4e+38 -3.4e+38 386 -3.4e+38 -3.4e+38 -3.4e+38 -3.4e+38 360 350 322 336 332 334 324 338 337 339 342 345 348 347 347 351 338 347 351 352
365 362 365 368 367 369 -3.4e+38 -3.4e+38 -3.4e+38 341 -3.4e+38 -3.4e+38 -3.4e+38 348 -3.4e+38 -3.4e+38 -3.4e+38 -3.4e+38 -3.4e+38 -3.4e+38 -3.4e+38 -3.4e+38 -3.4e+38 -3.4e+38 -3.4e+38 -3.4e+38 -3.4e+38 -3.4e+38 -3.4e+38 -3.4e+38 -3.4e+38 -3.4e+38 -3.4e+38 -3.4e+38 -3.4e+38 -3.4e+38 -3.4e+38 -3.4e+38 -3.4e+38 -3.4e+38 -3.4e+38 -3.4e+38 -3.4e+38 369 373 -3.4e+38 -3.4e+38 -3.4e+38 -3.4e+38 357 349 344 341 341 301 323 297 331 338 337 346 349 331 347 351 348 349 350 348
366 363 366 369 369 370 368 -3.4e+38 -3.4e+38 348 -3.4e+38 -3.4e+38 350 352 354 356 -3.4e+38 -3.4e+38 -3.4e+38 -3.4e+38 -3.4e+38 -3.4e+38 -3.4e+38 -3.4e+38 -3.4e+38 -3.4e+38 -3.4e+38 -3.4e+38 -3.4e+38 -3.4e+38 -3.4e+38 -3.4e+38 -3.4e+38 -3.4e+38 -3.4e+38 -3.4e+38 -3.4e+38 -3.4e+38 -3.4e+38 -3.4e+38 -3.4e+38 -3.4e+38 348 354 -3.4e+38 -3.4e+38 -3.4e+38 -3.4e+38 -3.4e+38 -3.4e+38 350 346 337 336 343 342 346 344 343 345 348 338 348 348 345 346 347 345 347
368 364 363 370 371 370 369 -3.4e+38 -3.4e+38 -3.4e+38 -3.4e+38 -3.4e+38 355 357 358 -3.4e+38 -3.4e+38 -3.4e+38 -3.4e+38 -3.4e+38 -3.4e+38 -3.4e+38 -3.4e+38 -3.4e+38 -3.4e+38 -3.4e+38 -3.4e+38 -3.4e+38 -3.4e+38 -3.4e+38 -3.4e+38 -3.4e+38 -3.4e+38 -3.4e+38 -3.4e+38 -3.4e+38 -3.4e+38 -3.4e+38 -3.4e+38 -3.4e+38 -3.4e+38 360 337 319 -3.4e+38 -3.4e+38 -3.4e+38 -3.4e+38 -3.4e+38 -3.4e+38 -3.4e+38 -3.4e+38 340 330 342 345 346 347 346 345 347 348 346 343 341 332 333 340 343
369 366 363 372 371 369 368 367 -3.4e+38 -3.4e+38 -3.4e+38 -3.4e+38 360 362 364 -3.4e+38 -3.4e+38 -3.4e+38 -3.4e+38 -3.4e+38 -3.4e+38 -3.4e+38 -3.4e+38 -3.4e+38 -3.4e+38 -3.4e+38 -3.4e+38 -3.4e+38 -3.4e+38 -3.4e+38 -3.4e+38 -3.4e+38 -3.4e+38 -3.4e+38 -3.4e+38 -3.4e+38 -3.4e+38 -3.4e+38 -3.4e+38 -3.4e+38 352 358 348 366 -3.4e+38 -3.4e+38 -3.4e+38 -3.4e+38 -3.4e+38 -3.4e+38 -3.4e+38 -3.4e+38 -3.4e+38 -3.4e+38 343 -3.4e+38 -3.4e+38 -3.4e+38 347 346 346 346 344 341 331 342 341 340 340
369 367 370 372 372 370 368 367 -3.4e+38 -3.4e+38 -3.4e+38 367 367 368 370 -3.4e+38 -3.4e+38 -3.4e+38 -3.4e+38 -3.4e+38 -3.4e+38 -3.4e+38 -3.4e+38 -3.4e+38 -3.4e+38 -3.4e+38 -3.4e+38 -3.4e+38 -3.4e+38 -3.4e+38 -3.4e+38 -3.4e+38 -3.4e+38 -3.4e+38 -3.4e+38 -3.4e+38 -3.4e+38 -3.4e+38 -3.4e+38 344 351 354 352 349 -3.4e+38 -3.4e+38 -3.4e+38 -3.4e+38 -3.4e+38 -3.4e+38 -3.4e+38 -3.4e+38 -3.4e+38 -3.4e+38 -3.4e+38 -3.4e+38 -3.4e+38 -3.4e+38 -3.4e+38 -3.4e+38 345 -3.4e+38 -3.4e+38 340 340 339 336 336 336
374 370 372 373 374 372 370 370 369 -3.4e+38 -3.4e+38 372 371 372 375 379 -3.4e+38 -3.4e+38 -3.4e+38 -3.4e+38 -3.4e+38 -3.4e+38 -3.4e+38 -3.4e+38 -3.4e+38 -3.4e+38 -3.4e+38 -3.4e+38 -3.4e+38 -3.4e+38 -3.4e+38 -3.4e+38 -3.4e+38 -3.4e+38 -3.4e+38 -3.4e+38 -3.4e+38 -3.4e+38 353 350 354 357 354 350 -3.4e+38 -3.4e+38 -3.4e+38 -3.4e+38 -3.4e+38 -3.4e+38 -3.4e+38 -3.4e+38 -3.4e+38 -3.4e+38 -3.4e+38 -3.4e+38 -3.4e+38 -3.4e+38 -3.4e+38 -3.4e+38 -3.4e+38 -3.4e+38 -3.4e+38 -3.4e+38 -3.4e+38 -3.4e+38 -3.4e+38 -3.4e+38 -3.4e+38
375 372 375 374 375 373 373 372 371 -3.4e+38 -3.4e+38 374 374 376 379 380 -3.4e+38 -3.4e+38 -3.4e+38 -3.4e+38 -3.4e+38 -3.4e+38 -3.4e+38 -3.4e+38 -3.4e+38 -3.4e+38 -3.4e+38 -3.4e+38 -3.4e+38 -3.4e+38 -3.4e+38 -3.4e+38 -3.4e+38 -3.4e+38 -3.4e+38 -3.4e+38 -3.4e+38 366 363 359 359 361 354 364 -3.4e+38 -3.4e+38 -3.4e+38 -3.4e+38 -3.4e+38 -3.4e+38 -3.4e+38 -3.4e+38 -3.4e+38 -3.4e+38 -3.4e+38 -3.4e+38 -3.4e+38 -3.4e+38 -3.4e+38 -3.4e+38 -3.4e+38 -3.4e+38 -3.4e+38 -3.4e+38 -3.4e+38 -3.4e+38 -3.4e+38 -3.4e+38 -3.4e+38
