EcoCrop/data/climate/tmax_9.asc
NCOLS 660 
NROWS 360 
XLLCORNER -20 
YLLCORNER -30 
CELLSIZE 0.1666667 
NODATA_value -3.4e+38 
[rows 330 to 359 of 360, columns 207 to 275 of 660]
-3.4e+38 -3.4e+38 188 191 195 198 201 208 210 213 212 215 215 228 235 239 255 263 267 266 271 276 280 285 288 292 293 293 293 292 292 292 293 293 293 294 293 293 294 293 292 290 290 290 289 289 288 288 287 287 287 288 287 287 286 286 285 285 283 282 281 280 277 274 270 272 274 275 278
-3.4e+38 -3.4e+38 186 187 192 194 196 193 198 212 214 206 208 222 220 236 244 258 264 262 268 275 277 282 286 290 291 291 292 291 292 292 292 292 292 293 293 293 293 292 291 290 289 288 288 287 286 286 287 286 285 286 286 286 285 284 284 283 282 281 281 278 276 273 270 267 264 268 275
-3.4e+38 -3.4e+38 185 183 186 189 198 193 192 211 202 215 216 215 217 225 240 254 261 266 269 272 276 280 283 287 289 290 291 291 291 291 290 290 292 292 292 292 292 291 290 289 289 287 287 287 286 286 285 284 286 284 284 284 283 282 281 282 281 280 278 277 276 272 269 263 262 259 268
-3.4e+38 -3.4e+38 181 180 182 184 188 199 203 208 201 192 199 214 214 224 240 252 260 266 270 274 276 280 281 285 288 288 289 289 289 289 289 289 290 290 292 291 290 289 289 288 287 286 285 285 285 284 283 284 283 283 282 282 281 281 281 280 279 279 278 277 274 272 270 264 263 260 258
-3.4e+38 -3.4e+38 176 177 179 183 189 196 201 201 204 206 199 213 224 222 235 249 259 266 270 275 275 279 280 283 285 286 287 288 288 288 287 288 289 290 290 290 289 288 288 287 286 285 285 283 282 281 281 282 282 281 279 278 276 277 277 278 278 278 276 274 273 272 272 270 268 263 257
-3.4e+38 -3.4e+38 176 175 177 180 184 191 195 202 193 192 197 209 225 226 235 247 257 264 271 275 278 279 280 282 284 287 287 286 286 287 287 286 287 288 289 289 288 287 286 285 284 284 282 281 280 281 280 281 280 279 278 275 273 273 274 276 276 276 274 273 271 269 267 270 269 263 255
-3.4e+38 -3.4e+38 -3.4e+38 174 175 178 184 188 192 193 180 204 197 210 223 230 233 246 254 266 272 276 278 278 280 282 282 284 284 285 285 285 284 286 287 287 287 287 287 286 285 283 283 281 281 280 279 280 279 279 277 276 275 275 272 271 272 274 273 273 271 271 270 270 268 264 263 259 253
-3.4e+38 -3.4e+38 -3.4e+38 173 173 178 186 187 198 203 201 204 208 201 222 233 234 244 253 267 271 271 274 274 276 281 283 283 283 284 283 284 284 285 287 286 287 287 285 285 283 282 280 280 279 279 278 279 278 276 275 273 274 273 274 272 271 270 270 270 267 267 267 266 265 262 261 259 255
-3.4e+38 -3.4e+38 -3.4e+38 -3.4e+38 174 174 184 188 190 184 198 203 209 201 219 236 235 244 256 267 267 270 269 274 275 281 282 281 281 282 283 283 283 284 284 284 286 285 284 282 281 280 278 277 278 277 278 276 275 273 273 270 272 271 270 270 269 267 266 266 264 260 261 261 260 256 259 257 257
-3.4e+38 -3.4e+38 -3.4e+38 -3.4e+38 175 176 178 185 189 191 179 191 183 196 216 233 243 244 252 267 263 272 274 273 280 281 280 278 280 281 280 281 282 283 283 285 284 283 283 281 280 278 278 276 276 276 275 275 274 274 272 271 270 269 269 267 264 262 260 262 261 260 259 256 255 255 258 257 255
-3.4e+38 -3.4e+38 -3.4e+38 -3.4e+38 172 174 173 177 175 169 172 174 191 198 211 225 239 244 252 264 268 272 276 279 280 277 278 276 276 278 275 277 281 285 285 283 283 282 281 279 279 277 277 276 275 275 274 273 273 271 270 268 268 266 265 265 263 260 259 261 263 259 259 255 253 254 255 252 252
-3.4e+38 -3.4e+38 -3.4e+38 -3.4e+38 170 172 179 179 175 181 182 186 189 198 207 224 239 246 252 263 270 273 270 270 275 263 267 271 272 275 278 281 281 283 284 281 282 280 279 279 277 275 274 274 274 273 271 270 270 272 269 265 261 261 264 265 260 257 260 262 265 259 258 256 252 252 251 249 245
-3.4e+38 -3.4e+38 -3.4e+38 -3.4e+38 -3.4e+38 169 171 178 180 184 188 191 193 196 205 223 238 246 250 262 267 262 255 260 263 247 248 266 269 275 279 279 279 282 281 280 279 278 277 276 275 274 273 272 271 269 267 264 264 267 270 268 264 260 253 255 260 254 255 261 265 262 258 252 249 252 249 248 245
-3.4e+38 -3.4e+38 -3.4e+38 -3.4e+38 -3.4e+38 170 173 171 176 185 190 193 196 193 199 219 237 241 252 258 263 238 252 255 250 232 245 255 269 275 278 278 278 279 277 279 276 276 275 274 271 271 270 268 267 266 264 258 255 264 267 263 257 255 254 251 251 250 252 256 259 264 253 253 253 249 250 249 246
-3.4e+38 -3.4e+38 -3.4e+38 -3.4e+38 -3.4e+38 174 174 172 178 181 186 189 198 202 190 219 232 242 239 259 259 249 253 242 234 225 255 253 267 274 276 278 278 277 276 275 275 274 273 271 269 268 267 265 263 262 261 257 254 262 265 262 249 248 246 246 246 248 251 256 260 264 255 255 249 252 253 251 252
-3.4e+38 -3.4e+38 -3.4e+38 -3.4e+38 -3.4e+38 -3.4e+38 173 175 180 183 186 192 195 195 189 205 203 237 257 251 245 242 240 244 241 246 257 260 261 272 274 275 276 275 275 274 273 271 270 269 267 266 264 262 261 260 257 255 253 259 264 261 253 230 244 241 244 248 253 256 261 270 257 253 251 255 256 256 252
-3.4e+38 -3.4e+38 -3.4e+38 -3.4e+38 -3.4e+38 -3.4e+38 178 178 184 186 192 194 194 195 190 208 231 235 262 251 233 242 249 253 255 255 259 258 265 271 271 273 274 273 271 272 271 271 268 268 265 263 261 260 258 258 255 250 241 252 263 261 253 238 239 241 245 249 253 256 264 270 255 253 253 254 255 258 248
-3.4e+38 -3.4e+38 -3.4e+38 -3.4e+38 -3.4e+38 -3.4e+38 -3.4e+38 178 176 184 191 195 199 204 207 204 224 246 245 247 249 258 256 256 260 257 262 268 270 271 270 270 270 272 269 270 266 264 266 264 263 261 259 258 254 256 253 248 235 243 255 257 254 246 234 241 246 250 255 259 268 265 253 251 250 250 253 253 252
-3.4e+38 -3.4e+38 -3.4e+38 -3.4e+38 -3.4e+38 -3.4e+38 -3.4e+38 -3.4e+38 180 185 184 194 203 202 229 226 225 241 252 259 259 252 251 258 263 259 263 266 271 269 272 267 267 267 264 265 268 265 265 261 260 258 256 254 254 254 252 250 246 228 246 246 250 239 236 243 248 252 258 264 268 255 252 250 247 249 250 248 251
-3.4e+38 -3.4e+38 -3.4e+38 -3.4e+38 -3.4e+38 -3.4e+38 -3.4e+38 -3.4e+38 -3.4e+38 184 188 193 200 218 221 219 242 250 236 250 256 262 262 258 268 269 267 268 273 263 261 262 265 266 265 263 266 263 260 260 260 260 259 259 256 256 254 248 248 244 252 250 244 234 244 245 248 252 264 271 264 258 251 245 239 244 246 246 246
-3.4e+38 -3.4e+38 -3.4e+38 -3.4e+38 -3.4e+38 -3.4e+38 -3.4e+38 -3.4e+38 -3.4e+38 -3.4e+38 188 191 198 212 220 201 219 246 235 247 259 263 259 256 266 277 267 262 266 274 272 267 270 259 263 266 262 261 256 259 263 260 263 260 258 252 252 248 245 249 253 251 237 239 241 245 248 256 271 270 261 261 256 248 245 246 246 246 245
-3.4e+38 -3.4e+38 -3.4e+38 -3.4e+38 -3.4e+38 -3.4e+38 -3.4e+38 -3.4e+38 -3.4e+38 -3.4e+38 -3.4e+38 188 196 204 200 198 215 237 237 239 256 259 257 265 275 273 258 259 265 269 278 272 264 264 267 263 261 258 260 261 261 259 254 262 258 245 252 248 244 246 253 245 236 235 240 243 248 266 264 264 264 260 254 247 243 244 244 246 246
-3.4e+38 -3.4e+38 -3.4e+38 -3.4e+38 -3.4e+38 -3.4e+38 -3.4e+38 -3.4e+38 -3.4e+38 -3.4e+38 -3.4e+38 -3.4e+38 190 192 197 203 193 228 236 259 270 255 267 273 293 275 266 259 282 282 264 261 253 254 258 261 266 264 262 262 257 253 253 256 259 253 253 241 253 252 247 236 234 234 237 242 258 264 260 261 259 257 252 247 248 249 248 248 249
-3.4e+38 -3.4e+38 -3.4e+38 -3.4e+38 -3.4e+38 -3.4e+38 -3.4e+38 -3.4e+38 -3.4e+38 -3.4e+38 -3.4e+38 -3.4e+38 -3.4e+38 185 190 197 202 209 223 236 246 265 291 291 285 276 272 267 280 268 250 246 247 249 249 252 258 259 255 253 251 249 250 254 256 259 252 250 248 241 237 239 238 233 240 254 259 258 261 258 258 258 256 252 250 249 248 248 248
-3.4e+38 -3.4e+38 -3.4e+38 -3.4e+38 -3.4e+38 -3.4e+38 -3.4e+38 -3.4e+38 -3.4e+38 -3.4e+38 -3.4e+38 -3.4e+38 -3.4e+38 -3.4e+38 182 191 200 213 205 218 232 258 271 258 260 251 254 262 252 241 250 242 239 242 246 250 251 256 253 251 251 247 245 248 248 254 253 251 245 232 239 237 247 235 251 257 255 256 254 252 255 254 255 253 248 243 243 242 243
-3.4e+38 -3.4e+38 -3.4e+38 -3.4e+38 -3.4e+38 -3.4e+38 -3.4e+38 -3.4e+38 -3.4e+38 -3.4e+38 -3.4e+38 -3.4e+38 -3.4e+38 -3.4e+38 178 188 202 210 217 210 219 235 250 257 257 252 248 249 240 230 238 237 238 241 244 246 246 252 253 254 251 250 249 247 248 253 256 250 241 237 242 248 253 255 253 254 250 244 248 244 252 255 253 249 244 240 236 241 241
-3.4e+38 -3.4e+38 -3.4e+38 -3.4e+38 -3.4e+38 -3.4e+38 -3.4e+38 -3.4e+38 -3.4e+38 -3.4e+38 -3.4e+38 -3.4e+38 -3.4e+38 -3.4e+38 -3.4e+38 188 196 206 217 214 213 226 237 240 239 245 240 243 234 229 231 235 238 241 243 244 246 247 247 250 253 250 249 248 245 250 253 254 254 240 247 255 252 249 247 248 247 242 241 244 251 250 251 252 246 241 235 235 235
-3.4e+38 -3.4e+38 -3.4e+38 -3.4e+38 -3.4e+38 -3.4e+38 -3.4e+38 -3.4e+38 -3.4e+38 -3.4e+38 -3.4e+38 -3.4e+38 -3.4e+38 -3.4e+38 -3.4e+38 189 203 213 203 212 207 216 221 225 229 234 235 237 233 229 231 234 236 240 241 240 242 243 244 247 252 249 246 248 245 243 247 243 238 238 254 251 252 250 245 241 241 244 246 248 249 250 246 242 244 241 237 239 237
-3.4e+38 -3.4e+38 -3.4e+38 -3.4e+38 -3.4e+38 -3.4e+38 -3.4e+38 -3.4e+38 -3.4e+38 -3.4e+38 -3.4e+38 -3.4e+38 -3.4e+38 -3.4e+38 -3.4e+38 191 199 208 205 211 214 222 221 222 222 229 234 234 228 228 231 231 233 235 236 239 239 244 246 250 252 251 250 250 248 247 241 242 241 243 252 255 255 247 235 237 236 237 244 249 252 252 241 236 223 226 234 231 231
-3.4e+38 -3.4e+38 -3.4e+38 -3.4e+38 -3.4e+38 -3.4e+38 -3.4e+38 -3.4e+38 -3.4e+38 -3.4e+38 -3.4e+38 -3.4e+38 -3.4e+38 -3.4e+38 -3.4e+38 -3.4e+38 200 208 210 206 219 226 218 220 220 227 229 231 228 227 231 230 230 231 235 239 240 244 246 249 252 254 254 254 252 248 244 240 240 243 243 251 253 248 243 234 233 236 240 241 253 253 245 231 217 223 227 227 223
