EcoCrop/data/climate/tmax_7.asc
NCOLS 660 
NROWS 360 
XLLCORNER -20 
YLLCORNER -30 
CELLSIZE 0.1666667 
NODATA_value -3.4e+38 
[rows 60 to 89 of 360, columns 552 to 620 of 660]
-3.4e+38 -3.4e+38 -3.4e+38 -3.4e+38 298 297 298 278 263 261 279 283 286 294 298 299 299 302 300 296 295 297 301 301 301 300 304 304 301 303 306 305 300 314 311 315 311 315 306 309 308 310 312 312 308 310 309 308 307 301 299 299 298 296 292 284 278 276 278 275 274 280 297 299 302 304 304 287 296
-3.4e+38 -3.4e+38 -3.4e+38 -3.4e+38 297 299 301 296 283 275 280 255 280 289 295 300 303 302 304 304 298 303 306 307 308 307 304 308 310 307 309 306 307 304 315 310 296 310 311 313 314 313 311 310 310 307 312 309 307 301 302 300 286 278 277 282 279 277 278 277 274 279 287 291 300 303 292 275 292
-3.4e+38 -3.4e+38 -3.4e+38 -3.4e+38 296 297 299 300 298 293 266 270 282 290 293 299 300 305 306 307 307 306 308 308 308 312 314 311 313 313 310 312 310 308 307 306 303 306 308 308 301 296 298 301 310 311 312 311 310 306 305 295 276 285 278 269 278 277 277 277 275 279 276 286 299 302 263 283 243
-3.4e+38 -3.4e+38 -3.4e+38 -3.4e+38 -3.4e+38 280 301 302 298 303 254 268 266 277 284 297 302 303 305 307 311 311 313 314 313 311 316 317 318 317 314 314 309 306 309 307 306 300 301 305 302 296 300 309 297 310 312 313 311 307 306 306 291 281 274 284 285 279 282 279 278 278 277 276 299 273 258 277 284
-3.4e+38 -3.4e+38 -3.4e+38 -3.4e+38 -3.4e+38 294 301 301 301 302 268 271 259 273 284 292 292 299 306 306 308 311 312 315 316 317 317 316 319 319 315 316 314 308 305 307 302 306 299 315 310 311 295 305 312 313 315 313 303 307 309 304 302 290 275 269 284 289 282 281 279 278 279 278 279 260 261 261 300
-3.4e+38 -3.4e+38 -3.4e+38 -3.4e+38 -3.4e+38 297 300 293 303 240 266 272 279 281 268 284 294 282 282 299 299 310 313 313 315 317 319 320 318 319 318 315 315 312 305 308 310 308 309 309 314 316 316 301 312 313 316 315 312 312 306 304 301 299 299 296 294 271 268 282 281 282 276 277 272 255 248 262 305
-3.4e+38 -3.4e+38 -3.4e+38 -3.4e+38 -3.4e+38 -3.4e+38 290 298 296 242 260 264 277 286 283 287 292 297 302 284 294 301 308 306 310 312 317 319 316 316 315 309 313 314 311 310 310 309 311 311 313 312 318 317 313 313 316 315 311 313 298 303 300 299 289 294 294 279 270 281 278 282 278 279 259 256 252 286 284
-3.4e+38 -3.4e+38 -3.4e+38 -3.4e+38 -3.4e+38 285 297 296 262 264 273 277 280 282 292 294 293 298 305 304 295 294 298 299 297 299 302 305 308 311 312 308 313 310 311 310 307 304 308 305 308 310 315 317 318 320 316 315 314 318 298 313 308 299 297 280 288 277 274 299 277 277 277 257 261 259 251 300 308
-3.4e+38 -3.4e+38 -3.4e+38 -3.4e+38 -3.4e+38 293 285 297 257 247 274 276 279 288 293 297 299 300 304 308 309 300 296 302 303 304 305 304 303 305 306 307 309 312 311 308 303 304 307 300 305 304 309 313 316 316 317 315 314 314 314 303 308 309 294 276 287 299 302 299 302 300 263 261 254 254 298 307 311
-3.4e+38 -3.4e+38 -3.4e+38 -3.4e+38 -3.4e+38 285 284 291 244 240 270 266 259 271 288 295 300 304 303 310 309 311 305 301 300 301 303 304 303 299 298 309 307 309 310 307 291 297 299 302 306 312 313 314 316 317 317 311 315 313 317 299 294 312 306 305 299 303 304 304 301 265 268 263 252 248 285 295 309
-3.4e+38 -3.4e+38 -3.4e+38 -3.4e+38 -3.4e+38 -3.4e+38 279 294 269 249 253 264 258 275 285 287 298 305 308 308 315 314 310 310 302 302 302 303 304 304 301 301 301 302 306 308 299 296 299 302 305 307 312 312 314 316 314 313 314 316 316 319 313 315 311 305 302 306 296 309 306 264 251 261 257 243 272 293 316
-3.4e+38 -3.4e+38 -3.4e+38 -3.4e+38 -3.4e+38 -3.4e+38 272 285 297 284 254 260 272 281 286 292 297 301 310 308 312 315 315 311 300 304 303 304 305 304 303 300 301 297 303 306 306 304 297 301 299 303 306 307 313 314 314 309 313 314 313 314 320 317 312 312 311 312 309 276 292 286 255 257 251 297 313 317 317
-3.4e+38 -3.4e+38 -3.4e+38 -3.4e+38 -3.4e+38 -3.4e+38 278 272 275 248 194 257 253 268 279 282 295 303 307 309 310 313 314 312 310 304 304 303 300 299 298 300 295 297 301 300 304 303 302 299 301 303 305 305 311 312 313 314 310 307 309 305 314 319 314 311 317 313 296 256 264 264 270 251 312 313 314 305 320
-3.4e+38 -3.4e+38 -3.4e+38 -3.4e+38 -3.4e+38 -3.4e+38 -3.4e+38 277 292 241 256 258 258 259 254 271 274 294 304 310 312 311 314 315 313 312 306 307 307 297 298 298 298 297 299 302 304 302 299 300 299 305 307 311 313 315 316 316 313 296 310 318 315 320 318 304 318 295 270 245 297 285 273 312 312 317 314 320 -3.4e+38
-3.4e+38 -3.4e+38 -3.4e+38 -3.4e+38 -3.4e+38 -3.4e+38 -3.4e+38 288 291 292 249 226 259 264 265 264 282 290 298 303 310 312 314 316 313 314 310 309 311 309 306 303 299 298 295 300 304 303 298 302 306 310 314 317 317 318 321 319 320 317 317 320 313 320 320 320 299 297 273 291 295 303 300 314 316 319 321 -3.4e+38 -3.4e+38
-3.4e+38 -3.4e+38 -3.4e+38 -3.4e+38 -3.4e+38 -3.4e+38 -3.4e+38 280 279 275 252 245 266 254 264 267 274 289 295 302 305 310 314 315 316 313 312 313 311 312 314 305 311 295 303 294 299 301 299 308 312 316 317 319 322 322 324 322 322 321 312 320 317 314 316 311 299 317 311 309 301 282 308 303 319 -3.4e+38 -3.4e+38 -3.4e+38 -3.4e+38
-3.4e+38 -3.4e+38 -3.4e+38 -3.4e+38 -3.4e+38 -3.4e+38 -3.4e+38 284 287 294 227 242 265 269 271 267 267 282 285 294 299 307 308 312 316 315 315 315 314 313 316 315 314 311 306 297 300 304 300 305 310 318 319 322 324 324 325 326 325 324 323 320 318 313 312 315 312 319 319 313 318 319 320 -3.4e+38 -3.4e+38 -3.4e+38 -3.4e+38 -3.4e+38 -3.4e+38
-3.4e+38 -3.4e+38 -3.4e+38 -3.4e+38 -3.4e+38 -3.4e+38 -3.4e+38 -3.4e+38 278 285 233 260 254 270 273 275 271 274 278 279 292 303 301 308 312 314 316 317 315 317 315 312 311 304 305 302 298 301 297 303 303 321 325 326 328 330 327 328 329 326 327 323 320 318 316 320 320 319 321 319 320 322 -3.4e+38 -3.4e+38 -3.4e+38 -3.4e+38 -3.4e+38 -3.4e+38 -3.4e+38
-3.4e+38 -3.4e+38 -3.4e+38 -3.4e+38 -3.4e+38 -3.4e+38 -3.4e+38 -3.4e+38 281 288 272 252 265 269 273 276 266 278 280 275 282 294 302 307 306 306 311 311 312 318 315 308 301 306 311 301 304 305 303 307 313 323 327 331 332 333 332 331 332 330 328 321 321 318 319 321 321 322 322 322 322 322 -3.4e+38 -3.4e+38 -3.4e+38 -3.4e+38 -3.4e+38 -3.4e+38 -3.4e+38
-3.4e+38 -3.4e+38 -3.4e+38 -3.4e+38 -3.4e+38 -3.4e+38 -3.4e+38 -3.4e+38 287 286 274 248 263 267 269 276 273 278 276 280 275 287 295 299 300 303 309 311 312 317 319 315 317 311 315 305 308 310 308 314 320 323 329 334 337 336 337 335 332 331 329 315 322 322 324 325 324 323 323 323 323 323 -3.4e+38 -3.4e+38 -3.4e+38 -3.4e+38 -3.4e+38 -3.4e+38 -3.4e+38
-3.4e+38 -3.4e+38 -3.4e+38 -3.4e+38 -3.4e+38 -3.4e+38 -3.4e+38 -3.4e+38 288 285 292 239 262 263 268 274 276 277 279 281 282 283 284 290 293 301 301 311 313 318 318 319 320 319 319 318 315 311 314 314 319 326 335 333 340 339 336 334 334 334 332 329 328 327 326 325 324 324 324 323 323 324 -3.4e+38 -3.4e+38 -3.4e+38 -3.4e+38 -3.4e+38 -3.4e+38 -3.4e+38
-3.4e+38 -3.4e+38 -3.4e+38 -3.4e+38 -3.4e+38 -3.4e+38 -3.4e+38 -3.4e+38 288 286 288 253 262 265 266 264 266 267 271 271 280 283 287 291 291 300 300 312 317 316 319 322 321 322 321 322 318 312 314 314 317 308 325 328 335 335 334 334 334 332 331 330 328 327 326 325 325 325 325 325 -3.4e+38 -3.4e+38 -3.4e+38 -3.4e+38 -3.4e+38 -3.4e+38 -3.4e+38 -3.4e+38 -3.4e+38
-3.4e+38 -3.4e+38 -3.4e+38 -3.4e+38 -3.4e+38 -3.4e+38 -3.4e+38 -3.4e+38 -3.4e+38 281 291 236 256 253 261 262 266 271 266 271 276 280 284 290 296 297 305 304 303 308 315 320 321 320 323 325 320 320 320 314 290 301 328 329 326 335 334 335 335 333 333 331 330 328 327 -3.4e+38 -3.4e+38 -3.4e+38 -3.4e+38 -3.4e+38 -3.4e+38 -3.4e+38 -3.4e+38 -3.4e+38 -3.4e+38 -3.4e+38 -3.4e+38 -3.4e+38 -3.4e+38
-3.4e+38 -3.4e+38 -3.4e+38 -3.4e+38 -3.4e+38 -3.4e+38 -3.4e+38 -3.4e+38 -3.4e+38 284 291 281 250 253 258 257 258 269 261 264 270 274 278 291 293 296 298 301 310 313 317 319 320 319 320 325 324 325 320 319 313 318 293 330 334 337 338 337 337 336 335 333 331 329 328 -3.4e+38 -3.4e+38 -3.4e+38 -3.4e+38 -3.4e+38 -3.4e+38 -3.4e+38 -3.4e+38 -3.4e+38 -3.4e+38 -3.4e+38 -3.4e+38 -3.4e+38 -3.4e+38
-3.4e+38 -3.4e+38 -3.4e+38 -3.4e+38 -3.4e+38 -3.4e+38 -3.4e+38 -3.4e+38 -3.4e+38 286 291 292 242 255 251 240 250 257 267 260 277 279 285 281 288 291 296 305 311 315 318 319 320 322 322 324 324 328 329 327 306 310 334 337 339 338 338 339 337 338 336 334 333 331 -3.4e+38 -3.4e+38 -3.4e+38 -3.4e+38 -3.4e+38 -3.4e+38 -3.4e+38 -3.4e+38 -3.4e+38 -3.4e+38 -3.4e+38 -3.4e+38 -3.4e+38 -3.4e+38 -3.4e+38
-3.4e+38 -3.4e+38 -3.4e+38 -3.4e+38 -3.4e+38 -3.4e+38 -3.4e+38 -3.4e+38 -3.4e+38 -3.4e+38 286 293 291 246 248 258 263 267 266 272 277 282 285 286 284 290 299 307 313 315 314 312 314 318 319 322 323 325 328 330 305 310 326 338 339 340 340 340 338 339 -3.4e+38 -3.4e+38 -3.4e+38 333 -3.4e+38 -3.4e+38 -3.4e+38 -3.4e+38 -3.4e+38 -3.4e+38 -3.4e+38 -3.4e+38 -3.4e+38 -3.4e+38 -3.4e+38 -3.4e+38 -3.4e+38 -3.4e+38 -3.4e+38
-3.4e+38 -3.4e+38 -3.4e+38 -3.4e+38 -3.4e+38 -3.4e+38 -3.4e+38 -3.4e+38 -3.4e+38 -3.4e+38 292 296 271 285 250 257 260 265 270 275 280 283 284 288 291 290 303 310 311 314 312 311 311 314 317 322 312 321 333 334 294 333 337 337 338 340 342 340 341 -3.4e+38 -3.4e+38 -3.4e+38 -3.4e+38 -3.4e+38 -3.4e+38 -3.4e+38 -3.4e+38 -3.4e+38 -3.4e+38 -3.4e+38 -3.4e+38 -3.4e+38 -3.4e+38 -3.4e+38 -3.4e+38 -3.4e+38 -3.4e+38 -3.4e+38 -3.4e+38
-3.4e+38 -3.4e+38 -3.4e+38 -3.4e+38 -3.4e+38 -3.4e+38 -3.4e+38 -3.4e+38 -3.4e+38 -3.4e+38 -3.4e+38 295 295 270 258 254 267 263 265 275 277 278 284 288 294 298 302 312 313 312 313 309 310 308 312 319 316 331 335 334 327 332 329 339 341 342 342 343 343 -3.4e+38 -3.4e+38 -3.4e+38 -3.4e+38 -3.4e+38 -3.4e+38 -3.4e+38 -3.4e+38 -3.4e+38 -3.4e+38 -3.4e+38 -3.4e+38 -3.4e+38 -3.4e+38 -3.4e+38 -3.4e+38 -3.4e+38 -3.4e+38 -3.4e+38 -3.4e+38
-3.4e+38 -3.4e+38 -3.4e+38 -3.4e+38 -3.4e+38 -3.4e+38 -3.4e+38 -3.4e+38 -3.4e+38 -3.4e+38 -3.4e+38 -3.4e+38 294 259 259 270 268 265 274 272 276 278 283 293 297 300 303 302 311 313 315 312 311 315 310 315 327 335 336 337 316 338 304 338 343 345 345 345 345 -3.4e+38 -3.4e+38 -3.4e+38 -3.4e+38 -3.4e+38 -3.4e+38 -3.4e+38 -3.4e+38 -3.4e+38 -3.4e+38 -3.4e+38 -3.4e+38 -3.4e+38 -3.4e+38 -3.4e+38 -3.4e+38 -3.4e+38 -3.4e+38 -3.4e+38 -3.4e+38
-3.4e+38 -3.4e+38 -3.4e+38 -3.4e+38 -3.4e+38 -3.4e+38 -3.4e+38 -3.4e+38 -3.4e+38 -3.4e+38 -3.4e+38 -3.4e+38 289 273 257 291 274 271 269 269 274 284 288 294 296 298 299 301 305 313 314 314 312 323 325 329 329 336 340 340 309 340 312 341 345 346 348 347 -3.4e+38 -3.4e+38 -3.4e+38 -3.4e+38 -3.4e+38 -3.4e+38 -3.4e+38 -3.4e+38 -3.4e+38 -3.4e+38 -3.4e+38 -3.4e+38 -3.4e+38 -3.4e+38 -3.4e+38 -3.4e+38 -3.4e+38 -3.4e+38 -3.4e+38 -3.4e+38 -3.4e+38
