EcoCrop/data/climate/tmax_9.asc
NCOLS 660 
NROWS 360 
XLLCORNER -20 
YLLCORNER -30 
CELLSIZE 0.1666667 
NODATA_value -3.4e+38 
[rows 0 to 29 of 360, columns 552 to 620 of 660]
375 375 375 374 373 371 369 365 365 365 366 366 365 362 361 359 358 358 356 355 355 353 353 351 350 348 347 344 342 340 337 335 331 328 327 324 322 310 274 236 255 235 230 246 268 229 227 228 258 252 215 249 184 164 114 61 62 108 96 178 84 99 118 54 65 80 100 103 110
376 376 376 376 376 374 372 369 367 368 367 367 365 363 362 360 359 358 358 356 355 355 353 351 350 348 346 344 342 338 335 333 331 329 327 324 325 321 312 280 289 214 216 258 230 211 248 233 261 243 270 241 241 155 123 182 135 99 160 195 246 142 97 89 65 56 82 102 98
376 376 377 377 377 376 374 371 369 369 368 368 366 364 363 362 360 359 358 357 356 354 353 352 350 348 346 344 342 338 336 334 332 330 328 328 326 322 321 317 313 306 281 249 212 212 223 242 255 251 295 258 230 182 177 238 175 160 206 163 226 192 225 90 120 80 71 60 98
375 377 377 377 379 377 376 374 372 370 369 368 366 365 364 362 361 360 359 358 356 355 354 352 350 348 346 344 341 339 337 334 333 331 329 327 327 324 323 321 319 314 301 289 204 198 203 238 225 299 227 241 289 272 167 205 278 152 201 163 199 133 121 52 69 139 134 124 45
375 377 377 378 379 378 377 375 373 371 370 368 367 366 365 362 361 360 359 359 357 355 354 352 351 349 347 344 342 340 338 336 334 333 331 328 328 325 324 324 322 320 318 315 312 283 209 266 221 241 200 213 258 299 236 296 199 206 176 184 199 207 165 85 79 140 68 84 54
376 376 377 378 379 379 377 375 373 370 368 367 367 364 364 362 362 361 360 357 357 356 354 353 351 349 347 345 343 341 340 337 335 334 332 330 330 326 326 324 324 323 322 321 318 317 319 313 318 307 299 264 268 190 287 272 273 241 235 175 181 112 131 136 145 99 77 78 102
376 376 377 378 378 378 377 375 372 370 368 367 366 365 364 362 361 360 358 358 356 356 355 353 351 350 348 345 344 342 340 339 336 336 334 331 331 328 327 325 325 325 324 323 323 322 322 322 323 323 321 283 254 293 283 315 305 276 257 192 157 222 188 154 100 208 123 68 67
376 376 377 377 377 377 375 373 371 369 368 367 366 363 362 360 359 358 358 357 355 355 353 353 351 350 348 346 344 343 342 340 338 336 334 332 331 330 328 327 326 327 326 325 325 323 323 323 322 323 321 321 321 322 306 319 310 292 232 256 248 225 233 164 124 143 98 17 49
375 376 376 376 376 375 373 371 370 368 369 366 364 363 361 359 359 357 356 355 354 352 352 350 349 349 348 346 345 343 342 340 339 337 335 334 332 331 329 328 327 327 328 327 327 326 325 323 323 324 322 320 322 322 321 318 271 299 265 229 279 280 248 224 175 144 126 204 164
375 375 375 375 374 373 371 370 369 368 366 365 362 361 358 357 356 354 354 353 351 350 349 349 347 348 347 346 345 343 340 337 340 338 336 333 333 332 331 330 329 329 329 329 329 327 326 325 323 323 323 322 320 321 322 319 305 315 277 259 234 255 211 217 188 154 202 200 213
374 374 372 374 372 371 371 370 370 367 365 363 361 358 356 354 353 352 351 350 348 347 348 347 346 345 345 345 343 341 342 341 340 338 336 335 333 333 332 331 330 330 330 331 329 328 327 326 324 323 322 324 323 323 322 318 319 321 318 303 274 237 230 249 269 249 203 220 237
372 372 371 371 370 368 369 367 367 365 362 359 358 355 353 351 351 350 349 347 346 344 343 344 344 343 342 343 342 336 343 340 340 338 337 335 334 333 332 332 332 331 331 331 331 329 328 327 326 325 324 326 325 324 324 323 322 323 323 317 277 294 290 273 272 244 236 246 235
370 370 368 368 366 364 366 364 363 361 359 356 354 353 351 350 348 347 346 344 342 342 327 342 342 342 342 341 340 337 342 341 339 338 337 335 335 334 333 332 333 333 331 331 332 331 329 328 327 326 326 326 327 326 324 324 323 324 323 319 312 312 300 294 295 291 239 288 260
368 366 367 366 363 361 358 359 359 357 355 353 352 350 349 349 346 344 342 339 338 336 336 339 339 341 337 338 340 338 343 341 339 338 336 335 335 334 334 333 333 333 334 333 332 331 330 330 328 328 327 327 326 327 326 326 325 324 324 322 320 316 289 301 290 303 314 305 286
366 364 363 362 360 359 357 354 353 353 352 351 350 347 347 346 344 341 338 335 334 336 333 335 338 338 331 325 339 341 340 339 338 337 336 335 334 334 334 334 333 333 333 333 333 332 331 331 330 328 327 326 326 326 326 326 326 326 324 323 322 320 318 318 318 318 318 318 317
362 361 361 360 359 356 354 353 352 353 351 350 349 347 346 343 341 338 334 335 335 333 331 336 334 334 340 341 340 340 340 339 338 337 336 334 334 334 334 334 333 335 335 334 333 333 332 332 330 329 328 327 326 326 327 327 326 326 325 324 322 321 320 320 319 319 318 317 316
358 357 360 357 356 355 352 352 352 351 350 348 348 345 343 341 339 335 331 336 337 335 333 335 335 325 336 338 338 339 338 338 337 336 334 335 333 333 333 333 334 335 335 334 334 333 333 332 330 329 328 328 328 327 326 327 327 326 326 325 323 322 321 320 320 319 319 319 318
356 355 353 353 351 352 351 349 348 347 347 345 345 341 340 339 334 337 337 336 337 336 335 332 334 338 339 338 338 337 338 337 336 335 334 333 332 333 333 333 333 335 335 334 334 333 332 332 331 330 329 328 328 327 327 328 327 327 326 325 324 323 322 322 320 320 320 320 320
353 353 351 349 347 347 348 345 347 344 343 342 341 340 337 333 332 336 337 335 337 336 337 339 335 338 338 336 335 336 335 329 333 333 333 333 332 332 332 333 334 334 334 334 334 333 332 332 332 330 329 329 328 329 328 327 327 327 326 326 325 323 322 322 322 321 321 322 322
351 351 350 348 347 343 348 345 344 343 338 340 340 337 334 330 327 331 333 335 337 338 337 338 337 337 332 335 336 336 334 326 331 332 332 332 332 331 331 334 333 333 333 333 333 333 332 331 331 331 330 329 329 329 328 328 327 326 326 326 324 324 324 323 322 322 322 323 322
352 350 347 348 348 347 347 344 343 337 340 340 337 334 329 325 327 329 333 335 336 337 338 337 338 334 327 334 334 332 326 327 331 329 329 330 330 330 331 331 332 333 333 333 333 332 332 332 331 331 330 328 328 328 328 327 327 327 326 325 325 324 324 323 323 322 323 322 323
350 348 344 348 348 346 347 346 343 341 338 338 336 329 328 314 318 328 330 333 334 335 337 335 335 336 335 334 332 329 324 325 333 330 330 329 329 329 330 330 331 333 333 333 333 332 332 332 331 331 329 328 328 328 327 327 327 327 326 325 325 325 324 324 322 322 323 322 321
350 348 349 350 349 344 347 345 343 340 339 337 333 329 324 322 325 329 329 333 331 335 336 334 335 335 334 333 331 323 321 332 329 329 325 323 326 326 327 329 330 330 333 331 332 332 332 332 331 330 329 329 328 328 327 327 327 327 326 326 325 324 324 324 323 321 321 321 321
352 352 352 349 348 346 345 343 342 339 336 334 330 322 317 322 324 328 330 330 331 333 334 334 334 332 332 327 332 333 331 319 329 321 317 319 320 321 321 327 329 331 330 331 331 333 332 333 333 331 330 328 329 327 327 327 327 327 327 326 326 326 325 324 323 323 321 320 321
354 352 349 348 346 345 343 342 339 337 334 331 320 315 322 324 325 326 328 330 331 331 331 331 330 331 329 331 332 325 319 325 319 317 318 314 323 324 326 328 328 330 330 331 331 331 332 332 333 331 330 330 328 327 327 327 327 327 327 326 326 326 326 325 324 323 322 321 321
349 349 345 346 345 342 340 339 337 335 331 318 313 318 319 323 324 325 327 328 328 329 329 331 330 331 331 328 326 319 312 322 314 314 317 323 323 325 326 327 328 329 329 330 330 331 331 331 331 331 331 330 328 328 328 328 327 327 327 327 327 326 326 325 325 324 324 323 322
348 343 337 343 341 340 338 336 333 332 328 308 312 314 319 320 322 324 325 326 326 330 332 326 332 330 329 327 325 317 309 318 312 312 314 319 323 324 324 326 327 330 327 330 331 330 329 331 330 330 330 329 329 329 329 328 327 328 327 327 326 327 327 326 326 326 325 324 324
346 339 340 340 337 336 335 332 329 327 311 305 312 315 317 319 320 324 325 324 325 330 332 332 331 329 327 326 324 316 308 318 311 309 313 317 320 319 320 324 326 325 327 328 329 329 327 330 329 330 330 329 329 328 329 328 328 328 328 327 327 327 327 327 327 327 326 325 324
346 344 340 337 331 310 325 328 325 319 300 306 311 314 316 319 321 322 323 319 321 327 330 330 329 329 326 328 323 317 309 319 311 309 309 312 314 317 321 323 322 321 326 328 326 326 325 325 328 329 329 328 328 327 328 327 327 326 328 328 327 328 328 328 327 327 327 325 324
343 339 335 333 332 325 324 323 304 284 301 310 313 314 316 318 320 316 319 311 313 313 321 326 327 327 324 324 320 315 311 317 313 309 309 309 314 317 319 320 319 319 323 326 326 323 324 325 326 327 328 327 317 322 319 322 325 327 327 327 326 326 326 327 327 327 326 325 324
