EcoCrop/data/climate/tmax_8.asc
NCOLS 660 
NROWS 360 
XLLCORNER -20 
YLLCORNER -30 
CELLSIZE 0.1666667 
NODATA_value -3.4e+38 
[rows 90 to 119 of 360, columns 138 to 206 of 660]
338 339 342 342 342 342 344 342 341 342 341 339 341 341 334 334 329 327 323 324 328 331 332 332 331 332 332 331 331 331 330 329 328 326 322 321 325 325 326 327 327 328 328 328 329 330 333 334 336 338 340 341 342 345 346 347 348 348 349 349 350 350 350 349 349 349 347 347 346
333 335 339 339 340 341 339 340 339 339 340 339 337 337 335 333 333 330 326 326 328 329 330 328 329 330 329 327 327 328 328 327 324 324 321 323 322 322 324 324 324 324 324 325 326 328 328 332 334 335 337 339 341 342 343 344 345 347 347 348 349 349 349 349 347 346 346 344 343
330 330 336 336 337 336 337 337 337 336 337 338 336 336 331 332 321 318 323 325 327 328 326 326 327 326 325 325 327 327 325 325 324 322 324 323 323 323 322 322 321 322 319 319 321 323 326 329 331 333 335 337 339 340 341 342 344 345 345 346 347 348 348 347 346 344 344 342 341
326 327 336 334 334 334 333 334 334 334 335 336 334 333 329 328 320 322 321 324 323 321 323 322 323 323 324 323 323 323 323 323 324 324 324 323 323 322 320 319 320 312 316 317 319 320 323 327 329 330 332 335 336 337 339 341 341 342 343 344 346 347 347 345 345 342 341 339 338
323 322 328 329 329 330 330 331 333 332 333 332 331 333 328 323 323 315 321 318 317 319 320 321 321 322 321 321 321 320 321 322 323 324 324 324 321 320 320 319 320 319 318 314 319 321 323 324 326 328 331 332 334 336 337 338 339 339 341 341 344 345 344 342 342 340 339 337 336
322 325 325 324 325 326 327 326 329 329 329 330 330 329 327 323 320 319 317 314 317 317 318 320 320 319 319 319 321 320 321 321 321 323 324 323 324 319 319 320 319 317 317 314 316 318 320 322 324 326 329 330 332 334 335 336 336 337 337 339 340 341 340 339 339 337 337 335 334
322 323 322 322 322 324 326 325 325 327 328 327 326 328 325 321 315 320 317 314 316 318 318 318 321 321 318 317 317 318 317 319 320 321 324 324 325 322 320 320 318 316 315 310 314 317 318 320 322 325 327 328 331 332 333 333 334 334 335 336 336 337 336 335 334 334 333 332 331
322 321 321 320 320 320 319 321 325 324 325 326 324 327 323 319 318 319 317 316 316 316 317 318 317 317 315 313 314 315 315 316 319 322 325 326 324 323 318 318 318 317 311 312 314 315 317 318 320 323 324 326 329 330 331 331 331 332 333 333 333 333 333 332 332 331 331 329 329
318 320 319 319 320 318 318 320 321 321 322 324 320 323 320 318 319 317 316 315 315 315 316 318 318 315 313 310 309 311 313 313 319 321 325 327 325 323 317 320 318 316 314 313 314 314 315 316 318 319 322 324 327 328 329 330 330 330 330 329 329 329 329 329 328 328 326 326 326
321 319 318 318 319 318 320 319 318 320 320 319 319 319 318 317 313 313 312 311 313 313 313 313 316 312 308 305 304 306 309 310 315 321 325 327 328 326 323 321 319 316 315 313 313 312 313 315 315 317 320 321 325 326 327 328 327 327 326 326 325 325 325 325 324 324 324 324 324
319 318 317 318 317 319 319 317 316 317 316 317 315 316 315 313 313 311 311 309 311 309 310 306 307 308 301 297 301 300 305 309 311 318 326 329 330 327 324 321 320 317 314 312 310 310 310 311 313 314 317 319 322 324 325 324 324 323 322 322 322 321 321 322 321 321 321 321 321
319 317 317 318 315 317 316 315 315 315 316 313 313 314 313 312 310 310 308 306 308 307 305 301 303 302 297 292 295 296 298 302 309 317 325 332 331 328 325 322 319 316 313 311 309 308 308 309 310 311 314 316 317 320 320 320 320 319 319 318 318 318 318 318 317 318 318 319 319
319 317 318 316 314 317 314 314 313 314 312 311 308 308 307 308 309 306 306 304 305 302 302 298 296 296 291 287 292 292 295 301 305 316 325 332 330 327 325 322 319 315 312 309 307 305 306 307 307 308 309 311 314 315 315 315 314 314 313 314 314 314 314 315 314 315 315 316 317
315 316 316 315 317 311 311 311 313 312 310 307 306 307 304 305 304 305 301 303 299 298 298 296 291 293 290 287 288 291 292 298 305 313 320 324 325 325 322 320 317 315 312 308 305 304 303 304 304 304 306 307 308 309 309 309 309 309 309 309 310 310 310 310 312 313 312 314 314
314 313 315 315 311 313 311 311 311 308 306 307 305 305 306 303 300 301 301 300 294 297 292 294 292 289 283 286 287 289 292 295 303 309 315 319 320 320 319 317 315 314 311 308 305 302 301 300 300 300 301 302 303 304 304 304 304 305 305 305 305 306 306 308 309 310 310 311 312
314 313 314 315 311 309 311 309 308 306 306 302 301 303 302 300 300 298 296 297 292 292 292 290 290 289 286 285 285 285 289 294 298 303 309 313 315 315 315 315 313 312 311 306 304 301 299 297 296 296 297 298 298 299 300 300 300 300 301 301 300 302 303 304 305 308 309 308 310
314 311 313 313 307 310 309 307 306 304 303 300 302 300 298 299 296 294 294 291 290 290 289 288 286 286 285 284 284 285 287 290 294 297 305 307 311 311 312 312 311 310 308 305 301 299 295 294 293 292 293 293 294 294 295 295 295 295 296 297 297 299 300 301 304 305 306 308 308
312 314 312 311 308 307 308 305 303 299 300 302 300 299 298 295 295 294 294 290 288 286 286 285 286 284 282 281 280 281 285 289 290 294 298 303 306 308 309 309 309 308 305 302 299 295 292 290 288 288 288 288 289 291 291 291 291 291 292 293 294 295 297 299 301 302 304 305 306
311 313 311 309 305 306 307 303 300 297 295 295 297 293 293 294 291 290 292 287 285 282 282 279 282 282 280 280 279 281 285 287 290 291 296 300 302 303 306 306 306 304 303 301 297 292 290 287 285 284 284 285 286 286 287 288 289 288 288 288 290 293 295 297 300 301 302 304 305
308 308 309 310 305 307 303 301 301 296 298 296 290 291 288 288 287 286 286 284 281 281 278 279 276 277 279 277 279 282 286 287 288 293 296 296 298 300 300 303 303 303 300 298 295 290 287 284 281 280 280 282 282 283 284 286 285 285 286 287 288 289 294 296 299 300 302 303 304
304 304 305 302 306 305 304 300 298 298 293 292 291 286 286 285 285 286 285 285 281 279 274 275 276 276 274 279 279 281 281 283 287 288 291 293 295 297 299 299 299 299 299 295 291 288 284 281 278 278 279 281 283 282 282 283 283 284 284 285 286 289 292 295 299 300 302 303 303
298 300 302 300 301 301 299 300 295 295 292 293 290 285 284 282 281 280 282 280 278 278 274 275 272 273 274 276 275 275 277 280 284 281 286 288 292 294 297 297 297 297 296 292 288 287 284 278 277 276 280 283 281 279 281 280 281 282 284 284 285 288 291 294 297 299 301 302 303
296 300 297 299 297 296 295 299 297 295 292 287 285 283 284 282 281 279 277 279 281 281 277 273 270 273 276 275 276 275 276 280 281 283 283 286 289 291 293 294 296 294 292 290 289 286 282 282 279 282 283 284 283 277 278 277 279 281 282 283 285 287 289 292 294 296 299 301 302
296 297 293 297 295 294 291 293 292 294 291 288 284 282 285 284 280 280 281 280 281 279 276 274 271 273 275 273 274 274 273 274 275 281 280 278 275 281 284 291 293 291 288 290 286 286 285 286 287 285 286 284 282 277 275 275 277 278 281 283 285 286 287 289 278 293 294 300 303
293 295 289 291 292 291 287 288 288 290 291 288 285 285 284 282 277 279 278 281 279 277 272 270 274 274 275 273 273 272 272 275 274 276 280 280 278 283 287 290 289 286 288 288 283 288 286 281 277 279 285 286 285 272 272 275 278 279 278 280 282 284 285 285 244 289 276 299 303
291 293 289 286 289 287 290 291 291 288 289 287 287 285 282 276 281 278 280 278 282 279 276 271 273 274 271 274 273 271 274 271 273 270 267 272 269 282 285 288 286 289 287 285 284 287 280 277 276 275 286 289 283 277 268 275 278 280 282 280 280 280 283 258 261 273 272 300 303
289 290 287 288 285 285 286 289 290 291 290 287 282 283 282 281 278 281 283 283 283 278 277 271 272 272 272 274 275 272 274 274 255 270 269 266 271 280 282 285 285 285 284 285 291 284 286 280 283 284 288 289 287 279 270 266 277 281 282 281 278 283 256 257 268 284 293 301 304
289 286 282 286 287 285 285 290 291 291 287 282 279 281 283 278 282 286 278 285 281 285 282 274 276 273 273 271 270 271 269 271 267 270 267 247 259 275 282 283 281 285 286 286 291 290 288 285 281 284 290 288 283 287 268 289 285 285 281 281 280 280 277 262 280 283 296 302 302
286 284 283 286 286 286 287 289 289 292 289 282 286 281 282 284 286 288 287 286 284 288 284 278 275 274 272 270 268 266 268 266 266 266 266 261 271 274 277 279 281 283 287 286 289 294 290 279 274 283 290 292 294 286 292 280 285 285 280 279 279 277 270 276 281 292 296 298 300
283 282 282 286 286 285 284 288 291 292 285 282 282 283 283 290 290 288 288 292 284 288 288 284 283 278 277 273 270 264 263 268 265 265 250 261 262 270 275 282 284 283 285 290 290 291 289 278 277 285 290 294 295 296 293 274 272 279 281 283 284 268 269 279 288 294 296 299 297
