EcoCrop/data/climate/tmax_5.asc
NCOLS 660 
NROWS 360 
XLLCORNER -20 
YLLCORNER -30 
CELLSIZE 0.1666667 
NODATA_value -3.4e+38 
[rows 60 to 89 of 360, columns 552 to 620 of 660]
-3.4e+38 -3.4e+38 -3.4e+38 -3.4e+38 332 339 346 337 333 335 355 364 372 382 390 393 395 399 400 398 396 399 401 400 400 400 403 406 404 406 411 411 408 423 423 428 425 430 422 425 424 428 430 430 425 427 426 424 422 416 414 413 411 409 404 396 389 388 388 385 383 388 402 402 402 401 398 380 385
-3.4e+38 -3.4e+38 -3.4e+38 -3.4e+38 332 338 346 349 346 346 356 341 366 378 386 394 399 399 403 403 399 403 405 406 407 407 404 408 411 409 413 411 415 413 425 423 409 424 425 429 429 429 427 428 426 425 427 425 421 415 415 414 399 390 389 393 389 387 386 385 382 385 390 390 397 396 383 364 376
-3.4e+38 -3.4e+38 -3.4e+38 -3.4e+38 330 336 344 352 357 360 346 354 368 378 385 392 396 401 403 405 405 405 406 407 407 411 413 411 414 414 414 415 417 416 418 418 416 420 422 423 416 413 414 417 425 426 427 425 423 418 417 408 388 396 388 379 387 387 386 384 382 382 378 383 393 391 352 366 324
-3.4e+38 -3.4e+38 -3.4e+38 -3.4e+38 -3.4e+38 324 345 353 356 367 337 354 356 369 378 389 397 400 402 405 408 409 410 412 410 410 414 416 418 419 417 418 415 413 419 418 417 413 415 419 417 411 415 423 412 425 426 425 423 417 418 415 401 391 384 392 393 386 388 385 382 380 375 373 388 361 344 358 359
-3.4e+38 -3.4e+38 -3.4e+38 -3.4e+38 -3.4e+38 332 344 351 358 366 349 357 351 366 378 387 388 395 402 403 405 408 409 412 413 415 415 414 418 419 417 419 420 416 413 418 413 418 412 427 423 424 409 419 424 425 427 424 414 417 417 413 410 398 383 377 390 394 386 384 380 378 375 372 368 347 344 338 369
-3.4e+38 -3.4e+38 -3.4e+38 -3.4e+38 -3.4e+38 334 341 345 359 322 349 359 368 374 364 380 389 380 380 396 396 406 409 410 412 414 417 418 416 419 419 418 419 418 413 418 420 419 420 420 425 428 427 413 423 423 425 425 419 420 413 411 407 404 403 400 397 374 371 383 381 377 370 368 359 339 328 335 368
-3.4e+38 -3.4e+38 -3.4e+38 -3.4e+38 -3.4e+38 -3.4e+38 333 348 354 325 346 354 368 378 379 382 389 392 396 381 390 397 404 401 406 409 414 416 415 415 415 411 417 419 419 418 419 420 420 421 423 421 428 426 423 422 424 423 419 419 405 409 404 402 392 396 395 379 370 379 375 376 368 365 345 337 327 352 345
-3.4e+38 -3.4e+38 -3.4e+38 -3.4e+38 -3.4e+38 320 336 344 333 344 358 367 372 376 385 387 388 392 398 397 391 389 394 395 393 395 399 403 405 410 411 410 417 414 417 417 416 414 418 413 417 419 423 425 425 427 423 420 418 421 402 416 410 401 398 381 386 375 371 390 370 367 363 343 342 335 324 358 361
-3.4e+38 -3.4e+38 -3.4e+38 -3.4e+38 -3.4e+38 323 326 342 329 330 360 368 374 381 386 389 392 392 395 399 401 393 390 396 398 401 401 401 401 403 405 408 410 415 416 413 410 412 413 407 410 411 415 419 420 420 421 418 417 416 415 403 408 407 392 374 382 392 392 387 386 381 346 341 331 328 357 359 357
-3.4e+38 -3.4e+38 -3.4e+38 -3.4e+38 -3.4e+38 316 322 336 319 325 354 359 355 367 381 386 391 393 394 399 399 401 397 394 395 396 399 399 400 397 397 407 407 410 413 410 395 402 403 407 410 415 416 417 419 419 419 412 415 414 416 400 392 407 400 398 390 392 390 388 381 347 347 338 325 318 342 345 351
-3.4e+38 -3.4e+38 -3.4e+38 -3.4e+38 -3.4e+38 -3.4e+38 317 334 331 330 340 354 352 368 378 380 389 394 395 396 402 402 402 401 396 396 397 397 400 400 398 399 400 402 405 409 401 398 401 404 406 408 413 413 414 415 414 413 413 413 412 415 407 407 402 395 390 393 380 388 382 342 326 331 324 306 327 339 352
-3.4e+38 -3.4e+38 -3.4e+38 -3.4e+38 -3.4e+38 -3.4e+38 310 326 343 346 337 348 361 370 377 383 387 390 397 396 399 404 405 403 393 397 398 398 399 399 399 396 398 395 401 405 405 403 396 401 397 402 405 406 410 412 411 406 411 410 408 407 411 407 402 398 396 393 388 354 366 356 326 323 314 346 353 351 348
-3.4e+38 -3.4e+38 -3.4e+38 -3.4e+38 -3.4e+38 -3.4e+38 310 316 327 323 291 342 346 360 370 374 384 391 396 396 398 402 404 403 401 396 396 396 394 393 393 395 391 393 396 396 400 399 398 394 397 399 401 401 407 408 408 409 406 401 403 396 404 407 399 394 397 392 373 332 338 334 335 314 360 355 349 338 347
-3.4e+38 -3.4e+38 -3.4e+38 -3.4e+38 -3.4e+38 -3.4e+38 -3.4e+38 317 334 316 333 341 347 352 350 364 367 383 392 397 399 400 404 405 404 402 398 399 398 391 390 391 392 391 394 397 398 395 392 393 392 399 401 405 407 409 409 410 406 388 401 407 402 405 400 385 395 372 346 319 364 349 335 361 356 354 345 344 -3.4e+38
-3.4e+38 -3.4e+38 -3.4e+38 -3.4e+38 -3.4e+38 -3.4e+38 -3.4e+38 322 332 342 326 316 346 353 358 359 374 381 387 393 398 400 402 404 402 403 398 398 401 401 397 394 390 390 388 393 397 395 389 392 397 402 406 408 408 409 412 410 411 406 406 407 398 403 400 398 375 371 346 359 359 362 355 361 357 353 348 -3.4e+38 -3.4e+38
-3.4e+38 -3.4e+38 -3.4e+38 -3.4e+38 -3.4e+38 -3.4e+38 -3.4e+38 317 325 331 327 329 349 346 357 360 367 380 386 391 394 398 401 403 403 402 400 401 399 401 404 395 401 387 395 385 391 392 390 398 402 406 408 409 412 411 412 412 411 408 398 405 399 394 393 387 373 386 377 373 361 341 359 350 359 -3.4e+38 -3.4e+38 -3.4e+38 -3.4e+38
-3.4e+38 -3.4e+38 -3.4e+38 -3.4e+38 -3.4e+38 -3.4e+38 -3.4e+38 320 329 341 309 326 349 357 363 360 361 374 376 383 387 394 395 398 402 401 402 402 400 400 404 403 402 400 396 386 391 394 391 395 399 406 407 410 412 411 412 412 411 409 407 402 397 390 387 387 382 385 380 373 374 371 368 -3.4e+38 -3.4e+38 -3.4e+38 -3.4e+38 -3.4e+38 -3.4e+38
-3.4e+38 -3.4e+38 -3.4e+38 -3.4e+38 -3.4e+38 -3.4e+38 -3.4e+38 -3.4e+38 323 336 313 339 341 358 365 368 364 366 369 368 380 388 387 394 396 398 401 402 400 403 399 398 399 390 392 390 386 389 385 391 390 408 411 412 413 414 412 412 411 408 407 403 396 393 387 387 385 381 380 376 373 372 -3.4e+38 -3.4e+38 -3.4e+38 -3.4e+38 -3.4e+38 -3.4e+38 -3.4e+38
-3.4e+38 -3.4e+38 -3.4e+38 -3.4e+38 -3.4e+38 -3.4e+38 -3.4e+38 -3.4e+38 324 336 337 333 349 358 365 371 361 369 369 363 367 378 386 389 389 388 393 393 394 401 398 392 386 391 397 387 391 392 390 393 399 407 410 414 414 414 414 411 412 409 405 397 396 390 387 385 382 381 378 376 373 371 -3.4e+38 -3.4e+38 -3.4e+38 -3.4e+38 -3.4e+38 -3.4e+38 -3.4e+38
-3.4e+38 -3.4e+38 -3.4e+38 -3.4e+38 -3.4e+38 -3.4e+38 -3.4e+38 -3.4e+38 328 335 338 329 347 358 361 369 366 368 363 364 357 368 376 379 381 383 388 390 392 396 401 397 399 395 398 390 393 395 393 398 403 406 410 414 416 414 415 412 407 406 403 389 393 390 388 384 381 377 375 373 370 367 -3.4e+38 -3.4e+38 -3.4e+38 -3.4e+38 -3.4e+38 -3.4e+38 -3.4e+38
-3.4e+38 -3.4e+38 -3.4e+38 -3.4e+38 -3.4e+38 -3.4e+38 -3.4e+38 -3.4e+38 330 334 346 320 345 352 360 365 366 365 364 362 362 360 362 368 371 379 377 388 390 396 396 399 401 401 401 400 398 393 397 396 400 407 413 411 417 412 410 407 405 405 402 399 395 390 384 380 376 373 371 369 367 365 -3.4e+38 -3.4e+38 -3.4e+38 -3.4e+38 -3.4e+38 -3.4e+38 -3.4e+38
-3.4e+38 -3.4e+38 -3.4e+38 -3.4e+38 -3.4e+38 -3.4e+38 -3.4e+38 -3.4e+38 329 334 342 329 342 349 354 355 355 353 353 351 356 360 362 367 366 373 376 385 391 390 394 399 399 400 400 402 398 393 394 393 395 386 401 403 407 406 405 403 402 399 397 394 391 385 378 374 372 369 368 366 -3.4e+38 -3.4e+38 -3.4e+38 -3.4e+38 -3.4e+38 -3.4e+38 -3.4e+38 -3.4e+38 -3.4e+38
-3.4e+38 -3.4e+38 -3.4e+38 -3.4e+38 -3.4e+38 -3.4e+38 -3.4e+38 -3.4e+38 -3.4e+38 329 341 313 334 338 348 350 353 355 347 349 353 354 358 364 370 369 378 375 373 378 386 392 396 395 399 403 399 398 398 390 366 376 402 401 395 403 400 399 397 394 393 389 385 378 371 -3.4e+38 -3.4e+38 -3.4e+38 -3.4e+38 -3.4e+38 -3.4e+38 -3.4e+38 -3.4e+38 -3.4e+38 -3.4e+38 -3.4e+38 -3.4e+38 -3.4e+38 -3.4e+38
-3.4e+38 -3.4e+38 -3.4e+38 -3.4e+38 -3.4e+38 -3.4e+38 -3.4e+38 -3.4e+38 -3.4e+38 328 339 340 328 335 342 345 344 352 342 341 347 349 352 363 365 367 368 370 378 378 382 385 388 390 392 399 401 403 396 393 386 391 364 399 401 400 400 396 395 392 389 385 380 374 368 -3.4e+38 -3.4e+38 -3.4e+38 -3.4e+38 -3.4e+38 -3.4e+38 -3.4e+38 -3.4e+38 -3.4e+38 -3.4e+38 -3.4e+38 -3.4e+38 -3.4e+38 -3.4e+38
-3.4e+38 -3.4e+38 -3.4e+38 -3.4e+38 -3.4e+38 -3.4e+38 -3.4e+38 -3.4e+38 -3.4e+38 327 336 343 318 334 336 327 336 340 347 338 352 353 359 354 361 362 366 371 372 375 375 376 379 386 390 396 399 403 402 400 378 380 401 401 401 398 395 393 390 388 385 382 377 372 -3.4e+38 -3.4e+38 -3.4e+38 -3.4e+38 -3.4e+38 -3.4e+38 -3.4e+38 -3.4e+38 -3.4e+38 -3.4e+38 -3.4e+38 -3.4e+38 -3.4e+38 -3.4e+38 -3.4e+38
-3.4e+38 -3.4e+38 -3.4e+38 -3.4e+38 -3.4e+38 -3.4e+38 -3.4e+38 -3.4e+38 -3.4e+38 -3.4e+38 330 341 346 323 329 341 345 347 346 349 354 358 360 360 355 360 366 371 373 371 365 360 364 375 381 391 395 396 399 400 374 377 391 400 397 396 393 390 386 385 -3.4e+38 -3.4e+38 -3.4e+38 371 -3.4e+38 -3.4e+38 -3.4e+38 -3.4e+38 -3.4e+38 -3.4e+38 -3.4e+38 -3.4e+38 -3.4e+38 -3.4e+38 -3.4e+38 -3.4e+38 -3.4e+38 -3.4e+38 -3.4e+38
-3.4e+38 -3.4e+38 -3.4e+38 -3.4e+38 -3.4e+38 -3.4e+38 -3.4e+38 -3.4e+38 -3.4e+38 -3.4e+38 332 340 330 345 327 336 339 343 348 352 357 360 360 361 363 360 369 372 371 369 360 352 357 366 376 385 379 389 400 399 361 397 398 396 394 393 391 386 384 -3.4e+38 -3.4e+38 -3.4e+38 -3.4e+38 -3.4e+38 -3.4e+38 -3.4e+38 -3.4e+38 -3.4e+38 -3.4e+38 -3.4e+38 -3.4e+38 -3.4e+38 -3.4e+38 -3.4e+38 -3.4e+38 -3.4e+38 -3.4e+38 -3.4e+38 -3.4e+38
-3.4e+38 -3.4e+38 -3.4e+38 -3.4e+38 -3.4e+38 -3.4e+38 -3.4e+38 -3.4e+38 -3.4e+38 -3.4e+38 -3.4e+38 336 342 332 328 329 342 340 342 352 356 356 362 363 366 367 368 376 372 368 363 355 358 360 370 379 380 395 399 398 390 393 388 395 395 393 390 387 384 -3.4e+38 -3.4e+38 -3.4e+38 -3.4e+38 -3.4e+38 -3.4e+38 -3.4e+38 -3.4e+38 -3.4e+38 -3.4e+38 -3.4e+38 -3.4e+38 -3.4e+38 -3.4e+38 -3.4e+38 -3.4e+38 -3.4e+38 -3.4e+38 -3.4e+38 -3.4e+38
-3.4e+38 -3.4e+38 -3.4e+38 -3.4e+38 -3.4e+38 -3.4e+38 -3.4e+38 -3.4e+38 -3.4e+38 -3.4e+38 -3.4e+38 -3.4e+38 338 321 326 338 339 338 347 348 354 355 359 367 369 370 370 368 374 371 369 364 362 368 366 373 387 396 399 399 377 396 364 393 394 393 390 387 385 -3.4e+38 -3.4e+38 -3.4e+38 -3.4e+38 -3.4e+38 -3.4e+38 -3.4e+38 -3.4e+38 -3.4e+38 -3.4e+38 -3.4e+38 -3.4e+38 -3.4e+38 -3.4e+38 -3.4e+38 -3.4e+38 -3.4e+38 -3.4e+38 -3.4e+38 -3.4e+38
-3.4e+38 -3.4e+38 -3.4e+38 -3.4e+38 -3.4e+38 -3.4e+38 -3.4e+38 -3.4e+38 -3.4e+38 -3.4e+38 -3.4e+38 -3.4e+38 332 327 321 347 340 340 341 343 349 358 363 367 367 368 367 368 368 374 372 368 366 377 381 387 388 396 399 399 369 397 368 394 395 393 392 389 -3.4e+38 -3.4e+38 -3.4e+38 -3.4e+38 -3.4e+38 -3.4e+38 -3.4e+38 -3.4e+38 -3.4e+38 -3.4e+38 -3.4e+38 -3.4e+38 -3.4e+38 -3.4e+38 -3.4e+38 -3.4e+38 -3.4e+38 -3.4e+38 -3.4e+38 -3.4e+38 -3.4e+38
