EcoCrop/data/climate/tmax_10.asc
NCOLS 660 
NROWS 360 
XLLCORNER -20 
YLLCORNER -30 
CELLSIZE 0.1666667 
NODATA_value -3.4e+38 
[rows 60 to 89 of 360, columns 552 to 620 of 660]
-3.4e+38 -3.4e+38 -3.4e+38 -3.4e+38 320 321 322 306 294 291 307 310 311 317 320 320 319 320 319 316 312 313 315 313 313 310 314 313 310 311 315 313 309 322 320 323 318 323 315 316 316 319 321 319 315 318 318 316 315 310 309 308 307 306 302 296 290 290 289 288 288 292 308 309 311 312 311 295 303
-3.4e+38 -3.4e+38 -3.4e+38 -3.4e+38 320 323 325 321 311 304 309 286 306 313 318 322 322 321 323 321 315 318 319 318 318 316 312 315 317 314 315 313 315 312 322 318 303 317 318 321 322 320 318 318 317 316 319 318 315 310 311 310 297 289 290 294 291 290 290 290 287 291 298 301 309 311 300 284 299
-3.4e+38 -3.4e+38 -3.4e+38 -3.4e+38 319 321 324 325 324 320 296 299 309 314 316 320 320 323 323 323 320 320 320 318 318 319 320 318 319 317 316 317 317 315 316 314 312 314 315 316 309 305 306 309 318 318 319 319 319 313 314 305 288 296 290 282 291 290 290 290 289 291 289 296 309 310 272 291 252
-3.4e+38 -3.4e+38 -3.4e+38 -3.4e+38 -3.4e+38 306 325 327 324 329 287 299 296 304 308 318 322 321 321 322 324 324 323 323 320 318 321 321 321 321 319 317 315 312 316 314 314 309 310 313 311 305 308 316 305 318 320 319 319 315 315 314 302 292 286 295 297 292 294 293 291 292 288 289 307 283 270 285 290
-3.4e+38 -3.4e+38 -3.4e+38 -3.4e+38 -3.4e+38 319 325 327 326 328 300 303 290 301 309 315 312 317 321 320 320 322 322 322 322 323 321 318 320 321 318 320 320 316 311 315 310 314 307 322 317 318 304 313 318 319 321 320 311 315 316 313 311 300 287 282 296 302 295 294 291 291 291 290 289 271 271 269 305
-3.4e+38 -3.4e+38 -3.4e+38 -3.4e+38 -3.4e+38 321 324 320 329 278 300 305 310 309 296 307 312 301 300 313 312 320 321 320 321 321 323 323 320 321 321 318 321 318 311 316 318 316 316 317 322 323 322 308 318 319 322 322 318 319 314 313 310 308 308 306 303 283 281 294 294 294 289 289 283 266 258 270 308
-3.4e+38 -3.4e+38 -3.4e+38 -3.4e+38 -3.4e+38 -3.4e+38 316 323 324 281 297 300 310 315 310 311 313 313 315 299 305 312 316 313 317 317 321 322 319 319 318 313 318 319 318 318 318 317 320 318 320 318 324 323 319 319 322 322 318 320 306 312 308 307 299 303 304 290 283 293 290 294 289 290 271 267 262 292 287
-3.4e+38 -3.4e+38 -3.4e+38 -3.4e+38 -3.4e+38 309 320 322 297 301 309 313 313 313 318 316 313 315 318 315 307 304 307 307 304 305 308 309 311 315 315 312 318 316 318 318 316 314 317 312 315 317 321 322 322 325 322 321 320 324 307 319 315 307 306 290 297 288 285 307 288 288 287 269 271 270 260 303 309
-3.4e+38 -3.4e+38 -3.4e+38 -3.4e+38 -3.4e+38 314 309 321 294 287 311 315 315 319 319 319 318 316 316 318 318 309 304 309 309 310 310 308 308 310 310 312 314 317 318 315 312 313 315 308 311 311 315 319 321 321 322 320 320 320 320 309 314 315 302 285 295 307 309 307 309 307 273 271 263 263 301 307 309
-3.4e+38 -3.4e+38 -3.4e+38 -3.4e+38 -3.4e+38 307 307 315 283 281 308 305 297 305 315 318 319 318 315 319 316 317 312 307 307 307 309 309 308 304 303 313 312 314 316 314 300 306 306 310 313 317 319 319 321 322 322 316 319 319 322 306 301 316 312 311 306 309 310 309 307 275 276 270 260 256 287 295 306
-3.4e+38 -3.4e+38 -3.4e+38 -3.4e+38 -3.4e+38 -3.4e+38 302 316 300 288 293 303 296 307 313 311 318 319 318 316 321 320 316 316 309 308 307 308 309 309 306 306 307 307 312 314 306 304 306 309 311 313 318 318 319 320 319 318 318 320 320 323 318 318 316 310 307 313 302 312 310 271 258 267 262 248 273 291 311
-3.4e+38 -3.4e+38 -3.4e+38 -3.4e+38 -3.4e+38 -3.4e+38 295 307 318 313 292 297 306 312 313 315 316 316 320 317 319 322 321 318 308 311 309 310 310 309 308 304 306 303 308 312 312 310 303 308 305 308 311 312 317 319 319 314 318 317 316 317 323 319 315 315 314 314 311 281 295 289 261 262 255 296 310 312 310
-3.4e+38 -3.4e+38 -3.4e+38 -3.4e+38 -3.4e+38 -3.4e+38 298 297 301 285 244 294 290 301 308 308 315 318 320 318 318 321 322 319 316 312 310 310 306 304 304 305 300 302 306 305 309 308 307 303 306 307 310 310 315 317 317 318 314 311 312 308 316 320 316 312 318 315 298 261 267 268 273 254 310 310 310 299 311
-3.4e+38 -3.4e+38 -3.4e+38 -3.4e+38 -3.4e+38 -3.4e+38 -3.4e+38 300 313 278 292 293 294 293 287 298 298 312 318 321 322 319 322 323 319 318 312 312 312 304 304 303 303 302 304 307 308 306 303 304 304 309 311 315 317 318 318 319 316 299 313 318 317 321 317 305 317 296 273 250 297 285 274 308 308 312 308 312 -3.4e+38
-3.4e+38 -3.4e+38 -3.4e+38 -3.4e+38 -3.4e+38 -3.4e+38 -3.4e+38 308 311 314 285 267 294 296 296 294 307 310 315 317 321 321 322 322 321 320 315 314 316 315 311 308 303 302 300 304 308 307 302 304 309 312 316 319 319 319 321 320 321 318 318 320 313 319 318 318 297 297 274 290 294 300 297 310 310 312 312 -3.4e+38 -3.4e+38
-3.4e+38 -3.4e+38 -3.4e+38 -3.4e+38 -3.4e+38 -3.4e+38 -3.4e+38 302 304 302 288 283 299 290 297 298 300 311 314 316 317 320 323 323 323 320 317 318 316 316 318 309 315 299 307 299 304 306 304 311 312 317 318 320 322 322 323 324 322 320 312 318 315 312 314 309 297 313 307 306 298 279 302 297 312 -3.4e+38 -3.4e+38 -3.4e+38 -3.4e+38
-3.4e+38 -3.4e+38 -3.4e+38 -3.4e+38 -3.4e+38 -3.4e+38 -3.4e+38 306 309 316 268 280 299 302 303 298 295 306 307 311 313 318 317 320 323 321 321 321 318 317 319 318 316 314 309 300 305 307 305 307 311 318 318 321 322 323 323 324 323 322 320 317 315 309 308 310 308 313 311 307 311 311 312 -3.4e+38 -3.4e+38 -3.4e+38 -3.4e+38 -3.4e+38 -3.4e+38
-3.4e+38 -3.4e+38 -3.4e+38 -3.4e+38 -3.4e+38 -3.4e+38 -3.4e+38 -3.4e+38 303 310 273 295 291 304 305 305 301 301 302 300 308 314 311 317 318 319 321 322 319 320 317 315 314 306 308 304 301 303 300 306 303 320 323 324 324 326 324 324 324 321 322 319 315 313 310 313 312 312 313 311 310 312 -3.4e+38 -3.4e+38 -3.4e+38 -3.4e+38 -3.4e+38 -3.4e+38 -3.4e+38
-3.4e+38 -3.4e+38 -3.4e+38 -3.4e+38 -3.4e+38 -3.4e+38 -3.4e+38 -3.4e+38 305 312 302 290 300 303 306 309 298 305 305 298 301 308 311 314 314 314 316 317 316 320 316 311 304 308 312 303 305 307 304 308 312 320 323 327 326 326 326 324 325 324 321 314 315 311 310 312 312 313 312 312 311 311 -3.4e+38 -3.4e+38 -3.4e+38 -3.4e+38 -3.4e+38 -3.4e+38 -3.4e+38
-3.4e+38 -3.4e+38 -3.4e+38 -3.4e+38 -3.4e+38 -3.4e+38 -3.4e+38 -3.4e+38 309 310 305 287 300 305 304 308 306 307 303 303 296 303 305 309 310 311 315 316 316 318 321 316 317 312 315 306 308 311 307 313 318 319 323 327 329 327 328 327 323 323 320 307 313 313 315 314 313 312 311 311 310 310 -3.4e+38 -3.4e+38 -3.4e+38 -3.4e+38 -3.4e+38 -3.4e+38 -3.4e+38
-3.4e+38 -3.4e+38 -3.4e+38 -3.4e+38 -3.4e+38 -3.4e+38 -3.4e+38 -3.4e+38 309 310 316 279 299 301 306 308 308 307 306 305 303 301 300 302 304 310 309 317 317 319 319 319 320 318 319 317 314 310 313 312 316 321 327 325 331 327 325 324 323 323 321 318 316 315 313 312 312 310 310 310 310 310 -3.4e+38 -3.4e+38 -3.4e+38 -3.4e+38 -3.4e+38 -3.4e+38 -3.4e+38
-3.4e+38 -3.4e+38 -3.4e+38 -3.4e+38 -3.4e+38 -3.4e+38 -3.4e+38 -3.4e+38 308 309 313 290 300 302 303 301 301 301 301 299 302 304 305 305 303 308 309 315 320 318 319 321 320 320 319 320 317 311 311 311 312 304 317 320 323 323 322 321 321 320 318 317 315 313 312 311 310 310 309 309 -3.4e+38 -3.4e+38 -3.4e+38 -3.4e+38 -3.4e+38 -3.4e+38 -3.4e+38 -3.4e+38 -3.4e+38
-3.4e+38 -3.4e+38 -3.4e+38 -3.4e+38 -3.4e+38 -3.4e+38 -3.4e+38 -3.4e+38 -3.4e+38 305 314 277 294 294 301 300 302 304 298 300 302 300 303 306 309 307 313 310 308 310 315 317 318 318 321 323 319 317 316 309 286 296 319 319 314 322 319 320 320 318 318 317 314 313 310 -3.4e+38 -3.4e+38 -3.4e+38 -3.4e+38 -3.4e+38 -3.4e+38 -3.4e+38 -3.4e+38 -3.4e+38 -3.4e+38 -3.4e+38 -3.4e+38 -3.4e+38 -3.4e+38
-3.4e+38 -3.4e+38 -3.4e+38 -3.4e+38 -3.4e+38 -3.4e+38 -3.4e+38 -3.4e+38 -3.4e+38 307 314 309 291 294 299 298 296 303 294 294 298 297 299 306 306 307 306 308 313 315 317 317 318 317 318 323 322 322 316 313 306 311 286 318 320 322 322 320 320 319 317 315 313 312 309 -3.4e+38 -3.4e+38 -3.4e+38 -3.4e+38 -3.4e+38 -3.4e+38 -3.4e+38 -3.4e+38 -3.4e+38 -3.4e+38 -3.4e+38 -3.4e+38 -3.4e+38 -3.4e+38
-3.4e+38 -3.4e+38 -3.4e+38 -3.4e+38 -3.4e+38 -3.4e+38 -3.4e+38 -3.4e+38 -3.4e+38 309 313 316 283 296 294 284 290 293 299 291 303 301 305 299 304 303 306 311 313 317 319 317 319 320 321 323 321 324 322 320 299 301 321 322 323 321 320 320 318 318 317 315 313 311 -3.4e+38 -3.4e+38 -3.4e+38 -3.4e+38 -3.4e+38 -3.4e+38 -3.4e+38 -3.4e+38 -3.4e+38 -3.4e+38 -3.4e+38 -3.4e+38 -3.4e+38 -3.4e+38 -3.4e+38
-3.4e+38 -3.4e+38 -3.4e+38 -3.4e+38 -3.4e+38 -3.4e+38 -3.4e+38 -3.4e+38 -3.4e+38 -3.4e+38 308 316 316 288 290 299 300 301 298 300 303 305 305 304 299 302 308 313 316 318 315 313 314 317 317 320 321 319 321 321 297 300 313 322 321 321 320 320 318 317 -3.4e+38 -3.4e+38 -3.4e+38 311 -3.4e+38 -3.4e+38 -3.4e+38 -3.4e+38 -3.4e+38 -3.4e+38 -3.4e+38 -3.4e+38 -3.4e+38 -3.4e+38 -3.4e+38 -3.4e+38 -3.4e+38 -3.4e+38 -3.4e+38
-3.4e+38 -3.4e+38 -3.4e+38 -3.4e+38 -3.4e+38 -3.4e+38 -3.4e+38 -3.4e+38 -3.4e+38 -3.4e+38 311 316 300 312 289 296 296 298 301 303 305 306 304 304 306 303 311 314 314 316 313 312 311 312 315 318 308 315 323 323 286 320 321 319 319 320 321 318 317 -3.4e+38 -3.4e+38 -3.4e+38 -3.4e+38 -3.4e+38 -3.4e+38 -3.4e+38 -3.4e+38 -3.4e+38 -3.4e+38 -3.4e+38 -3.4e+38 -3.4e+38 -3.4e+38 -3.4e+38 -3.4e+38 -3.4e+38 -3.4e+38 -3.4e+38 -3.4e+38
-3.4e+38 -3.4e+38 -3.4e+38 -3.4e+38 -3.4e+38 -3.4e+38 -3.4e+38 -3.4e+38 -3.4e+38 -3.4e+38 -3.4e+38 313 316 301 293 291 300 296 296 302 303 301 304 306 308 308 309 316 314 313 314 309 310 307 310 314 311 322 324 322 314 316 311 319 321 321 319 320 318 -3.4e+38 -3.4e+38 -3.4e+38 -3.4e+38 -3.4e+38 -3.4e+38 -3.4e+38 -3.4e+38 -3.4e+38 -3.4e+38 -3.4e+38 -3.4e+38 -3.4e+38 -3.4e+38 -3.4e+38 -3.4e+38 -3.4e+38 -3.4e+38 -3.4e+38 -3.4e+38
-3.4e+38 -3.4e+38 -3.4e+38 -3.4e+38 -3.4e+38 -3.4e+38 -3.4e+38 -3.4e+38 -3.4e+38 -3.4e+38 -3.4e+38 -3.4e+38 313 290 292 301 300 296 301 301 301 300 303 310 309 310 310 306 312 312 313 310 308 312 306 309 317 324 324 323 302 319 289 318 320 321 320 320 319 -3.4e+38 -3.4e+38 -3.4e+38 -3.4e+38 -3.4e+38 -3.4e+38 -3.4e+38 -3.4e+38 -3.4e+38 -3.4e+38 -3.4e+38 -3.4e+38 -3.4e+38 -3.4e+38 -3.4e+38 -3.4e+38 -3.4e+38 -3.4e+38 -3.4e+38 -3.4e+38
-3.4e+38 -3.4e+38 -3.4e+38 -3.4e+38 -3.4e+38 -3.4e+38 -3.4e+38 -3.4e+38 -3.4e+38 -3.4e+38 -3.4e+38 -3.4e+38 308 299 289 314 303 300 297 296 299 305 307 310 309 309 307 306 306 311 312 311 309 317 318 318 318 323 325 324 294 320 294 318 320 321 322 320 -3.4e+38 -3.4e+38 -3.4e+38 -3.4e+38 -3.4e+38 -3.4e+38 -3.4e+38 -3.4e+38 -3.4e+38 -3.4e+38 -3.4e+38 -3.4e+38 -3.4e+38 -3.4e+38 -3.4e+38 -3.4e+38 -3.4e+38 -3.4e+38 -3.4e+38 -3.4e+38 -3.4e+38
