EcoCrop/data/climate/tmax_12.asc
NCOLS 660 
NROWS 360 
XLLCORNER -20 
YLLCORNER -30 
CELLSIZE 0.1666667 
NODATA_value -3.4e+38 
[rows 60 to 89 of 360, columns 345 to 413 of 660]
-3.4e+38 -3.4e+38 -3.4e+38 -3.4e+38 -3.4e+38 -3.4e+38 -3.4e+38 -3.4e+38 -3.4e+38 -3.4e+38 -3.4e+38 -3.4e+38 -3.4e+38 -3.4e+38 -3.4e+38 -3.4e+38 -3.4e+38 -3.4e+38 323 322 316 316 292 286 204 215 225 241 242 246 248 244 243 244 248 248 253 251 248 246 242 245 246 248 248 247 244 245 243 242 241 242 242 243 245 246 246 248 248 249 249 250 252 252 253 252 254 255 255
-3.4e+38 -3.4e+38 -3.4e+38 -3.4e+38 -3.4e+38 -3.4e+38 -3.4e+38 -3.4e+38 -3.4e+38 -3.4e+38 -3.4e+38 -3.4e+38 -3.4e+38 -3.4e+38 -3.4e+38 -3.4e+38 -3.4e+38 -3.4e+38 -3.4e+38 -3.4e+38 323 319 292 306 285 231 221 221 234 243 243 235 238 243 242 249 252 249 245 236 244 248 248 249 249 248 243 244 246 244 244 243 244 244 245 246 247 247 248 249 250 251 252 252 253 253 254 255 254
-3.4e+38 -3.4e+38 -3.4e+38 -3.4e+38 -3.4e+38 -3.4e+38 -3.4e+38 -3.4e+38 -3.4e+38 -3.4e+38 -3.4e+38 -3.4e+38 -3.4e+38 -3.4e+38 -3.4e+38 -3.4e+38 -3.4e+38 -3.4e+38 -3.4e+38 -3.4e+38 325 323 320 304 284 287 202 216 235 237 238 242 234 237 248 252 250 246 243 244 246 246 249 250 250 251 243 245 246 246 245 244 245 245 246 247 247 248 249 249 251 252 252 254 253 254 254 256 256
-3.4e+38 -3.4e+38 -3.4e+38 -3.4e+38 -3.4e+38 -3.4e+38 -3.4e+38 -3.4e+38 -3.4e+38 -3.4e+38 -3.4e+38 -3.4e+38 -3.4e+38 -3.4e+38 -3.4e+38 -3.4e+38 -3.4e+38 -3.4e+38 -3.4e+38 -3.4e+38 -3.4e+38 325 323 319 306 298 276 203 210 223 228 235 236 243 248 248 249 243 240 242 245 246 250 250 250 253 246 248 247 247 246 245 245 246 247 247 249 249 251 251 251 253 254 254 254 254 254 255 255
-3.4e+38 -3.4e+38 -3.4e+38 -3.4e+38 -3.4e+38 -3.4e+38 -3.4e+38 -3.4e+38 -3.4e+38 -3.4e+38 -3.4e+38 -3.4e+38 -3.4e+38 -3.4e+38 -3.4e+38 -3.4e+38 -3.4e+38 -3.4e+38 -3.4e+38 -3.4e+38 -3.4e+38 327 326 324 316 289 286 172 200 229 232 234 228 241 236 234 247 232 232 237 245 244 247 249 251 253 246 245 254 249 247 247 247 248 247 249 249 249 252 252 253 254 254 254 255 254 254 257 257
-3.4e+38 -3.4e+38 -3.4e+38 -3.4e+38 -3.4e+38 -3.4e+38 -3.4e+38 -3.4e+38 -3.4e+38 -3.4e+38 -3.4e+38 -3.4e+38 -3.4e+38 -3.4e+38 -3.4e+38 -3.4e+38 -3.4e+38 -3.4e+38 -3.4e+38 -3.4e+38 -3.4e+38 -3.4e+38 327 323 322 290 312 256 202 216 228 228 226 235 241 235 245 240 226 238 247 246 245 250 254 254 248 250 247 248 248 249 248 248 250 249 251 252 252 253 255 254 254 255 255 256 257 255 258
-3.4e+38 -3.4e+38 -3.4e+38 -3.4e+38 -3.4e+38 -3.4e+38 -3.4e+38 -3.4e+38 -3.4e+38 -3.4e+38 -3.4e+38 -3.4e+38 -3.4e+38 -3.4e+38 -3.4e+38 -3.4e+38 -3.4e+38 -3.4e+38 -3.4e+38 -3.4e+38 -3.4e+38 -3.4e+38 327 325 320 321 316 282 185 217 227 221 226 233 236 234 241 238 227 240 244 243 246 252 255 255 248 249 253 251 250 250 249 250 249 250 251 252 253 254 255 254 254 256 255 255 255 256 257
-3.4e+38 -3.4e+38 -3.4e+38 -3.4e+38 -3.4e+38 -3.4e+38 -3.4e+38 -3.4e+38 -3.4e+38 -3.4e+38 -3.4e+38 -3.4e+38 -3.4e+38 -3.4e+38 -3.4e+38 -3.4e+38 -3.4e+38 -3.4e+38 -3.4e+38 -3.4e+38 -3.4e+38 -3.4e+38 327 327 319 314 317 303 176 209 221 218 221 224 228 222 228 238 232 244 242 251 254 256 255 256 247 250 253 253 251 252 252 251 250 251 252 253 254 255 254 256 254 256 256 257 257 256 257
303 301 301 -3.4e+38 -3.4e+38 -3.4e+38 -3.4e+38 -3.4e+38 -3.4e+38 -3.4e+38 -3.4e+38 -3.4e+38 -3.4e+38 -3.4e+38 -3.4e+38 -3.4e+38 -3.4e+38 -3.4e+38 -3.4e+38 -3.4e+38 -3.4e+38 -3.4e+38 -3.4e+38 327 320 309 314 294 208 194 209 217 216 217 222 223 235 236 225 240 251 253 252 257 258 258 259 253 255 254 254 254 253 253 252 253 254 256 256 256 256 255 255 256 257 256 257 257 258
303 300 304 308 -3.4e+38 -3.4e+38 -3.4e+38 -3.4e+38 -3.4e+38 -3.4e+38 -3.4e+38 -3.4e+38 -3.4e+38 -3.4e+38 -3.4e+38 -3.4e+38 -3.4e+38 -3.4e+38 -3.4e+38 -3.4e+38 -3.4e+38 -3.4e+38 -3.4e+38 -3.4e+38 315 309 304 293 271 192 207 212 211 211 213 215 230 220 222 243 251 247 250 257 260 257 256 256 255 256 257 256 255 255 253 254 256 258 256 257 257 255 255 257 257 256 257 258 259
306 306 307 311 -3.4e+38 -3.4e+38 -3.4e+38 -3.4e+38 -3.4e+38 -3.4e+38 -3.4e+38 -3.4e+38 -3.4e+38 -3.4e+38 -3.4e+38 -3.4e+38 -3.4e+38 -3.4e+38 -3.4e+38 -3.4e+38 -3.4e+38 -3.4e+38 -3.4e+38 -3.4e+38 318 309 298 283 261 170 199 208 202 197 198 211 205 206 219 239 244 251 258 262 261 258 256 257 255 257 258 258 258 257 258 257 257 258 256 256 257 254 256 255 258 257 255 257 258
308 292 302 304 310 312 -3.4e+38 -3.4e+38 -3.4e+38 -3.4e+38 -3.4e+38 -3.4e+38 -3.4e+38 -3.4e+38 -3.4e+38 -3.4e+38 -3.4e+38 -3.4e+38 -3.4e+38 -3.4e+38 -3.4e+38 -3.4e+38 -3.4e+38 -3.4e+38 -3.4e+38 319 317 314 291 267 213 198 199 189 196 204 208 206 237 246 251 251 260 262 262 261 261 262 259 259 259 258 260 258 259 259 259 257 258 257 256 255 256 254 256 256 257 256 257
308 292 285 275 293 310 312 -3.4e+38 -3.4e+38 -3.4e+38 -3.4e+38 -3.4e+38 -3.4e+38 -3.4e+38 -3.4e+38 -3.4e+38 -3.4e+38 -3.4e+38 -3.4e+38 -3.4e+38 -3.4e+38 -3.4e+38 -3.4e+38 -3.4e+38 -3.4e+38 321 319 319 314 299 279 240 270 212 185 193 198 208 232 250 255 259 259 263 263 262 263 262 262 261 261 260 259 260 259 260 259 258 257 256 254 255 254 255 255 255 256 254 258
313 300 257 239 260 305 309 -3.4e+38 -3.4e+38 -3.4e+38 -3.4e+38 -3.4e+38 -3.4e+38 -3.4e+38 -3.4e+38 -3.4e+38 -3.4e+38 -3.4e+38 -3.4e+38 -3.4e+38 -3.4e+38 -3.4e+38 -3.4e+38 -3.4e+38 -3.4e+38 -3.4e+38 -3.4e+38 320 317 314 287 294 274 276 211 181 209 232 248 236 250 259 265 265 265 264 264 264 263 263 262 262 261 261 261 259 259 256 255 254 254 253 255 254 253 255 255 257 256
309 301 258 219 255 300 305 309 -3.4e+38 -3.4e+38 -3.4e+38 -3.4e+38 -3.4e+38 -3.4e+38 -3.4e+38 -3.4e+38 -3.4e+38 -3.4e+38 -3.4e+38 -3.4e+38 -3.4e+38 -3.4e+38 -3.4e+38 -3.4e+38 -3.4e+38 -3.4e+38 -3.4e+38 -3.4e+38 319 316 311 297 251 271 230 222 199 226 226 231 259 263 264 265 265 265 264 265 265 263 262 263 261 261 258 260 258 257 254 253 253 252 252 253 254 253 252 252 251
308 301 254 223 231 289 297 305 311 -3.4e+38 -3.4e+38 -3.4e+38 -3.4e+38 -3.4e+38 -3.4e+38 -3.4e+38 -3.4e+38 -3.4e+38 -3.4e+38 -3.4e+38 -3.4e+38 -3.4e+38 -3.4e+38 -3.4e+38 -3.4e+38 -3.4e+38 -3.4e+38 -3.4e+38 -3.4e+38 318 315 311 280 257 199 199 209 221 225 232 238 261 264 263 264 265 265 265 265 264 262 263 262 260 258 258 258 257 252 252 251 251 252 251 252 252 250 247 251
316 298 247 236 231 269 291 301 309 -3.4e+38 -3.4e+38 -3.4e+38 -3.4e+38 -3.4e+38 -3.4e+38 -3.4e+38 -3.4e+38 -3.4e+38 -3.4e+38 -3.4e+38 -3.4e+38 -3.4e+38 -3.4e+38 -3.4e+38 -3.4e+38 -3.4e+38 -3.4e+38 -3.4e+38 -3.4e+38 317 317 316 311 259 279 187 216 231 235 218 234 247 256 262 264 264 262 264 265 264 265 262 262 262 259 257 257 256 250 249 250 250 250 251 246 248 244 246 247
302 299 273 288 260 256 264 302 309 -3.4e+38 -3.4e+38 -3.4e+38 -3.4e+38 -3.4e+38 -3.4e+38 -3.4e+38 -3.4e+38 -3.4e+38 -3.4e+38 -3.4e+38 -3.4e+38 -3.4e+38 -3.4e+38 -3.4e+38 -3.4e+38 -3.4e+38 -3.4e+38 -3.4e+38 -3.4e+38 -3.4e+38 317 315 311 306 276 218 216 217 220 222 223 253 235 248 258 261 263 263 264 265 263 264 263 260 257 258 257 255 247 248 248 248 248 249 246 242 242 245 242
318 288 265 289 229 231 273 294 307 -3.4e+38 -3.4e+38 -3.4e+38 -3.4e+38 -3.4e+38 -3.4e+38 -3.4e+38 -3.4e+38 -3.4e+38 -3.4e+38 -3.4e+38 -3.4e+38 -3.4e+38 -3.4e+38 -3.4e+38 -3.4e+38 -3.4e+38 312 -3.4e+38 -3.4e+38 -3.4e+38 317 316 314 306 245 211 201 223 219 229 224 222 236 233 258 259 261 262 262 264 263 261 260 259 257 258 255 253 247 246 245 246 246 247 248 238 240 239 238
304 314 299 265 247 178 234 262 307 310 -3.4e+38 -3.4e+38 -3.4e+38 -3.4e+38 -3.4e+38 -3.4e+38 -3.4e+38 -3.4e+38 -3.4e+38 -3.4e+38 -3.4e+38 -3.4e+38 -3.4e+38 -3.4e+38 -3.4e+38 -3.4e+38 310 310 -3.4e+38 -3.4e+38 -3.4e+38 314 313 308 301 214 218 210 236 224 207 215 230 232 248 256 257 260 262 259 264 261 260 259 256 256 253 250 245 242 244 244 245 247 238 245 236 236 236
310 294 291 297 277 205 267 293 302 310 -3.4e+38 -3.4e+38 -3.4e+38 -3.4e+38 -3.4e+38 -3.4e+38 -3.4e+38 -3.4e+38 -3.4e+38 -3.4e+38 -3.4e+38 -3.4e+38 -3.4e+38 -3.4e+38 -3.4e+38 -3.4e+38 -3.4e+38 -3.4e+38 -3.4e+38 -3.4e+38 -3.4e+38 313 311 310 304 266 246 243 229 238 248 229 217 230 239 248 251 257 258 261 262 258 256 254 253 254 252 247 241 240 242 235 234 235 238 236 239 235 233
306 285 298 277 217 194 274 289 302 307 -3.4e+38 -3.4e+38 -3.4e+38 -3.4e+38 -3.4e+38 -3.4e+38 -3.4e+38 -3.4e+38 -3.4e+38 -3.4e+38 -3.4e+38 -3.4e+38 -3.4e+38 -3.4e+38 -3.4e+38 -3.4e+38 -3.4e+38 -3.4e+38 -3.4e+38 -3.4e+38 -3.4e+38 -3.4e+38 311 308 302 286 259 249 222 240 240 251 243 234 240 246 251 255 256 259 258 256 256 253 253 253 250 246 238 238 241 229 233 234 231 231 232 229 234
307 305 260 255 288 262 264 277 304 307 -3.4e+38 -3.4e+38 -3.4e+38 -3.4e+38 -3.4e+38 -3.4e+38 -3.4e+38 -3.4e+38 -3.4e+38 -3.4e+38 -3.4e+38 -3.4e+38 -3.4e+38 -3.4e+38 -3.4e+38 -3.4e+38 -3.4e+38 -3.4e+38 -3.4e+38 -3.4e+38 -3.4e+38 -3.4e+38 310 308 303 282 254 234 224 237 243 261 262 264 261 240 257 256 256 258 258 260 259 257 256 254 252 248 242 232 229 229 230 232 231 230 231 232 233
333 327 282 266 268 250 278 279 302 304 -3.4e+38 -3.4e+38 -3.4e+38 -3.4e+38 -3.4e+38 303 -3.4e+38 -3.4e+38 -3.4e+38 -3.4e+38 -3.4e+38 -3.4e+38 -3.4e+38 -3.4e+38 -3.4e+38 -3.4e+38 -3.4e+38 -3.4e+38 -3.4e+38 -3.4e+38 -3.4e+38 -3.4e+38 308 307 294 250 263 233 218 213 224 259 259 265 266 265 264 263 258 260 259 260 261 260 259 257 254 251 250 251 252 226 235 231 249 248 233 235 234
338 333 323 273 269 286 261 233 281 305 307 -3.4e+38 -3.4e+38 -3.4e+38 -3.4e+38 -3.4e+38 -3.4e+38 -3.4e+38 -3.4e+38 -3.4e+38 -3.4e+38 -3.4e+38 -3.4e+38 -3.4e+38 -3.4e+38 -3.4e+38 -3.4e+38 -3.4e+38 -3.4e+38 -3.4e+38 -3.4e+38 -3.4e+38 306 305 292 255 277 263 184 210 212 247 229 262 265 266 267 266 265 264 263 261 260 261 261 259 257 255 255 257 256 252 250 248 235 232 252 248 238
343 339 331 314 314 297 263 254 281 309 306 305 -3.4e+38 -3.4e+38 -3.4e+38 302 -3.4e+38 -3.4e+38 -3.4e+38 305 -3.4e+38 -3.4e+38 -3.4e+38 -3.4e+38 -3.4e+38 -3.4e+38 -3.4e+38 -3.4e+38 -3.4e+38 -3.4e+38 -3.4e+38 305 305 305 299 294 227 228 183 191 193 212 214 258 262 264 265 266 265 264 263 262 260 259 260 258 257 254 254 254 256 255 254 254 238 248 237 238 238
346 346 344 334 323 312 280 228 236 305 306 304 -3.4e+38 -3.4e+38 -3.4e+38 306 -3.4e+38 305 -3.4e+38 -3.4e+38 -3.4e+38 -3.4e+38 -3.4e+38 -3.4e+38 -3.4e+38 -3.4e+38 -3.4e+38 -3.4e+38 -3.4e+38 -3.4e+38 -3.4e+38 303 304 304 299 294 240 196 188 191 208 199 194 223 249 259 259 264 263 262 261 261 259 259 259 258 256 257 255 255 244 240 251 251 233 237 235 236 236
342 345 341 335 326 317 296 228 214 275 297 297 294 -3.4e+38 307 -3.4e+38 -3.4e+38 -3.4e+38 -3.4e+38 -3.4e+38 -3.4e+38 -3.4e+38 -3.4e+38 -3.4e+38 -3.4e+38 -3.4e+38 -3.4e+38 -3.4e+38 -3.4e+38 -3.4e+38 301 -3.4e+38 303 304 298 261 231 219 193 196 204 180 183 224 243 247 262 262 262 261 259 259 258 258 258 258 257 248 245 224 237 245 225 234 229 237 232 234 236
338 331 335 331 329 317 282 237 226 238 278 304 312 -3.4e+38 311 -3.4e+38 310 -3.4e+38 -3.4e+38 -3.4e+38 -3.4e+38 -3.4e+38 -3.4e+38 -3.4e+38 -3.4e+38 -3.4e+38 -3.4e+38 -3.4e+38 -3.4e+38 -3.4e+38 -3.4e+38 302 303 303 302 291 279 265 214 179 206 198 211 221 249 259 259 260 258 258 258 257 257 258 257 256 254 247 236 217 218 220 238 222 223 222 225 228 232
322 325 326 315 318 310 293 253 251 242 250 241 278 317 307 312 -3.4e+38 -3.4e+38 -3.4e+38 -3.4e+38 -3.4e+38 -3.4e+38 -3.4e+38 -3.4e+38 -3.4e+38 -3.4e+38 -3.4e+38 -3.4e+38 -3.4e+38 -3.4e+38 -3.4e+38 -3.4e+38 304 304 303 300 273 225 244 240 180 206 220 237 227 245 227 251 256 256 257 256 256 255 254 254 248 207 216 221 217 218 215 213 217 222 214 217 218
