EcoCrop/data/climate/tmax_1.asc
NCOLS 660 
NROWS 360 
XLLCORNER -20 
YLLCORNER -30 
CELLSIZE 0.1666667 
NODATA_value -3.4e+38 
[rows 330 to 359 of 360, columns 207 to 275 of 660]
-3.4e+38 -3.4e+38 229 234 238 243 246 254 259 262 264 269 269 282 291 298 315 323 326 323 328 332 334 336 339 341 340 341 341 342 343 344 344 346 348 350 349 350 349 349 348 348 347 346 345 344 344 343 342 341 341 340 339 337 335 333 331 330 327 325 323 320 317 312 306 310 314 315 315
-3.4e+38 -3.4e+38 227 230 236 240 243 242 249 264 268 261 265 279 279 297 305 318 322 319 325 331 333 336 339 341 342 342 344 344 344 346 347 348 349 350 352 352 352 351 350 349 348 347 347 347 346 344 344 343 342 341 339 338 335 333 332 330 328 326 325 321 317 313 309 307 306 310 314
-3.4e+38 -3.4e+38 227 226 231 236 246 244 244 263 259 273 276 276 278 288 303 315 322 324 329 331 335 337 340 342 344 344 346 347 347 347 349 350 351 352 354 353 354 353 352 351 350 349 348 348 346 347 345 344 344 342 340 337 336 334 333 331 329 327 324 321 318 315 311 305 305 299 308
-3.4e+38 -3.4e+38 224 225 227 233 238 250 256 264 259 252 261 276 278 289 305 316 323 328 332 335 336 340 341 343 345 346 347 348 348 349 349 350 352 354 354 354 354 353 352 352 351 350 350 348 347 347 346 345 344 341 340 338 335 333 333 331 329 327 325 323 319 315 313 308 305 301 297
-3.4e+38 -3.4e+38 219 222 225 231 239 249 255 258 264 267 264 278 290 289 302 316 325 331 335 339 339 342 343 344 347 348 349 349 349 350 350 351 352 354 354 356 354 354 353 352 352 351 350 349 349 348 347 346 345 342 339 336 334 332 331 331 329 329 325 322 319 318 315 312 308 303 295
-3.4e+38 -3.4e+38 218 219 223 229 235 242 252 260 255 255 263 278 293 296 305 317 326 333 339 343 345 345 346 347 349 351 350 350 351 351 352 352 354 355 355 356 356 354 354 353 352 351 351 350 348 350 348 347 344 341 339 335 331 329 329 330 328 327 324 323 319 316 313 312 308 302 292
-3.4e+38 -3.4e+38 -3.4e+38 217 221 226 234 242 249 253 244 271 265 280 294 301 305 317 326 338 343 346 347 348 349 350 350 350 351 352 352 352 352 353 355 355 356 357 356 354 354 353 352 351 351 351 350 350 349 346 343 340 339 336 332 328 328 329 328 326 323 321 319 317 314 307 304 297 288
-3.4e+38 -3.4e+38 -3.4e+38 216 218 226 236 240 252 261 264 271 277 273 295 306 308 319 327 340 345 345 346 347 348 351 352 352 352 353 352 353 353 354 355 356 357 357 356 355 353 352 352 351 351 350 350 350 348 345 342 338 339 337 335 333 329 326 325 324 320 318 318 316 312 307 303 298 291
-3.4e+38 -3.4e+38 -3.4e+38 -3.4e+38 218 221 232 241 246 247 263 271 279 273 294 311 311 321 331 343 345 347 344 349 348 354 354 353 352 352 353 353 354 355 355 356 357 356 355 354 353 353 351 350 350 350 350 348 347 344 342 337 338 335 333 330 328 324 322 322 317 314 314 312 309 303 302 297 293
-3.4e+38 -3.4e+38 -3.4e+38 -3.4e+38 216 221 228 236 244 252 248 262 255 270 291 309 318 322 330 344 342 352 353 350 356 356 354 351 353 353 353 353 354 355 355 357 357 356 356 355 354 351 351 349 349 350 348 347 345 344 341 339 337 334 332 328 324 319 316 317 315 315 314 309 307 304 304 300 292
-3.4e+38 -3.4e+38 -3.4e+38 -3.4e+38 213 218 223 231 235 235 241 245 263 273 286 302 315 322 330 343 347 352 356 358 356 354 354 351 350 352 350 352 354 359 359 356 357 356 356 354 353 353 352 350 349 349 348 346 346 342 341 337 335 332 329 327 324 317 315 316 319 318 317 312 307 306 305 299 295
-3.4e+38 -3.4e+38 -3.4e+38 -3.4e+38 212 216 225 230 233 242 248 255 260 271 281 301 314 323 330 341 349 353 351 349 353 341 345 348 349 352 353 356 356 358 359 356 358 355 355 353 352 352 351 350 350 348 346 343 343 343 340 334 330 328 329 329 321 316 317 318 319 323 319 315 308 307 306 301 295
-3.4e+38 -3.4e+38 -3.4e+38 -3.4e+38 -3.4e+38 213 218 228 233 242 250 257 262 268 279 297 312 321 327 340 346 341 335 340 343 326 326 343 346 352 356 355 356 359 358 356 355 355 354 353 352 351 351 349 348 346 342 339 338 338 341 338 332 328 321 319 322 314 313 318 323 324 322 312 308 310 306 305 304
-3.4e+38 -3.4e+38 -3.4e+38 -3.4e+38 -3.4e+38 213 218 221 229 240 248 256 263 264 272 292 310 316 327 336 342 318 333 336 330 311 323 333 347 353 357 356 355 357 355 356 354 354 353 352 350 349 347 346 344 344 341 334 329 335 338 332 326 324 322 316 314 310 310 315 318 325 313 314 314 309 311 309 307
-3.4e+38 -3.4e+38 -3.4e+38 -3.4e+38 -3.4e+38 214 217 219 228 235 243 251 262 268 262 290 304 317 316 336 338 329 334 322 314 304 334 332 345 354 355 356 357 357 355 354 354 353 351 350 348 347 346 344 342 341 339 333 329 333 335 331 320 319 316 312 310 310 312 315 320 326 317 318 311 314 315 313 310
-3.4e+38 -3.4e+38 -3.4e+38 -3.4e+38 -3.4e+38 -3.4e+38 215 219 227 234 240 249 257 261 260 278 277 309 329 329 324 322 320 324 321 325 336 339 341 352 355 356 357 355 356 355 352 351 350 348 347 346 344 343 341 340 337 334 329 331 332 328 321 299 312 308 308 311 314 316 321 331 319 316 316 319 319 315 310
-3.4e+38 -3.4e+38 -3.4e+38 -3.4e+38 -3.4e+38 -3.4e+38 216 219 227 233 241 247 254 258 258 277 300 308 332 328 313 322 329 333 334 334 339 338 345 352 352 354 356 355 353 354 351 351 349 348 346 344 343 341 339 339 336 330 323 328 330 326 320 307 306 307 309 313 314 317 327 333 318 320 321 319 319 317 305
-3.4e+38 -3.4e+38 -3.4e+38 -3.4e+38 -3.4e+38 -3.4e+38 -3.4e+38 216 218 228 237 244 252 261 269 273 293 315 318 324 327 338 337 336 339 336 342 348 352 353 354 353 354 356 352 353 348 346 348 345 344 342 341 340 337 338 336 331 320 324 326 325 321 314 301 307 311 313 318 323 333 331 320 321 320 317 317 312 308
-3.4e+38 -3.4e+38 -3.4e+38 -3.4e+38 -3.4e+38 -3.4e+38 -3.4e+38 -3.4e+38 217 224 229 240 252 257 281 286 291 309 323 334 338 332 332 338 343 339 343 348 355 353 357 351 352 353 349 349 353 348 347 344 342 341 339 337 337 338 335 333 329 310 321 317 319 308 304 309 313 315 323 331 336 323 322 322 319 318 315 308 307
-3.4e+38 -3.4e+38 -3.4e+38 -3.4e+38 -3.4e+38 -3.4e+38 -3.4e+38 -3.4e+38 -3.4e+38 220 227 235 246 264 272 278 302 313 311 328 337 344 346 341 351 350 350 351 359 350 348 350 353 353 352 350 352 347 343 342 342 343 343 343 341 341 338 332 330 324 325 320 316 305 315 313 315 318 332 341 333 328 322 316 310 313 312 310 306
-3.4e+38 -3.4e+38 -3.4e+38 -3.4e+38 -3.4e+38 -3.4e+38 -3.4e+38 -3.4e+38 -3.4e+38 -3.4e+38 223 230 240 255 267 264 283 309 311 327 342 348 346 341 351 360 352 349 354 364 363 356 361 348 352 354 349 347 341 343 345 345 347 346 344 338 338 334 327 328 329 324 310 313 313 316 318 326 346 342 332 331 327 321 318 317 314 311 308
-3.4e+38 -3.4e+38 -3.4e+38 -3.4e+38 -3.4e+38 -3.4e+38 -3.4e+38 -3.4e+38 -3.4e+38 -3.4e+38 -3.4e+38 221 233 245 250 258 277 301 311 319 341 347 345 354 364 360 347 350 357 361 371 365 356 356 358 353 350 346 347 347 346 344 342 349 345 334 338 333 329 328 332 323 312 312 314 318 321 342 337 337 335 329 324 318 316 316 312 312 309
-3.4e+38 -3.4e+38 -3.4e+38 -3.4e+38 -3.4e+38 -3.4e+38 -3.4e+38 -3.4e+38 -3.4e+38 -3.4e+38 -3.4e+38 -3.4e+38 221 230 241 256 261 292 310 334 354 345 361 367 389 369 360 353 377 376 360 356 349 348 353 354 357 355 351 350 347 342 343 346 348 343 343 329 339 336 329 318 314 313 317 320 337 342 336 333 329 324 321 318 320 320 317 315 313
-3.4e+38 -3.4e+38 -3.4e+38 -3.4e+38 -3.4e+38 -3.4e+38 -3.4e+38 -3.4e+38 -3.4e+38 -3.4e+38 -3.4e+38 -3.4e+38 -3.4e+38 218 231 247 264 279 299 319 335 359 391 390 384 374 371 365 378 367 350 345 346 345 346 348 352 353 348 346 343 341 341 346 348 350 342 341 335 328 322 324 321 317 321 337 342 337 339 331 328 325 324 322 322 319 317 315 314
-3.4e+38 -3.4e+38 -3.4e+38 -3.4e+38 -3.4e+38 -3.4e+38 -3.4e+38 -3.4e+38 -3.4e+38 -3.4e+38 -3.4e+38 -3.4e+38 -3.4e+38 -3.4e+38 220 239 258 277 283 302 321 353 370 356 358 350 353 363 354 344 352 343 340 342 345 349 348 353 350 347 346 342 339 343 342 349 346 342 335 320 327 324 333 321 337 346 340 337 331 328 326 325 326 323 320 314 313 309 310
-3.4e+38 -3.4e+38 -3.4e+38 -3.4e+38 -3.4e+38 -3.4e+38 -3.4e+38 -3.4e+38 -3.4e+38 -3.4e+38 -3.4e+38 -3.4e+38 -3.4e+38 -3.4e+38 209 232 255 273 292 294 309 327 347 355 356 353 350 352 345 335 342 341 341 343 346 346 345 352 353 353 349 347 344 343 343 347 350 343 333 327 330 335 340 341 340 342 336 328 328 321 327 328 325 321 315 312 306 310 308
-3.4e+38 -3.4e+38 -3.4e+38 -3.4e+38 -3.4e+38 -3.4e+38 -3.4e+38 -3.4e+38 -3.4e+38 -3.4e+38 -3.4e+38 -3.4e+38 -3.4e+38 -3.4e+38 -3.4e+38 231 251 270 288 295 300 316 331 338 337 346 343 345 338 335 336 341 343 345 347 346 347 348 348 352 354 348 347 345 342 346 348 349 347 331 336 344 339 335 335 336 334 328 325 325 329 326 326 326 318 312 306 305 303
-3.4e+38 -3.4e+38 -3.4e+38 -3.4e+38 -3.4e+38 -3.4e+38 -3.4e+38 -3.4e+38 -3.4e+38 -3.4e+38 -3.4e+38 -3.4e+38 -3.4e+38 -3.4e+38 -3.4e+38 234 253 272 278 292 292 305 314 322 327 335 338 342 337 333 337 340 342 345 346 345 347 346 348 350 354 349 346 346 342 340 342 337 332 330 345 340 338 335 332 329 331 332 332 332 332 330 324 319 318 315 311 309 307
-3.4e+38 -3.4e+38 -3.4e+38 -3.4e+38 -3.4e+38 -3.4e+38 -3.4e+38 -3.4e+38 -3.4e+38 -3.4e+38 -3.4e+38 -3.4e+38 -3.4e+38 -3.4e+38 -3.4e+38 238 252 270 278 290 299 311 314 317 320 329 337 338 332 334 337 337 339 341 343 346 345 348 351 354 354 353 350 348 347 344 338 337 336 336 344 344 341 332 324 327 326 327 333 335 337 335 322 316 301 302 309 304 303
-3.4e+38 -3.4e+38 -3.4e+38 -3.4e+38 -3.4e+38 -3.4e+38 -3.4e+38 -3.4e+38 -3.4e+38 -3.4e+38 -3.4e+38 -3.4e+38 -3.4e+38 -3.4e+38 -3.4e+38 -3.4e+38 254 269 281 286 304 315 311 316 319 327 332 334 332 333 336 337 337 338 342 347 347 349 352 354 356 357 355 353 350 347 342 337 335 338 337 342 340 335 332 325 325 327 330 330 340 340 330 313 298 302 304 303 297
