EcoCrop/data/climate/tmax_1.asc
NCOLS 660 
NROWS 360 
XLLCORNER -20 
YLLCORNER -30 
CELLSIZE 0.1666667 
NODATA_value -3.4e+38 
[rows 30 to 59 of 360, columns 414 to 482 of 660]
204 204 208 207 208 209 209 210 211 215 -3.4e+38 217 217 218 219 221 -3.4e+38 -3.4e+38 -3.4e+38 -3.4e+38 -3.4e+38 -3.4e+38 -3.4e+38 -3.4e+38 -3.4e+38 -3.4e+38 -3.4e+38 -3.4e+38 -3.4e+38 -3.4e+38 -3.4e+38 -3.4e+38 -3.4e+38 -3.4e+38 -3.4e+38 244 246 247 247 247 248 245 238 244 -3.4e+38 -3.4e+38 -3.4e+38 -3.4e+38 -3.4e+38 -3.4e+38 -3.4e+38 -3.4e+38 -3.4e+38 -3.4e+38 -3.4e+38 -3.4e+38 -3.4e+38 -3.4e+38 -3.4e+38 -3.4e+38 -3.4e+38 -3.4e+38 -3.4e+38 -3.4e+38 -3.4e+38 -3.4e+38 -3.4e+38 -3.4e+38 -3.4e+38
204 207 208 210 210 210 211 212 212 213 220 221 219 220 222 -3.4e+38 -3.4e+38 -3.4e+38 -3.4e+38 -3.4e+38 -3.4e+38 -3.4e+38 -3.4e+38 -3.4e+38 -3.4e+38 -3.4e+38 -3.4e+38 -3.4e+38 -3.4e+38 -3.4e+38 -3.4e+38 -3.4e+38 -3.4e+38 -3.4e+38 243 245 247 250 251 251 249 244 201 246 255 -3.4e+38 -3.4e+38 -3.4e+38 -3.4e+38 -3.4e+38 -3.4e+38 -3.4e+38 -3.4e+38 -3.4e+38 -3.4e+38 -3.4e+38 -3.4e+38 -3.4e+38 -3.4e+38 -3.4e+38 -3.4e+38 -3.4e+38 -3.4e+38 -3.4e+38 -3.4e+38 -3.4e+38 -3.4e+38 -3.4e+38 -3.4e+38
207 208 211 209 210 211 213 213 214 216 219 221 221 223 222 -3.4e+38 226 -3.4e+38 -3.4e+38 -3.4e+38 -3.4e+38 -3.4e+38 -3.4e+38 -3.4e+38 -3.4e+38 -3.4e+38 -3.4e+38 -3.4e+38 -3.4e+38 -3.4e+38 -3.4e+38 -3.4e+38 -3.4e+38 -3.4e+38 243 247 249 251 254 255 253 250 223 207 253 -3.4e+38 -3.4e+38 -3.4e+38 -3.4e+38 -3.4e+38 -3.4e+38 -3.4e+38 -3.4e+38 -3.4e+38 -3.4e+38 -3.4e+38 -3.4e+38 -3.4e+38 -3.4e+38 -3.4e+38 -3.4e+38 -3.4e+38 -3.4e+38 -3.4e+38 -3.4e+38 -3.4e+38 -3.4e+38 -3.4e+38 -3.4e+38
208 211 210 211 212 213 213 214 215 216 217 224 224 225 -3.4e+38 -3.4e+38 -3.4e+38 -3.4e+38 -3.4e+38 -3.4e+38 -3.4e+38 -3.4e+38 -3.4e+38 -3.4e+38 -3.4e+38 -3.4e+38 -3.4e+38 -3.4e+38 -3.4e+38 -3.4e+38 -3.4e+38 -3.4e+38 -3.4e+38 242 243 248 250 254 258 260 261 253 225 214 252 254 -3.4e+38 -3.4e+38 -3.4e+38 -3.4e+38 -3.4e+38 -3.4e+38 -3.4e+38 -3.4e+38 -3.4e+38 -3.4e+38 -3.4e+38 -3.4e+38 -3.4e+38 -3.4e+38 -3.4e+38 -3.4e+38 -3.4e+38 -3.4e+38 -3.4e+38 -3.4e+38 -3.4e+38 -3.4e+38 -3.4e+38
209 212 211 212 214 214 215 215 217 217 219 225 225 226 223 -3.4e+38 227 -3.4e+38 -3.4e+38 -3.4e+38 -3.4e+38 -3.4e+38 -3.4e+38 -3.4e+38 -3.4e+38 -3.4e+38 -3.4e+38 -3.4e+38 -3.4e+38 -3.4e+38 -3.4e+38 -3.4e+38 243 244 247 249 253 257 261 265 269 262 246 220 248 252 255 -3.4e+38 -3.4e+38 -3.4e+38 -3.4e+38 -3.4e+38 -3.4e+38 -3.4e+38 -3.4e+38 -3.4e+38 -3.4e+38 -3.4e+38 -3.4e+38 -3.4e+38 -3.4e+38 -3.4e+38 -3.4e+38 -3.4e+38 -3.4e+38 -3.4e+38 -3.4e+38 -3.4e+38 -3.4e+38
211 213 213 214 215 216 217 218 219 220 221 226 227 228 225 227 228 -3.4e+38 -3.4e+38 -3.4e+38 -3.4e+38 234 234 235 236 238 239 -3.4e+38 -3.4e+38 -3.4e+38 243 244 244 246 248 251 254 258 262 266 260 262 246 219 218 248 254 255 -3.4e+38 -3.4e+38 -3.4e+38 -3.4e+38 -3.4e+38 -3.4e+38 -3.4e+38 -3.4e+38 -3.4e+38 -3.4e+38 -3.4e+38 -3.4e+38 -3.4e+38 -3.4e+38 -3.4e+38 -3.4e+38 -3.4e+38 -3.4e+38 -3.4e+38 -3.4e+38 -3.4e+38
213 215 216 216 217 217 218 219 220 221 222 224 226 226 226 228 230 232 233 233 233 233 233 234 236 236 238 239 241 242 243 243 245 247 249 253 256 260 263 265 265 261 252 213 231 220 245 250 255 -3.4e+38 -3.4e+38 -3.4e+38 -3.4e+38 -3.4e+38 -3.4e+38 -3.4e+38 -3.4e+38 -3.4e+38 -3.4e+38 -3.4e+38 -3.4e+38 -3.4e+38 -3.4e+38 -3.4e+38 -3.4e+38 -3.4e+38 -3.4e+38 -3.4e+38 -3.4e+38
217 217 217 218 218 219 220 221 222 222 224 225 225 230 233 229 233 233 234 234 233 234 233 234 234 234 236 238 238 239 242 243 245 248 251 254 257 260 262 264 264 262 254 239 224 190 214 242 247 251 253 254 254 -3.4e+38 -3.4e+38 -3.4e+38 -3.4e+38 -3.4e+38 -3.4e+38 -3.4e+38 -3.4e+38 -3.4e+38 -3.4e+38 -3.4e+38 -3.4e+38 -3.4e+38 -3.4e+38 -3.4e+38 -3.4e+38
221 220 219 220 220 220 221 222 223 224 225 226 227 228 230 232 234 234 235 235 234 234 233 234 234 236 237 237 239 241 242 243 246 249 251 254 258 260 263 263 262 260 256 251 188 229 194 176 231 239 247 249 250 251 251 254 253 240 -3.4e+38 -3.4e+38 -3.4e+38 -3.4e+38 -3.4e+38 -3.4e+38 -3.4e+38 -3.4e+38 -3.4e+38 -3.4e+38 -3.4e+38
223 222 222 222 222 223 223 224 225 226 227 229 228 232 233 234 234 235 235 236 235 236 235 235 235 236 236 237 240 241 243 245 247 249 252 256 257 261 260 262 262 260 256 253 243 227 231 193 203 224 234 227 236 133 237 192 240 238 247 -3.4e+38 -3.4e+38 -3.4e+38 -3.4e+38 -3.4e+38 -3.4e+38 -3.4e+38 -3.4e+38 -3.4e+38 -3.4e+38
226 229 227 224 225 224 226 226 226 228 229 230 231 232 234 235 235 236 236 236 236 236 236 236 236 237 238 239 240 241 244 246 249 251 252 256 259 261 260 261 261 259 257 252 247 244 233 218 180 82 206 117 212 229 222 217 196 229 241 256 -3.4e+38 -3.4e+38 -3.4e+38 -3.4e+38 -3.4e+38 -3.4e+38 -3.4e+38 -3.4e+38 -3.4e+38
228 227 227 227 228 228 227 228 229 229 229 232 232 233 234 235 236 237 238 237 237 237 237 237 238 239 240 242 243 246 247 248 249 252 254 256 259 261 261 261 260 258 257 253 250 244 228 229 195 218 184 111 124 187 199 208 185 214 214 248 -3.4e+38 -3.4e+38 -3.4e+38 -3.4e+38 -3.4e+38 -3.4e+38 -3.4e+38 -3.4e+38 -3.4e+38
227 228 229 228 227 228 229 230 229 230 230 232 233 234 235 236 237 238 238 239 239 239 238 239 240 241 243 246 243 245 248 251 251 253 255 257 257 261 260 260 259 259 256 254 247 245 234 217 218 228 218 225 223 220 220 216 209 204 211 198 200 -3.4e+38 -3.4e+38 -3.4e+38 -3.4e+38 -3.4e+38 -3.4e+38 -3.4e+38 -3.4e+38
227 227 227 228 229 230 230 230 230 232 231 232 233 235 236 237 238 238 238 239 239 240 240 241 241 243 246 244 247 251 247 250 251 254 256 258 257 259 260 261 259 259 257 255 250 249 241 229 225 234 232 234 233 231 226 225 225 231 233 204 165 187 -3.4e+38 -3.4e+38 -3.4e+38 -3.4e+38 -3.4e+38 -3.4e+38 -3.4e+38
227 230 228 229 229 230 230 231 231 232 233 234 235 236 237 239 238 240 241 240 240 242 241 242 242 244 244 245 245 249 252 251 252 255 256 260 258 261 261 260 260 259 258 256 254 251 246 244 237 240 239 240 237 236 236 229 232 237 239 236 221 164 259 -3.4e+38 -3.4e+38 -3.4e+38 -3.4e+38 -3.4e+38 -3.4e+38
229 229 230 229 231 231 232 232 232 233 233 236 236 237 238 239 240 240 241 242 242 242 243 243 244 244 246 246 251 249 248 253 250 251 258 256 260 260 260 261 261 260 259 258 254 254 252 249 240 245 242 221 243 240 240 240 236 236 239 246 247 251 240 260 263 -3.4e+38 -3.4e+38 -3.4e+38 -3.4e+38
229 230 230 231 232 232 232 233 234 235 235 236 237 238 238 240 240 242 242 242 242 243 242 245 246 246 247 248 249 252 252 251 255 256 260 256 260 261 261 261 262 260 259 259 257 253 253 252 249 245 245 247 246 244 245 245 243 241 243 243 249 255 242 263 264 -3.4e+38 -3.4e+38 -3.4e+38 -3.4e+38
231 230 232 232 232 233 233 234 234 235 236 236 237 238 240 240 242 242 243 243 245 244 245 246 247 248 248 249 249 251 254 254 257 253 261 258 258 261 262 261 262 261 260 259 258 257 255 252 250 248 248 248 250 249 248 249 250 248 246 247 250 259 261 264 -3.4e+38 -3.4e+38 -3.4e+38 -3.4e+38 -3.4e+38
231 232 232 233 233 233 234 234 235 236 237 239 239 240 240 242 243 243 244 244 245 246 246 247 248 250 250 250 252 250 253 256 257 257 261 262 261 258 262 262 263 263 262 260 259 258 256 253 252 251 251 250 251 253 252 252 253 251 251 249 252 257 262 261 -3.4e+38 -3.4e+38 -3.4e+38 -3.4e+38 -3.4e+38
231 232 233 234 234 234 235 235 236 237 238 239 239 240 241 242 244 245 245 246 246 247 247 248 249 250 251 251 254 254 256 254 257 258 258 260 261 261 262 262 263 263 262 261 260 259 257 255 255 254 253 253 253 255 256 255 255 254 252 252 255 259 263 -3.4e+38 -3.4e+38 -3.4e+38 -3.4e+38 -3.4e+38 -3.4e+38
232 233 234 234 234 235 235 236 237 238 238 239 240 241 243 243 244 245 245 246 248 248 249 250 250 251 251 252 251 252 256 255 259 259 260 261 259 260 263 262 263 263 263 263 261 260 259 256 257 256 256 254 256 257 257 258 257 255 253 254 257 263 264 -3.4e+38 -3.4e+38 -3.4e+38 -3.4e+38 -3.4e+38 -3.4e+38
234 235 235 234 234 235 236 237 237 238 240 241 241 243 243 244 245 245 247 248 248 249 250 251 251 251 252 253 253 255 256 258 259 259 260 260 261 262 262 263 262 263 262 263 262 261 258 257 258 256 257 257 258 258 258 260 258 257 256 257 261 265 -3.4e+38 -3.4e+38 -3.4e+38 -3.4e+38 -3.4e+38 -3.4e+38 -3.4e+38
235 235 236 234 236 236 237 238 239 239 241 241 242 243 244 244 245 247 248 248 249 249 251 251 253 253 253 255 254 257 258 257 260 260 262 261 262 260 262 261 262 263 263 260 260 259 258 260 260 258 260 260 259 259 260 261 260 260 259 261 -3.4e+38 -3.4e+38 -3.4e+38 -3.4e+38 -3.4e+38 -3.4e+38 -3.4e+38 -3.4e+38 -3.4e+38
235 235 235 236 236 237 238 239 239 240 241 242 243 244 245 246 247 248 248 250 250 251 252 253 253 254 254 255 254 256 256 258 260 261 261 262 262 261 261 260 261 261 263 261 260 259 259 259 259 259 262 262 262 263 262 262 262 261 262 -3.4e+38 -3.4e+38 -3.4e+38 -3.4e+38 -3.4e+38 -3.4e+38 -3.4e+38 -3.4e+38 -3.4e+38 -3.4e+38
235 234 236 236 237 238 238 239 240 241 241 242 244 245 245 246 247 249 249 250 251 251 252 253 253 254 253 258 258 260 258 258 260 261 261 262 262 262 261 262 262 262 262 261 260 260 259 259 259 258 262 263 264 264 263 264 264 264 265 -3.4e+38 -3.4e+38 -3.4e+38 -3.4e+38 -3.4e+38 -3.4e+38 -3.4e+38 -3.4e+38 -3.4e+38 -3.4e+38
234 235 237 237 237 238 239 240 241 241 243 244 244 245 246 247 248 249 250 250 251 253 252 253 254 255 256 255 258 259 260 261 262 261 262 262 262 261 261 262 262 261 261 262 261 262 261 259 259 259 260 262 264 264 264 264 265 266 -3.4e+38 -3.4e+38 -3.4e+38 -3.4e+38 -3.4e+38 -3.4e+38 -3.4e+38 -3.4e+38 -3.4e+38 -3.4e+38 -3.4e+38
235 236 236 237 239 239 240 241 241 242 243 244 245 246 246 248 249 250 250 251 252 252 253 254 254 256 256 258 257 261 260 261 262 262 263 263 262 262 262 261 260 260 260 260 260 261 260 260 259 259 261 265 265 265 267 -3.4e+38 266 -3.4e+38 -3.4e+38 266 -3.4e+38 -3.4e+38 -3.4e+38 -3.4e+38 -3.4e+38 -3.4e+38 -3.4e+38 -3.4e+38 -3.4e+38
237 238 237 238 239 240 241 243 243 243 244 244 245 247 248 249 249 250 251 252 253 253 253 254 254 256 259 257 258 260 260 261 262 262 262 263 263 263 263 262 260 260 260 260 260 261 260 260 259 260 261 265 260 265 -3.4e+38 267 267 -3.4e+38 266 -3.4e+38 -3.4e+38 -3.4e+38 -3.4e+38 -3.4e+38 -3.4e+38 -3.4e+38 -3.4e+38 -3.4e+38 -3.4e+38
237 238 238 239 241 240 242 243 243 244 244 245 247 247 248 249 250 251 252 252 253 253 254 256 256 257 259 260 261 260 261 262 262 262 262 263 264 264 263 262 262 262 261 261 260 260 259 259 259 260 265 262 264 -3.4e+38 -3.4e+38 -3.4e+38 -3.4e+38 -3.4e+38 -3.4e+38 -3.4e+38 -3.4e+38 -3.4e+38 -3.4e+38 -3.4e+38 -3.4e+38 -3.4e+38 -3.4e+38 -3.4e+38 -3.4e+38
238 238 239 240 241 242 242 243 243 244 245 246 246 248 248 249 250 251 252 252 254 254 255 256 257 258 259 261 261 262 261 262 262 263 263 263 264 264 264 263 262 262 261 261 261 260 260 259 259 259 264 261 260 -3.4e+38 -3.4e+38 -3.4e+38 -3.4e+38 -3.4e+38 -3.4e+38 -3.4e+38 -3.4e+38 -3.4e+38 -3.4e+38 -3.4e+38 -3.4e+38 -3.4e+38 -3.4e+38 -3.4e+38 -3.4e+38
