EcoCrop/data/climate/tmean_1.asc
NCOLS 660 
NROWS 360 
XLLCORNER -20 
YLLCORNER -30 
CELLSIZE 0.1666667 
NODATA_value -3.4e+38 
[rows 90 to 119 of 360, columns 276 to 344 of 660]
187 184 187 190 199 197 199 198 195 200 202 204 205 212 216 217 217 216 217 216 216 217 220 220 220 220 221 221 222 222 223 224 227 230 230 232 233 235 236 234 233 232 231 232 232 234 234 236 239 238 240 240 239 239 241 242 245 249 253 257 256 253 250 247 243 232 225 241 239
183 193 190 193 198 201 201 200 203 198 206 208 212 214 218 219 217 215 218 221 217 218 219 220 221 223 222 221 222 225 226 228 228 230 232 233 235 236 236 235 235 233 232 232 234 234 235 238 239 240 242 242 242 244 243 246 249 252 256 258 255 251 247 242 239 237 229 237 240
190 195 194 199 197 205 205 198 206 203 203 209 213 215 219 219 216 213 219 222 220 219 221 222 220 221 222 224 224 227 228 229 230 231 234 234 236 237 237 236 236 234 234 234 234 235 237 240 241 243 243 245 245 247 246 249 253 256 256 258 255 251 245 239 237 235 234 236 236
194 194 193 198 203 201 206 206 206 205 205 207 214 216 218 220 219 220 222 221 221 220 222 223 222 221 221 223 225 227 229 229 230 231 233 234 237 238 238 237 237 236 235 235 236 238 239 241 244 244 246 248 249 250 250 251 255 257 258 260 257 252 246 237 236 238 241 244 242
192 194 198 203 203 204 206 210 208 206 205 210 216 218 219 219 220 222 221 222 219 222 223 223 222 220 221 224 226 227 228 231 231 232 235 235 237 238 237 238 237 237 237 238 238 239 243 244 245 247 249 250 251 251 254 255 256 258 260 262 261 260 257 251 243 244 247 241 245
196 199 202 201 203 208 205 211 209 209 208 212 217 218 219 218 219 222 220 220 221 222 222 222 222 220 221 223 227 227 228 231 231 234 234 234 236 238 239 239 239 239 237 239 241 242 244 247 249 249 250 251 254 256 258 259 258 260 263 265 264 264 264 263 255 248 244 245 237
202 204 205 201 206 203 202 210 213 213 211 215 217 219 218 216 221 220 221 219 220 221 221 221 222 220 223 224 225 227 229 231 232 232 233 235 238 240 239 241 241 241 240 239 243 244 247 249 251 253 253 255 256 258 260 261 259 263 264 267 270 269 267 262 252 247 220 232 240
202 206 207 208 207 204 207 211 214 213 213 215 219 217 218 218 220 221 219 220 219 220 220 221 222 222 222 224 224 227 228 230 231 232 235 236 239 240 241 241 242 242 241 242 244 247 248 251 252 253 255 257 258 260 261 263 264 262 266 267 269 271 270 267 264 259 251 197 213
202 205 208 211 213 215 209 213 215 214 217 216 219 220 221 218 219 221 218 218 218 220 220 219 221 221 222 223 224 226 229 230 232 233 234 236 238 240 242 243 243 243 243 242 246 249 250 253 253 256 257 258 261 260 261 264 266 267 266 268 267 270 270 269 265 262 256 246 219
205 208 212 210 214 214 218 218 218 217 219 216 220 221 221 221 220 220 218 216 218 220 219 220 220 220 221 222 225 226 228 230 233 233 235 237 238 241 242 244 244 244 244 244 247 249 251 254 254 256 258 259 261 262 261 266 270 270 271 267 272 271 270 268 254 262 247 181 132
211 212 213 215 216 218 220 219 219 220 220 218 220 223 221 221 220 219 218 216 218 218 218 219 219 219 219 223 225 226 229 232 232 234 235 237 239 240 242 245 245 245 244 246 247 248 252 254 256 256 257 260 262 265 265 268 271 272 273 271 272 258 266 267 266 263 257 245 207
214 214 215 217 217 219 221 220 222 222 223 224 224 224 223 223 221 218 218 218 219 215 217 217 219 219 218 222 224 227 230 233 234 235 236 238 240 242 244 245 246 246 246 247 247 249 251 253 255 256 258 259 262 264 267 270 271 274 275 272 273 267 257 260 262 260 250 249 246
217 218 219 218 220 221 222 222 224 223 225 225 225 223 224 222 221 222 221 220 218 218 217 220 220 221 221 222 225 228 232 234 236 238 238 238 240 241 243 244 246 245 245 245 245 247 249 252 253 255 257 260 262 265 268 270 272 273 274 273 268 272 266 259 242 248 237 238 235
219 221 220 221 222 223 224 224 226 225 226 226 226 225 223 222 224 224 223 223 222 220 220 221 223 222 224 224 226 232 234 237 239 239 240 241 242 243 244 243 245 245 244 244 245 244 245 248 251 252 256 259 261 264 267 270 271 273 275 274 271 266 265 255 239 243 216 222 187
223 217 223 222 224 224 226 226 227 228 228 228 227 228 226 227 224 224 225 225 222 223 221 224 225 227 228 229 231 234 236 238 240 242 243 243 242 243 243 244 245 243 243 242 241 242 243 243 247 251 254 258 261 265 266 269 270 271 272 273 273 271 266 256 251 238 175 190 185
225 226 226 223 227 226 227 228 229 229 229 228 229 230 228 229 228 227 226 227 226 225 225 227 228 229 229 232 233 237 238 241 243 244 245 244 244 243 244 244 243 243 243 241 243 242 242 244 245 251 254 258 261 265 267 268 269 271 271 268 254 252 263 255 245 225 192 197 204
227 226 228 227 228 229 229 229 229 230 230 231 232 231 231 229 231 230 230 229 226 225 227 229 229 229 233 235 238 240 237 243 245 246 246 245 246 245 244 242 243 243 242 243 244 243 244 247 249 253 257 260 262 265 267 268 268 268 266 256 245 219 250 252 233 204 200 200 206
228 229 228 228 230 230 230 231 231 231 232 233 234 232 232 231 233 234 233 230 226 226 227 228 230 223 233 239 241 245 237 247 245 248 247 248 246 245 244 243 242 242 242 243 245 245 246 248 252 256 259 261 261 263 266 267 267 262 263 259 256 240 246 238 189 180 194 196 198
231 231 230 229 231 231 232 233 232 233 234 234 235 233 235 234 237 236 233 232 223 228 230 228 230 231 233 239 244 243 245 243 245 248 249 249 247 246 244 242 240 241 242 245 245 247 248 251 255 258 261 262 264 262 264 266 264 262 261 257 256 242 246 234 202 167 182 182 186
232 231 230 231 231 233 234 233 234 236 237 237 237 235 238 237 238 237 236 234 227 228 232 231 233 231 231 238 244 248 252 253 251 251 251 251 250 249 246 244 241 242 245 246 249 250 251 254 257 260 262 263 266 265 264 265 264 263 258 253 247 239 242 222 200 194 176 171 179
234 233 232 232 232 234 235 235 236 238 239 238 238 240 239 239 240 241 241 233 239 237 237 239 236 234 229 235 243 247 252 254 254 253 252 252 252 251 248 246 246 247 249 251 252 255 254 257 260 264 267 266 266 264 262 257 263 257 249 249 243 223 231 223 162 165 172 170 173
235 235 234 234 235 236 236 237 238 240 241 240 241 241 237 241 242 244 244 242 242 243 239 245 242 239 236 236 243 248 252 255 254 255 254 255 254 254 252 252 251 251 253 254 258 258 259 256 261 265 269 270 269 267 245 258 258 254 251 238 227 214 228 220 194 168 167 163 163
236 235 235 236 236 238 239 240 240 241 243 243 243 242 242 243 247 247 245 247 250 249 249 250 248 243 238 237 243 247 251 252 255 257 258 258 257 257 257 255 256 256 257 260 260 264 263 263 266 272 271 271 270 274 255 220 257 254 247 241 232 226 226 199 151 165 163 157 155
237 237 237 237 239 239 241 241 242 242 244 245 245 246 246 247 249 250 251 253 254 254 249 255 252 247 238 237 246 249 251 254 256 259 259 260 260 260 261 261 261 261 263 265 266 268 269 268 270 274 273 271 272 259 266 264 262 259 253 248 235 232 216 187 166 148 155 151 132
240 240 240 240 239 241 241 242 243 244 246 247 247 249 249 247 251 252 252 256 259 252 259 259 255 246 247 248 250 249 253 256 258 261 262 262 263 264 264 264 264 265 268 269 271 272 274 275 275 276 273 270 274 264 268 267 257 250 243 242 237 223 199 192 155 145 142 152 161
240 240 240 241 241 242 244 243 246 246 247 248 248 250 252 251 253 252 252 254 259 261 261 260 258 257 254 253 253 252 256 258 260 262 264 266 267 267 267 268 269 269 272 272 274 276 277 280 280 279 274 270 267 260 267 261 253 201 211 234 218 210 203 182 179 166 161 172 179
242 242 242 242 244 244 244 245 246 247 248 249 250 252 253 254 254 256 258 260 259 262 262 261 260 259 258 255 256 257 259 260 262 263 267 267 269 269 271 270 271 272 274 275 277 279 280 282 286 272 273 246 267 263 269 259 231 232 160 216 198 215 205 182 199 174 175 189 179
243 243 244 244 245 245 246 248 249 249 250 251 251 253 255 255 256 258 260 260 262 261 262 262 262 261 260 259 257 259 261 262 264 265 268 269 271 273 272 274 274 275 277 277 279 280 282 285 286 286 260 242 251 255 263 260 247 236 214 219 195 211 232 217 218 202 202 172 173
243 243 244 245 245 246 247 249 250 251 252 253 253 254 255 256 257 260 261 260 261 263 262 262 262 262 263 263 257 258 263 265 266 268 269 270 272 274 274 275 275 276 278 280 280 282 283 283 285 280 237 226 234 238 236 251 246 240 226 208 179 198 208 201 199 193 214 205 170
244 244 246 247 247 248 249 250 251 252 253 253 254 255 256 257 258 260 261 261 261 263 262 262 263 263 264 263 263 264 265 265 266 268 270 272 273 274 275 276 276 278 279 279 281 281 282 282 282 280 273 226 240 247 229 243 252 234 229 239 221 192 187 195 187 187 189 223 218
