EcoCrop/data/climate/tmean_9.asc
NCOLS 660 
NROWS 360 
XLLCORNER -20 
YLLCORNER -30 
CELLSIZE 0.1666667 
NODATA_value -3.4e+38 
[rows 180 to 209 of 360, columns 207 to 275 of 660]
241 241 245 246 246 247 250 249 250 250 250 250 250 250 250 250 250 251 250 250 250 250 250 251 250 249 248 247 249 252 254 255 257 258 257 256 254 251 250 247 246 244 243 242 244 244 243 243 240 241 241 241 240 238 242 244 244 245 243 242 243 241 244 245 246 247 246 245 245
242 241 245 245 247 247 248 249 250 250 250 251 251 250 251 250 250 251 250 250 250 250 249 249 250 247 249 249 251 253 255 258 260 261 260 258 255 253 251 250 248 246 243 242 241 241 242 241 242 239 239 242 242 243 244 243 243 246 244 243 240 242 244 246 246 245 247 246 244
242 242 246 246 248 249 251 251 251 251 251 251 252 251 251 250 251 251 250 250 250 250 249 248 249 249 247 250 251 254 254 257 260 263 260 258 255 252 251 248 247 245 246 245 244 242 240 244 242 243 244 243 244 244 244 242 244 244 246 245 243 246 245 246 246 248 244 244 244
240 245 247 247 247 250 250 249 252 252 251 252 252 252 251 252 251 251 251 251 250 250 249 248 247 249 248 250 251 253 254 256 257 259 258 256 253 250 251 248 245 245 243 245 245 246 246 244 242 244 244 244 244 243 243 243 243 245 244 245 246 245 247 246 245 248 247 243 246
244 246 246 246 249 249 250 251 252 252 252 252 253 252 253 253 253 252 251 250 251 250 249 249 248 249 248 251 252 252 255 256 255 256 256 254 252 249 249 248 247 246 244 242 242 243 244 245 246 245 245 245 244 244 243 242 243 243 245 247 246 246 246 247 246 247 246 246 246
242 245 244 247 247 250 252 252 252 253 254 253 253 254 253 254 254 253 252 251 251 251 249 250 249 249 248 250 251 253 254 254 255 255 254 251 252 250 247 245 244 244 244 245 242 244 242 243 244 244 246 245 244 244 242 243 243 241 245 245 247 246 246 246 246 247 248 246 246
245 241 244 246 250 248 251 252 253 254 253 253 254 255 255 254 253 253 252 251 251 251 251 250 251 251 251 250 250 252 253 253 252 251 251 250 249 249 248 247 245 244 243 246 243 243 242 243 245 245 245 246 244 245 245 242 244 240 242 245 246 247 246 246 246 247 247 246 246
237 242 244 249 250 251 248 249 253 254 255 255 254 255 255 253 252 253 253 252 253 252 251 251 252 251 251 252 251 252 251 251 251 249 249 247 246 248 247 244 246 245 243 245 246 243 244 242 243 243 244 245 244 243 244 243 243 243 245 241 245 246 248 246 247 247 246 250 245
241 245 245 249 246 250 249 251 252 255 255 255 256 256 255 252 253 253 254 254 255 254 254 252 253 253 252 252 252 252 250 251 250 249 245 247 245 244 247 245 246 245 244 244 242 245 246 246 245 245 244 244 244 243 245 246 242 243 246 241 242 246 247 248 247 247 247 247 246
242 248 249 249 250 248 249 250 250 255 256 256 256 256 255 253 252 254 254 255 256 256 256 256 255 253 252 252 252 251 250 249 248 248 246 246 245 245 245 243 243 244 244 244 245 242 243 247 243 247 247 246 244 243 246 247 244 243 245 244 247 247 246 248 247 247 247 247 246
240 243 248 245 246 245 250 246 250 255 257 257 257 256 256 251 251 254 255 255 256 257 257 256 255 255 253 253 253 252 251 248 249 248 246 245 246 245 244 244 243 241 245 244 242 243 243 246 247 245 244 245 246 244 245 245 246 246 247 243 247 238 247 249 248 247 247 248 247
239 239 244 241 243 245 255 251 256 255 258 257 257 256 255 251 251 253 255 256 256 257 258 256 255 255 253 254 252 251 251 249 247 246 246 245 243 245 245 245 243 242 242 243 242 244 245 247 247 249 247 248 247 244 245 246 247 247 243 244 246 245 248 249 248 248 249 249 247
230 235 248 232 247 250 237 250 249 252 258 256 257 256 256 254 255 255 256 256 256 257 258 257 256 256 254 253 253 252 251 250 248 247 247 243 243 244 244 246 244 242 241 241 240 243 244 244 244 249 248 250 247 250 246 247 246 245 249 248 243 238 249 249 250 249 249 249 247
228 235 234 239 234 235 240 246 255 257 258 256 255 254 253 254 254 255 256 257 255 255 256 257 256 255 254 254 253 252 252 250 248 247 246 247 245 244 244 243 245 245 246 241 244 242 245 245 244 247 246 246 248 249 249 247 246 246 246 245 245 248 249 250 250 249 249 249 248
224 226 229 231 233 235 235 242 254 252 258 254 254 255 254 255 256 255 256 256 256 255 257 256 255 255 254 254 253 252 252 251 250 248 246 245 246 244 240 246 246 242 239 243 239 239 245 244 243 247 247 246 247 248 247 244 245 244 247 246 249 249 249 252 250 250 249 250 249
237 247 231 233 237 243 236 236 242 252 258 247 251 253 255 255 256 256 254 255 253 254 256 253 255 254 253 253 253 252 251 251 251 248 249 247 244 244 245 244 243 245 245 244 241 242 237 246 244 246 248 248 247 249 247 248 245 245 247 243 250 249 251 251 250 251 251 251 250
229 233 252 244 230 232 237 252 243 244 255 248 250 253 254 257 258 256 256 255 255 255 254 256 255 253 252 252 252 252 251 250 249 247 249 247 247 247 243 242 243 242 242 245 245 245 241 238 242 242 244 247 245 246 249 250 249 249 248 248 250 248 251 252 251 250 251 251 252
242 235 250 253 246 230 243 244 244 249 248 247 252 253 257 257 257 256 255 254 253 254 254 254 253 253 252 251 251 250 249 248 247 247 246 247 245 246 243 242 243 241 242 244 242 241 241 242 243 238 240 242 247 247 246 250 248 250 248 247 249 249 251 251 252 252 251 253 253
228 236 235 232 253 251 241 233 237 242 252 255 257 257 259 260 257 256 255 252 252 252 252 253 254 253 251 250 252 250 251 249 248 246 245 247 244 241 244 245 244 244 242 243 240 242 245 245 245 243 242 243 247 244 247 247 250 250 247 247 248 250 252 252 252 251 252 253 254
233 239 233 234 228 241 230 234 240 249 253 244 251 254 257 259 261 260 258 256 252 252 253 252 252 252 254 251 250 251 250 250 248 251 246 248 248 247 248 242 245 241 242 246 245 244 244 242 244 240 242 246 252 249 250 247 248 248 249 246 248 251 252 252 253 253 253 253 255
239 243 232 231 228 228 232 235 237 241 253 247 250 252 253 258 259 260 257 256 255 255 255 252 250 251 250 253 253 252 253 253 251 250 251 251 250 249 248 248 247 245 246 248 243 244 242 248 249 249 249 250 252 248 249 251 249 249 250 249 247 249 253 253 252 253 253 253 253
239 241 246 239 226 229 237 238 238 256 247 240 248 256 254 257 258 256 257 256 253 251 253 254 254 253 250 252 252 253 251 248 251 247 248 246 246 245 247 246 245 247 245 249 246 249 246 240 241 245 245 246 248 248 253 252 250 253 250 250 249 254 252 253 252 252 252 252 253
237 243 248 237 227 230 232 235 243 241 240 245 245 250 251 255 258 256 254 253 253 252 251 250 252 252 253 254 252 251 246 246 247 246 249 244 245 243 246 243 244 242 246 240 241 242 246 242 239 240 240 248 244 251 248 253 251 248 251 252 252 254 250 251 252 252 253 253 253
239 236 240 232 246 230 233 234 257 237 240 240 241 248 251 252 255 252 251 250 252 252 250 250 250 250 252 252 251 254 250 249 250 248 245 243 245 240 246 247 246 244 240 246 246 242 244 247 247 246 247 250 248 246 248 250 249 251 249 250 251 253 252 252 252 252 253 252 252
243 240 252 243 251 254 238 241 250 243 243 240 242 252 249 250 249 247 247 249 249 248 251 248 249 250 252 254 251 253 253 255 251 249 247 248 248 250 251 246 245 248 249 244 246 247 245 245 248 250 248 251 250 250 247 251 250 250 249 251 252 253 252 252 252 253 252 253 251
241 244 249 252 255 255 255 233 237 237 239 239 239 245 243 250 248 245 244 249 248 245 246 249 249 249 250 251 251 253 253 248 247 254 248 253 247 248 251 246 245 248 244 247 246 247 248 246 245 248 250 254 250 252 252 252 253 250 247 247 251 251 252 250 251 251 251 253 253
241 244 245 247 239 252 247 233 241 236 238 238 239 246 249 251 248 246 244 247 244 243 244 249 247 251 248 247 254 251 250 251 253 255 247 242 252 246 244 249 247 246 239 245 245 249 246 247 244 248 247 249 253 250 249 249 250 251 248 250 250 250 251 253 249 251 251 254 253
234 234 244 244 241 250 241 231 237 236 236 238 240 251 245 252 250 241 250 247 246 246 242 249 251 253 250 252 256 246 252 254 254 253 252 254 252 252 248 248 251 245 245 242 244 249 251 249 248 246 250 249 253 253 246 249 248 247 250 249 246 247 253 252 248 253 251 253 255
234 234 241 238 243 246 248 245 233 235 242 241 240 251 250 249 245 243 249 245 249 244 246 244 250 256 253 253 247 242 244 252 248 254 251 251 249 251 249 243 249 245 245 246 249 248 251 251 249 249 244 250 253 248 250 252 250 251 252 251 249 248 254 252 250 251 252 252 254
237 232 236 239 235 240 243 234 232 233 242 237 240 250 247 242 243 248 247 246 244 247 245 241 251 253 253 252 244 246 242 249 243 249 251 251 248 244 251 250 253 247 244 246 247 245 250 248 244 249 247 251 254 252 255 253 249 248 249 250 251 246 249 248 248 247 252 255 257
