EcoCrop/data/climate/tmean_5.asc
NCOLS 660 
NROWS 360 
XLLCORNER -20 
YLLCORNER -30 
CELLSIZE 0.1666667 
NODATA_value -3.4e+38 
[rows 0 to 29 of 360, columns 345 to 413 of 660]
233 242 249 255 259 261 263 267 268 266 265 259 264 265 261 272 275 273 267 268 269 271 272 274 274 275 277 278 277 279 283 285 286 289 288 289 290 291 288 289 290 292 293 293 295 296 299 299 299 299 299 299 298 298 298 300 299 301 300 301 302 301 303 305 304 -3.4e+38 -3.4e+38 -3.4e+38 -3.4e+38
233 236 241 253 260 261 263 266 265 264 262 263 269 268 269 270 270 269 268 268 268 269 272 273 274 275 276 277 278 280 282 284 285 287 287 288 289 291 292 290 290 292 294 295 295 296 298 300 301 299 299 299 297 298 298 299 299 300 301 300 301 303 304 306 304 -3.4e+38 -3.4e+38 -3.4e+38 -3.4e+38
243 251 254 258 254 258 265 266 265 261 259 268 269 269 270 269 268 268 268 268 267 269 269 270 273 275 274 280 276 278 281 282 284 286 286 289 290 291 291 292 293 292 294 295 297 298 298 298 299 299 300 298 298 298 298 299 301 300 300 301 302 304 309 309 -3.4e+38 -3.4e+38 -3.4e+38 -3.4e+38 -3.4e+38
249 253 255 256 257 260 264 259 262 258 260 261 265 269 270 270 267 267 267 267 267 266 268 269 270 272 274 277 276 277 278 280 282 284 286 286 289 291 292 293 294 296 297 297 298 298 298 299 300 300 300 299 299 298 298 299 299 299 301 300 303 308 -3.4e+38 -3.4e+38 -3.4e+38 -3.4e+38 -3.4e+38 -3.4e+38 -3.4e+38
248 254 254 257 256 261 259 260 261 261 264 257 251 264 269 268 267 267 266 267 266 267 267 268 268 270 271 273 276 275 277 277 280 284 284 286 288 288 292 293 294 295 297 297 298 299 299 299 301 301 300 299 299 299 298 300 299 299 300 301 304 307 307 309 -3.4e+38 -3.4e+38 -3.4e+38 -3.4e+38 -3.4e+38
245 252 252 257 255 257 259 260 259 259 258 257 257 260 262 262 264 265 264 265 266 267 268 268 269 269 273 273 273 274 276 278 280 283 284 285 286 289 290 292 294 296 297 298 298 299 301 301 301 302 300 300 300 299 301 299 299 299 299 301 302 305 307 306 -3.4e+38 -3.4e+38 -3.4e+38 -3.4e+38 -3.4e+38
246 247 255 254 258 255 254 259 262 258 257 257 258 258 260 261 262 264 264 265 265 265 267 267 268 269 269 271 272 272 275 276 280 281 282 284 286 287 290 293 294 296 298 298 298 299 301 301 303 303 301 301 301 303 300 299 299 299 299 299 301 302 303 300 -3.4e+38 -3.4e+38 -3.4e+38 -3.4e+38 -3.4e+38
247 252 250 250 252 256 254 260 261 261 260 259 258 258 260 260 261 262 263 263 265 266 268 266 267 267 269 270 270 273 274 276 278 280 280 284 286 290 289 291 292 295 297 298 300 300 301 302 304 303 302 302 305 301 301 300 299 299 298 298 299 298 298 298 296 -3.4e+38 -3.4e+38 -3.4e+38 -3.4e+38
249 250 248 244 250 254 254 258 260 262 259 258 259 258 259 259 260 262 262 263 262 264 266 264 267 267 268 269 270 270 270 275 274 278 280 281 286 286 289 289 292 294 296 299 299 301 301 303 304 304 304 307 302 302 301 301 300 299 298 298 297 296 295 295 293 -3.4e+38 -3.4e+38 -3.4e+38 -3.4e+38
245 247 245 244 247 251 253 256 259 262 261 259 259 257 259 259 259 260 261 263 262 263 264 264 266 266 267 268 269 270 272 273 274 277 280 281 283 285 289 290 294 295 296 299 300 302 303 305 305 306 307 305 303 303 302 301 300 299 298 297 296 295 293 292 291 290 -3.4e+38 -3.4e+38 -3.4e+38
244 247 243 246 252 253 257 259 261 259 258 259 256 256 258 259 260 260 260 261 261 261 263 260 263 263 266 267 269 270 270 273 276 276 278 280 284 284 288 291 293 294 297 299 300 302 304 304 306 308 308 310 306 304 303 302 301 299 298 297 295 294 293 292 291 288 287 -3.4e+38 -3.4e+38
240 241 245 251 251 255 256 259 261 257 257 258 255 256 256 257 260 260 260 260 261 263 262 262 263 262 264 267 267 270 271 272 273 277 279 284 284 287 289 292 293 294 297 299 300 303 304 305 306 307 308 309 307 305 304 302 301 299 298 298 296 293 293 290 290 289 288 -3.4e+38 -3.4e+38
243 242 241 251 253 257 258 259 260 254 256 255 256 257 257 258 260 260 261 259 263 262 262 260 261 260 260 265 267 273 272 273 274 276 279 283 286 288 288 292 293 296 296 298 301 303 304 306 306 307 308 308 307 306 305 304 302 301 299 297 295 294 293 290 291 291 290 290 -3.4e+38
243 242 244 249 253 255 258 258 258 256 258 255 257 257 257 260 262 262 266 265 264 260 260 258 258 258 259 263 265 271 273 274 275 278 280 282 285 287 290 290 293 294 297 297 301 305 304 305 306 307 309 308 308 307 306 305 303 302 299 298 296 294 291 292 292 292 291 292 -3.4e+38
241 243 244 246 253 253 255 256 256 258 256 258 258 258 258 238 267 265 267 268 264 262 263 244 241 254 256 261 265 267 272 274 276 278 281 284 285 287 290 292 292 295 298 299 300 301 302 304 305 307 307 307 308 305 306 304 306 302 301 299 299 299 296 295 293 294 293 294 -3.4e+38
232 239 241 244 249 252 252 253 256 257 258 259 260 262 266 255 266 266 266 260 266 264 262 247 257 258 257 260 264 269 271 275 279 279 281 284 286 287 288 291 296 297 300 299 299 299 301 303 304 306 307 307 307 307 304 304 303 303 302 302 299 298 296 297 296 295 295 294 295
223 233 240 243 249 252 251 255 256 257 260 262 260 262 264 263 264 266 266 264 264 260 248 255 257 260 261 263 257 268 271 274 278 280 282 284 286 285 290 292 293 297 300 299 298 299 301 302 303 305 306 306 305 305 304 304 302 302 301 301 298 298 297 297 297 298 297 297 297
219 241 243 246 246 248 251 254 256 255 255 250 256 261 259 263 267 266 267 264 258 255 254 253 258 261 263 256 262 265 272 275 277 283 282 284 286 288 289 294 295 295 298 298 298 299 299 301 302 304 305 306 304 305 304 303 303 303 301 300 299 298 298 298 294 300 300 299 299
213 240 245 253 249 244 248 252 254 253 256 257 257 258 261 264 268 267 258 261 257 258 261 259 259 264 262 260 266 270 272 274 280 281 285 287 289 289 291 295 296 296 297 296 295 298 298 300 301 303 304 305 305 304 304 303 302 303 301 300 302 300 300 301 296 302 299 300 300
228 220 255 244 244 248 245 250 253 254 254 253 257 261 263 264 265 264 258 263 264 267 267 262 263 269 266 266 264 267 273 277 280 281 284 287 287 290 292 292 298 298 295 296 296 296 298 300 300 302 302 304 305 305 303 303 302 302 301 299 300 299 300 301 300 299 300 301 301
243 239 258 248 248 249 246 245 250 252 255 255 257 258 260 256 260 267 268 269 268 268 271 273 273 265 272 271 270 273 275 277 279 282 283 288 289 290 292 295 297 295 298 295 295 296 298 300 299 301 301 301 302 303 302 302 302 301 301 300 300 299 301 300 300 300 302 300 302
244 259 254 260 263 246 238 240 246 251 255 255 258 253 253 253 261 267 271 274 272 273 271 272 274 277 279 277 274 272 270 272 282 284 287 289 292 293 294 295 295 297 295 294 296 294 295 298 298 299 300 300 300 300 302 302 301 300 301 300 301 302 301 300 300 299 302 303 304
241 245 264 269 273 267 258 251 244 247 256 263 266 254 250 255 265 272 275 276 279 278 275 279 281 281 283 282 281 278 280 282 282 285 287 291 294 296 293 295 295 295 297 299 293 294 294 296 299 297 298 299 299 300 302 301 300 301 301 301 302 303 303 303 301 303 301 301 305
249 231 246 274 267 272 266 269 266 269 261 278 272 266 255 261 268 273 274 280 281 283 281 282 285 286 286 286 285 283 286 282 286 289 292 294 296 296 296 296 298 293 297 295 298 294 293 296 298 299 298 298 300 301 301 300 301 301 301 301 303 303 304 303 302 302 301 303 308
249 241 253 273 279 273 270 273 272 270 279 281 273 262 247 255 269 276 279 281 281 284 285 285 286 286 289 290 290 289 290 292 290 292 296 297 297 296 295 293 299 297 297 298 300 289 294 297 296 300 301 299 300 302 300 300 300 301 301 303 303 304 303 303 303 303 303 304 308
257 269 272 277 281 286 265 283 282 279 285 283 273 265 240 252 270 276 279 279 280 283 284 286 285 288 290 292 292 294 294 295 295 297 297 295 296 295 295 295 298 298 295 298 297 299 290 294 297 296 303 304 303 300 299 299 301 301 302 303 304 304 303 304 304 305 304 306 307
271 268 265 276 284 288 291 291 285 278 285 286 282 270 256 254 270 275 275 279 280 280 282 285 289 290 291 291 293 295 295 295 296 295 297 294 295 294 296 297 295 299 298 298 298 300 299 293 297 301 303 305 306 299 298 300 300 302 303 304 304 304 303 304 305 305 304 305 308
257 244 268 262 275 285 290 293 290 275 277 286 282 273 256 261 276 282 278 281 281 284 284 286 287 292 293 295 295 296 296 289 295 297 295 291 292 292 295 298 296 300 297 298 298 297 302 300 294 300 301 304 305 304 297 301 302 303 304 304 304 304 304 305 306 306 305 306 309
264 246 250 262 273 266 283 290 291 279 277 286 285 279 274 274 282 290 285 284 285 286 287 290 293 294 296 297 298 295 295 294 296 297 293 289 290 291 295 298 296 297 300 298 298 297 301 301 305 303 297 294 303 304 306 299 300 302 304 305 305 306 306 305 307 308 307 307 306
266 249 241 264 265 275 269 261 291 283 285 290 284 286 284 289 292 295 294 292 287 285 289 292 293 295 297 298 298 297 296 294 292 295 294 286 292 295 297 298 298 293 300 300 299 299 300 301 302 302 293 298 296 304 304 306 300 300 303 305 305 306 306 306 307 308 308 308 308
