EcoCrop/data/climate/tmean_4.asc
NCOLS 660 
NROWS 360 
XLLCORNER -20 
YLLCORNER -30 
CELLSIZE 0.1666667 
NODATA_value -3.4e+38 
[rows 120 to 149 of 360, columns 138 to 206 of 660]
288 287 288 294 296 300 300 300 301 309 306 304 304 302 303 303 308 315 306 314 308 307 303 298 289 284 287 282 280 276 279 276 279 274 257 257 262 278 286 292 295 297 291 291 301 307 300 295 299 297 299 301 295 308 310 288 295 301 303 302 280 302 292 307 307 314 315 321 323
284 281 288 293 297 294 298 299 300 305 302 304 306 305 306 306 309 316 316 311 301 304 298 295 293 291 288 284 282 277 275 268 270 265 255 253 266 272 282 291 292 291 294 302 302 303 294 303 301 283 289 288 296 308 315 311 305 315 314 304 296 313 311 310 317 319 317 322 321
288 282 288 292 293 289 293 298 303 306 301 303 308 309 306 310 310 314 313 306 302 304 300 292 287 286 287 286 284 273 277 277 252 262 255 251 259 264 250 283 288 286 293 293 298 305 307 288 300 301 307 308 315 317 317 316 316 314 321 319 320 320 311 316 319 321 321 322 322
283 284 286 287 291 290 291 293 299 305 302 304 305 307 305 308 312 315 312 312 308 301 295 294 288 286 281 277 284 277 278 287 291 289 253 242 250 257 250 281 302 296 302 296 306 309 292 296 296 311 314 315 315 316 314 318 321 319 321 323 322 321 319 323 322 321 319 317 317
284 284 287 286 287 291 292 290 298 301 306 307 304 309 308 300 310 312 311 313 310 303 301 300 293 288 275 275 292 289 290 291 290 286 245 244 246 258 268 285 294 306 304 304 306 309 308 309 312 313 313 310 307 310 312 318 320 323 321 323 324 325 326 326 323 320 316 312 320
281 283 284 284 284 285 288 284 289 297 304 306 309 309 306 309 308 311 312 308 308 302 301 302 302 293 286 284 293 293 294 290 288 292 283 273 292 292 302 302 303 307 305 307 306 307 307 311 312 309 306 287 295 300 310 315 302 316 319 321 318 320 322 322 321 319 320 318 317
279 284 282 278 278 283 284 283 291 295 296 295 297 305 309 310 311 312 311 307 305 306 304 303 301 295 288 292 294 295 294 290 292 296 307 301 304 303 306 306 306 306 305 307 307 305 307 310 307 306 306 291 293 301 303 310 303 310 310 317 297 314 314 317 319 320 318 316 315
284 281 277 280 280 280 281 286 285 291 291 291 300 297 301 304 309 309 309 309 304 302 300 300 298 293 280 294 297 296 295 302 285 301 306 308 306 307 304 305 305 305 304 306 306 308 308 305 306 304 296 292 276 281 298 299 303 299 300 312 311 305 310 311 316 315 316 317 315
278 281 273 279 280 279 282 285 283 288 284 291 287 296 295 294 299 303 304 304 305 299 297 299 293 287 294 292 298 295 293 306 307 305 303 307 306 305 305 305 304 302 304 305 305 305 303 300 304 302 301 286 252 285 294 296 295 228 306 306 305 299 304 304 309 310 313 312 309
283 279 279 281 280 283 279 280 282 285 283 286 287 293 288 295 293 294 296 297 302 302 296 297 298 296 295 298 299 294 304 306 301 300 301 303 305 304 302 301 301 301 302 300 301 301 298 300 299 290 289 295 251 277 289 285 300 299 303 299 297 286 296 300 301 295 304 308 305
279 280 280 277 283 278 276 282 281 276 279 277 269 286 289 285 291 289 284 284 293 295 299 293 285 297 295 299 301 299 302 301 298 298 302 298 297 301 301 298 298 298 299 298 297 300 298 298 298 298 295 267 255 250 284 292 285 292 296 300 296 291 282 287 296 299 297 300 305
283 285 278 280 284 279 279 280 279 277 276 273 267 271 278 285 276 283 276 277 279 292 297 283 288 297 299 300 299 297 301 297 299 299 302 299 297 297 299 297 293 293 297 298 295 297 297 296 297 292 287 292 273 252 285 291 286 285 291 291 293 291 286 287 293 295 289 287 288
283 283 283 281 281 280 282 279 278 279 274 275 268 268 271 270 274 275 272 273 281 287 293 295 296 282 292 291 295 300 300 301 300 299 298 299 299 297 296 294 292 293 294 292 296 294 292 295 292 291 291 292 281 278 276 287 283 279 280 280 287 287 280 279 289 272 256 253 236
284 283 286 283 282 277 281 278 282 278 276 263 267 268 265 265 266 274 273 285 285 280 293 290 290 279 280 288 290 292 296 298 299 299 298 297 294 290 293 291 290 291 291 290 293 290 254 292 289 283 282 287 289 277 270 282 247 265 215 255 279 270 262 279 279 246 235 239 274
284 285 286 286 282 278 280 281 280 278 270 256 268 270 272 272 255 275 275 270 285 289 274 281 279 275 279 277 285 290 291 294 295 292 295 293 295 293 292 289 288 290 290 291 291 260 269 275 254 263 287 282 265 255 268 252 275 268 242 252 260 273 245 229 243 254 261 262 266
286 282 286 286 281 280 282 281 281 278 278 273 271 267 270 273 274 271 271 265 286 286 293 288 276 285 281 273 274 284 286 291 292 288 293 289 288 291 289 287 287 288 287 290 286 286 247 256 247 280 283 254 244 220 265 208 268 237 238 249 252 251 242 241 243 244 243 259 245
282 288 283 281 282 281 282 278 283 281 278 275 273 270 272 271 275 280 277 276 280 287 295 286 281 283 278 276 282 289 287 292 289 290 291 289 288 287 288 286 285 284 285 286 287 286 272 249 237 276 276 270 229 231 193 200 231 239 244 250 248 245 238 237 237 233 226 224 222
283 284 285 280 284 284 285 281 279 280 274 275 264 272 273 274 275 275 279 283 280 290 297 294 292 286 278 273 281 285 291 292 292 291 289 287 285 287 286 284 285 285 284 262 283 284 277 274 209 245 269 249 233 235 236 217 228 239 242 241 245 242 242 232 231 226 223 224 221
278 284 282 280 281 286 286 284 281 282 281 272 272 276 275 280 277 281 282 287 290 294 295 295 290 277 273 277 284 287 291 292 289 290 289 286 285 282 285 285 270 282 268 282 253 259 279 266 212 209 207 205 223 235 232 239 240 241 245 229 235 245 246 230 245 238 233 241 249
281 277 282 282 287 288 288 285 286 282 279 281 281 279 280 282 282 277 265 266 280 291 293 294 291 279 265 280 285 288 289 292 288 290 286 285 283 277 282 283 282 278 245 257 246 238 274 266 230 207 221 206 225 236 237 244 246 245 245 235 238 241 245 246 244 243 244 237 237
282 281 283 284 287 288 288 287 284 284 283 282 283 279 274 281 272 273 275 270 278 286 292 293 290 283 263 282 287 288 291 292 291 291 288 285 281 277 277 252 249 257 239 251 241 241 204 229 227 204 203 224 226 229 243 245 246 247 247 245 246 248 246 247 245 244 239 237 238
284 283 283 -3.4e+38 -3.4e+38 -3.4e+38 -3.4e+38 286 286 285 284 282 282 278 277 274 274 278 273 273 279 279 291 292 291 285 265 282 288 288 292 291 291 290 284 283 282 280 252 270 277 266 238 236 222 228 184 225 222 252 252 223 240 242 244 240 247 247 248 246 245 228 242 244 241 239 240 237 242
-3.4e+38 -3.4e+38 -3.4e+38 -3.4e+38 -3.4e+38 -3.4e+38 -3.4e+38 -3.4e+38 -3.4e+38 -3.4e+38 283 282 282 280 278 278 277 277 273 271 276 279 290 287 287 287 278 285 288 289 292 292 291 288 284 282 242 254 251 232 243 254 261 220 159 188 175 250 252 254 253 252 246 244 243 239 245 246 246 244 245 243 243 239 240 242 237 239 244
-3.4e+38 -3.4e+38 -3.4e+38 -3.4e+38 -3.4e+38 -3.4e+38 -3.4e+38 -3.4e+38 -3.4e+38 -3.4e+38 -3.4e+38 282 281 280 279 279 278 276 275 275 280 286 288 283 284 284 275 287 289 290 290 291 289 287 284 281 281 279 278 249 238 197 227 224 219 219 235 239 251 254 254 245 244 244 240 244 246 245 245 250 246 243 245 246 243 242 238 239 244
-3.4e+38 -3.4e+38 -3.4e+38 -3.4e+38 -3.4e+38 -3.4e+38 -3.4e+38 -3.4e+38 -3.4e+38 -3.4e+38 -3.4e+38 -3.4e+38 281 279 281 279 280 278 279 281 283 284 286 285 276 281 281 285 287 288 289 288 283 277 278 282 281 280 279 276 241 232 222 179 230 231 216 239 254 254 253 245 228 246 247 244 253 253 250 249 246 245 244 246 245 239 239 243 242
-3.4e+38 -3.4e+38 -3.4e+38 -3.4e+38 -3.4e+38 -3.4e+38 -3.4e+38 -3.4e+38 -3.4e+38 -3.4e+38 -3.4e+38 -3.4e+38 282 281 280 280 280 280 280 281 282 283 284 279 272 279 277 281 281 286 284 280 271 268 280 277 277 279 279 274 270 230 175 224 224 230 228 234 251 254 252 250 250 245 245 245 243 253 253 254 251 245 246 248 243 240 249 234 236
-3.4e+38 -3.4e+38 -3.4e+38 -3.4e+38 -3.4e+38 -3.4e+38 -3.4e+38 -3.4e+38 -3.4e+38 -3.4e+38 -3.4e+38 -3.4e+38 -3.4e+38 281 281 280 280 279 280 281 281 282 282 279 275 272 279 280 281 282 280 274 269 252 269 271 274 266 266 276 276 266 184 212 227 232 230 228 252 250 251 250 246 245 246 243 247 251 253 252 251 250 249 248 248 249 247 239 239
-3.4e+38 -3.4e+38 -3.4e+38 -3.4e+38 -3.4e+38 -3.4e+38 -3.4e+38 -3.4e+38 -3.4e+38 -3.4e+38 -3.4e+38 -3.4e+38 -3.4e+38 -3.4e+38 281 281 279 279 280 280 280 280 280 277 276 273 272 275 281 276 278 275 271 270 270 253 269 262 270 267 270 196 210 207 209 227 236 240 249 255 255 249 254 257 253 252 250 251 251 250 248 250 248 251 245 246 238 238 239
-3.4e+38 -3.4e+38 -3.4e+38 -3.4e+38 -3.4e+38 -3.4e+38 -3.4e+38 -3.4e+38 -3.4e+38 -3.4e+38 -3.4e+38 -3.4e+38 -3.4e+38 -3.4e+38 281 281 279 279 279 279 278 278 277 276 276 275 273 275 276 276 278 277 270 270 269 242 258 264 267 265 250 245 246 216 187 231 234 239 255 251 256 256 256 256 255 256 254 252 252 250 250 249 248 248 248 244 241 242 242
-3.4e+38 -3.4e+38 -3.4e+38 -3.4e+38 -3.4e+38 -3.4e+38 -3.4e+38 -3.4e+38 -3.4e+38 -3.4e+38 -3.4e+38 -3.4e+38 -3.4e+38 -3.4e+38 279 279 280 279 279 279 279 278 277 275 274 274 274 274 275 278 277 272 273 270 270 265 238 233 256 227 214 223 234 244 217 215 242 245 254 229 252 257 257 256 255 254 253 253 251 251 250 248 247 248 248 246 243 247 244
