EcoCrop/data/climate/tmean_9.asc
NCOLS 660 
NROWS 360 
XLLCORNER -20 
YLLCORNER -30 
CELLSIZE 0.1666667 
NODATA_value -3.4e+38 
[rows 300 to 329 of 360, columns 276 to 344 of 660]
225 225 224 222 220 218 216 214 212 211 210 205 204 200 199 200 195 193 197 198 191 190 196 199 206 205 205 201 194 195 196 189 194 201 183 210 213 218 213 198 186 195 222 228 230 229 233 228 227 232 234 233 231 -3.4e+38 -3.4e+38 -3.4e+38 -3.4e+38 -3.4e+38 -3.4e+38 -3.4e+38 -3.4e+38 -3.4e+38 -3.4e+38 -3.4e+38 -3.4e+38 -3.4e+38 -3.4e+38 -3.4e+38 -3.4e+38
224 224 222 220 218 215 212 209 207 206 202 201 195 196 192 187 189 201 199 200 195 197 197 199 206 209 206 207 206 194 198 191 205 211 212 212 217 220 211 182 191 199 218 224 230 230 230 220 226 231 231 231 -3.4e+38 -3.4e+38 -3.4e+38 -3.4e+38 -3.4e+38 -3.4e+38 -3.4e+38 -3.4e+38 -3.4e+38 -3.4e+38 -3.4e+38 -3.4e+38 -3.4e+38 -3.4e+38 -3.4e+38 -3.4e+38 -3.4e+38
223 222 220 217 214 213 207 204 202 199 201 198 191 189 189 183 194 199 201 199 197 194 196 201 193 207 203 205 207 201 207 212 210 210 198 216 219 222 204 195 186 205 221 229 228 227 224 225 229 229 231 230 -3.4e+38 -3.4e+38 -3.4e+38 -3.4e+38 -3.4e+38 -3.4e+38 -3.4e+38 -3.4e+38 -3.4e+38 -3.4e+38 -3.4e+38 -3.4e+38 -3.4e+38 -3.4e+38 -3.4e+38 -3.4e+38 -3.4e+38
221 219 217 214 212 209 205 203 201 201 201 197 193 192 195 191 190 199 202 202 200 198 196 180 199 201 210 211 210 211 207 214 210 215 214 218 217 221 203 205 209 226 228 225 224 220 223 228 230 229 229 229 230 -3.4e+38 -3.4e+38 -3.4e+38 -3.4e+38 -3.4e+38 -3.4e+38 -3.4e+38 -3.4e+38 -3.4e+38 -3.4e+38 -3.4e+38 -3.4e+38 -3.4e+38 -3.4e+38 -3.4e+38 -3.4e+38
219 218 214 211 209 207 205 206 204 202 203 201 198 202 202 202 202 201 201 204 200 198 201 198 203 203 210 209 209 214 207 222 218 220 218 221 217 219 217 209 226 219 225 219 221 224 227 230 229 229 229 228 228 229 -3.4e+38 -3.4e+38 -3.4e+38 -3.4e+38 -3.4e+38 -3.4e+38 -3.4e+38 -3.4e+38 -3.4e+38 -3.4e+38 -3.4e+38 -3.4e+38 -3.4e+38 -3.4e+38 -3.4e+38
218 217 213 210 207 207 205 206 206 206 206 204 205 205 206 204 205 202 200 203 202 199 201 202 208 211 212 213 216 217 219 219 218 221 221 222 223 221 220 219 223 222 220 219 222 226 228 229 229 228 226 225 226 228 226 -3.4e+38 -3.4e+38 -3.4e+38 -3.4e+38 -3.4e+38 -3.4e+38 -3.4e+38 -3.4e+38 -3.4e+38 -3.4e+38 -3.4e+38 -3.4e+38 -3.4e+38 -3.4e+38
216 215 212 208 205 204 204 206 207 208 209 209 207 209 208 204 207 203 201 204 204 204 208 207 209 213 217 214 215 217 219 220 226 224 226 227 223 224 226 229 231 223 227 225 227 229 228 229 226 226 225 225 225 223 -3.4e+38 -3.4e+38 -3.4e+38 -3.4e+38 -3.4e+38 -3.4e+38 -3.4e+38 -3.4e+38 -3.4e+38 -3.4e+38 -3.4e+38 -3.4e+38 -3.4e+38 -3.4e+38 -3.4e+38
209 210 208 206 204 202 203 206 208 209 209 211 211 209 209 207 204 207 202 208 210 210 208 211 212 214 215 215 213 215 216 221 222 227 228 230 224 228 236 234 235 231 229 230 229 229 229 228 226 225 224 220 221 220 -3.4e+38 -3.4e+38 -3.4e+38 -3.4e+38 -3.4e+38 -3.4e+38 -3.4e+38 -3.4e+38 -3.4e+38 -3.4e+38 -3.4e+38 -3.4e+38 -3.4e+38 -3.4e+38 -3.4e+38
206 204 202 202 201 203 203 204 206 208 211 211 212 211 211 213 211 210 206 210 214 212 213 212 216 216 215 214 213 214 216 219 223 224 227 229 236 230 233 237 239 238 237 236 233 232 231 229 223 223 221 217 219 219 220 -3.4e+38 -3.4e+38 -3.4e+38 -3.4e+38 -3.4e+38 -3.4e+38 -3.4e+38 -3.4e+38 -3.4e+38 -3.4e+38 -3.4e+38 -3.4e+38 -3.4e+38 -3.4e+38
203 201 199 200 201 203 205 205 206 206 209 211 214 214 214 215 215 216 214 212 214 215 212 215 217 220 219 215 214 216 220 222 223 218 222 227 232 229 231 234 237 238 240 236 233 230 227 224 219 220 218 217 217 219 220 220 -3.4e+38 -3.4e+38 -3.4e+38 -3.4e+38 -3.4e+38 -3.4e+38 -3.4e+38 -3.4e+38 -3.4e+38 -3.4e+38 -3.4e+38 -3.4e+38 -3.4e+38
200 198 198 201 201 201 201 202 205 208 209 211 213 212 212 213 216 219 220 217 216 218 218 218 218 219 218 220 218 217 211 221 226 223 224 230 229 232 234 235 238 239 239 236 233 229 225 221 217 217 215 216 217 219 220 218 -3.4e+38 -3.4e+38 -3.4e+38 -3.4e+38 -3.4e+38 -3.4e+38 -3.4e+38 -3.4e+38 -3.4e+38 -3.4e+38 -3.4e+38 -3.4e+38 -3.4e+38
198 195 195 196 196 196 199 202 203 205 210 211 213 217 218 217 215 217 216 219 217 217 221 221 219 216 216 219 222 220 214 225 233 229 225 232 234 233 235 237 239 240 239 236 234 229 225 223 218 216 217 215 217 218 220 219 -3.4e+38 -3.4e+38 -3.4e+38 -3.4e+38 -3.4e+38 -3.4e+38 -3.4e+38 -3.4e+38 -3.4e+38 -3.4e+38 -3.4e+38 -3.4e+38 -3.4e+38
195 193 190 188 186 190 196 196 201 203 205 208 211 213 214 215 217 214 216 216 216 218 220 222 221 220 218 220 223 229 225 235 240 232 226 232 233 236 237 239 240 240 239 238 234 230 225 225 219 217 215 216 217 219 220 219 -3.4e+38 -3.4e+38 -3.4e+38 -3.4e+38 -3.4e+38 -3.4e+38 -3.4e+38 -3.4e+38 -3.4e+38 -3.4e+38 -3.4e+38 -3.4e+38 -3.4e+38
194 191 188 186 184 193 197 194 196 201 204 206 208 210 212 214 214 216 214 214 213 214 213 219 225 227 226 226 226 228 228 232 242 240 228 232 235 237 238 239 240 241 241 238 236 231 226 227 222 219 218 218 219 219 221 220 221 -3.4e+38 -3.4e+38 -3.4e+38 -3.4e+38 -3.4e+38 -3.4e+38 -3.4e+38 -3.4e+38 -3.4e+38 -3.4e+38 -3.4e+38 -3.4e+38
192 190 187 190 190 194 197 199 200 203 206 206 209 211 209 209 210 211 208 208 206 206 208 217 228 226 223 227 226 227 233 239 239 240 232 232 235 237 239 239 240 241 241 240 237 234 231 230 226 223 219 219 219 219 220 220 221 -3.4e+38 -3.4e+38 -3.4e+38 -3.4e+38 -3.4e+38 -3.4e+38 -3.4e+38 -3.4e+38 -3.4e+38 -3.4e+38 -3.4e+38 -3.4e+38
192 188 190 194 195 197 197 198 202 205 207 209 210 212 212 212 208 209 201 203 201 206 211 212 217 221 222 218 216 223 222 222 227 232 234 230 233 236 238 240 241 242 242 241 239 236 233 232 228 227 224 221 220 220 221 221 219 -3.4e+38 -3.4e+38 -3.4e+38 -3.4e+38 -3.4e+38 -3.4e+38 -3.4e+38 -3.4e+38 -3.4e+38 -3.4e+38 -3.4e+38 -3.4e+38
191 186 187 188 182 194 196 199 200 203 202 209 211 210 207 205 207 203 200 200 203 204 203 208 211 182 183 208 205 221 223 223 220 221 228 236 231 234 237 239 240 242 243 243 242 240 237 234 230 229 227 223 223 220 220 220 219 -3.4e+38 -3.4e+38 -3.4e+38 -3.4e+38 -3.4e+38 -3.4e+38 -3.4e+38 -3.4e+38 -3.4e+38 -3.4e+38 -3.4e+38 -3.4e+38
192 193 188 188 193 194 195 197 199 204 207 211 212 209 203 205 204 200 197 198 197 185 181 179 192 198 206 214 217 220 221 222 222 216 222 228 231 232 235 237 240 241 242 243 243 241 240 237 234 231 229 226 223 221 219 219 217 -3.4e+38 -3.4e+38 -3.4e+38 -3.4e+38 -3.4e+38 -3.4e+38 -3.4e+38 -3.4e+38 -3.4e+38 -3.4e+38 -3.4e+38 -3.4e+38
195 196 195 198 198 200 198 201 202 204 207 212 211 207 202 204 202 181 194 192 185 192 188 185 195 201 211 211 214 215 218 220 221 220 218 225 228 233 234 236 239 241 242 243 243 242 242 239 236 232 231 228 224 222 219 218 217 -3.4e+38 -3.4e+38 -3.4e+38 -3.4e+38 -3.4e+38 -3.4e+38 -3.4e+38 -3.4e+38 -3.4e+38 -3.4e+38 -3.4e+38 -3.4e+38
198 200 200 201 203 203 202 202 204 207 207 211 209 205 202 201 199 178 189 185 186 186 176 182 189 203 210 209 213 214 215 217 218 222 221 221 228 235 233 236 238 240 241 243 243 243 242 240 237 234 233 229 225 222 219 218 216 -3.4e+38 -3.4e+38 -3.4e+38 -3.4e+38 -3.4e+38 -3.4e+38 -3.4e+38 -3.4e+38 -3.4e+38 -3.4e+38 -3.4e+38 -3.4e+38
201 200 203 204 205 204 204 205 208 208 209 209 211 203 200 204 197 192 183 182 182 180 174 168 184 200 205 210 211 216 216 214 216 217 224 226 227 230 234 235 237 239 241 242 243 243 242 240 238 234 231 229 225 221 217 216 218 -3.4e+38 -3.4e+38 -3.4e+38 -3.4e+38 -3.4e+38 -3.4e+38 -3.4e+38 -3.4e+38 -3.4e+38 -3.4e+38 -3.4e+38 -3.4e+38
199 201 202 202 205 208 208 207 207 209 212 207 208 202 200 202 197 193 183 180 178 173 168 164 189 189 194 209 212 215 218 217 219 219 221 228 227 229 233 234 236 239 240 242 242 242 242 240 238 235 231 229 224 218 214 213 221 -3.4e+38 -3.4e+38 -3.4e+38 -3.4e+38 -3.4e+38 -3.4e+38 -3.4e+38 -3.4e+38 -3.4e+38 -3.4e+38 -3.4e+38 -3.4e+38
194 200 199 203 204 209 209 206 207 211 212 202 200 202 189 201 196 191 184 178 174 171 154 149 181 196 209 209 212 215 216 219 221 221 218 223 229 227 232 234 236 238 240 241 242 242 241 240 237 234 234 230 224 216 211 213 -3.4e+38 -3.4e+38 -3.4e+38 -3.4e+38 -3.4e+38 -3.4e+38 -3.4e+38 -3.4e+38 -3.4e+38 -3.4e+38 -3.4e+38 -3.4e+38 -3.4e+38
198 201 204 207 210 211 211 210 205 200 205 185 178 190 184 188 200 192 174 168 175 165 151 138 163 206 197 205 210 214 217 216 215 219 219 222 225 229 230 234 235 238 240 241 241 242 241 240 236 234 235 229 224 217 210 209 221 -3.4e+38 -3.4e+38 -3.4e+38 -3.4e+38 -3.4e+38 -3.4e+38 -3.4e+38 -3.4e+38 -3.4e+38 -3.4e+38 -3.4e+38 -3.4e+38
201 203 207 210 209 213 210 213 213 203 199 181 176 178 179 179 189 200 185 167 165 158 170 142 177 172 205 207 210 211 218 219 218 217 219 215 219 225 229 232 234 237 239 241 241 241 240 239 237 234 232 232 227 222 215 211 217 -3.4e+38 -3.4e+38 -3.4e+38 -3.4e+38 -3.4e+38 -3.4e+38 -3.4e+38 -3.4e+38 -3.4e+38 -3.4e+38 -3.4e+38 -3.4e+38
202 205 207 207 213 215 214 213 211 206 181 179 183 179 168 169 190 181 175 162 175 170 187 190 175 175 201 206 208 209 211 211 212 214 215 216 216 222 226 229 233 235 239 240 240 240 239 236 234 233 232 232 229 224 217 216 218 -3.4e+38 -3.4e+38 -3.4e+38 -3.4e+38 -3.4e+38 -3.4e+38 -3.4e+38 -3.4e+38 -3.4e+38 -3.4e+38 -3.4e+38 -3.4e+38
201 205 206 212 213 215 218 218 211 193 172 171 183 183 178 182 193 195 196 195 194 196 197 175 192 163 201 186 198 205 206 207 208 210 213 217 220 220 224 227 229 232 235 238 240 239 235 233 233 232 229 230 227 225 220 218 -3.4e+38 -3.4e+38 -3.4e+38 -3.4e+38 -3.4e+38 -3.4e+38 -3.4e+38 -3.4e+38 -3.4e+38 -3.4e+38 -3.4e+38 -3.4e+38 -3.4e+38
204 204 208 210 211 212 216 221 221 213 192 176 182 179 171 171 194 193 195 195 198 193 173 174 181 169 181 176 167 189 199 204 207 209 211 213 218 217 223 225 226 226 228 233 238 237 232 229 227 228 226 227 225 227 220 -3.4e+38 -3.4e+38 -3.4e+38 -3.4e+38 -3.4e+38 -3.4e+38 -3.4e+38 -3.4e+38 -3.4e+38 -3.4e+38 -3.4e+38 -3.4e+38 -3.4e+38 -3.4e+38
198 199 207 206 207 206 206 213 218 196 198 188 180 171 180 185 190 189 195 195 199 186 169 168 157 188 185 161 150 173 202 206 209 207 209 211 216 217 221 224 224 223 223 227 233 234 227 223 224 225 223 220 225 -3.4e+38 -3.4e+38 -3.4e+38 -3.4e+38 -3.4e+38 -3.4e+38 -3.4e+38 -3.4e+38 -3.4e+38 -3.4e+38 -3.4e+38 -3.4e+38 -3.4e+38 -3.4e+38 -3.4e+38 -3.4e+38
194 202 205 204 202 201 208 210 209 209 196 196 193 192 188 188 188 188 192 198 196 171 157 170 168 150 174 145 160 176 194 207 208 209 210 211 217 221 220 223 223 221 219 220 223 224 220 218 220 223 -3.4e+38 -3.4e+38 -3.4e+38 -3.4e+38 -3.4e+38 -3.4e+38 -3.4e+38 -3.4e+38 -3.4e+38 -3.4e+38 -3.4e+38 -3.4e+38 -3.4e+38 -3.4e+38 -3.4e+38 -3.4e+38 -3.4e+38 -3.4e+38 -3.4e+38
