EcoCrop/data/climate/tmean_1.asc
NCOLS 660 
NROWS 360 
XLLCORNER -20 
YLLCORNER -30 
CELLSIZE 0.1666667 
NODATA_value -3.4e+38 
[rows 60 to 89 of 360, columns 69 to 137 of 660]
197 196 196 197 196 197 196 195 195 194 194 193 193 192 191 190 190 189 188 187 187 185 184 184 184 183 182 182 181 181 182 182 182 184 184 186 186 188 190 190 189 191 192 192 198 196 195 196 194 199 197 195 198 199 199 198 197 195 189 187 184 181 177 175 170 166 166 165 164
199 198 198 197 198 197 198 196 197 197 196 195 195 193 193 191 191 190 188 187 188 186 186 185 183 183 182 182 182 182 183 183 184 184 186 187 188 189 190 192 191 194 193 195 197 200 199 195 195 198 197 198 197 201 200 198 198 196 189 186 182 181 178 175 173 171 168 168 169
199 199 199 199 199 199 198 199 197 197 196 197 195 195 193 193 192 191 189 189 187 187 185 185 185 183 183 182 182 182 182 182 183 185 186 188 189 190 192 191 193 195 194 197 197 201 196 195 198 199 197 199 201 201 201 200 198 194 185 185 185 182 181 177 175 172 171 172 174
202 201 200 202 201 200 201 199 200 198 199 197 197 196 195 195 194 191 191 190 189 187 186 186 185 184 183 183 182 183 183 184 185 186 187 187 189 191 191 193 194 194 196 198 199 200 200 197 199 196 197 200 202 204 202 201 199 196 193 188 186 183 179 179 175 174 177 175 176
202 203 202 202 202 203 201 202 201 200 199 200 199 198 197 195 194 194 193 191 189 188 187 186 186 185 184 183 183 182 183 183 184 186 188 189 190 191 191 194 194 196 198 197 199 200 201 201 197 199 200 203 204 205 205 202 198 194 189 188 187 187 180 181 180 177 180 180 182
204 204 204 205 205 203 204 203 203 202 202 200 199 199 197 196 195 195 193 192 191 190 188 187 187 186 185 184 182 181 182 184 185 188 189 189 192 192 193 195 197 197 198 199 200 202 202 200 201 201 202 203 205 206 205 203 202 197 193 193 192 191 188 184 181 179 183 183 184
206 207 207 205 206 205 206 204 205 205 202 203 202 200 200 199 198 197 194 194 193 191 190 189 188 187 186 185 183 182 183 184 185 188 190 191 192 194 197 198 197 199 199 202 201 200 202 200 202 202 204 205 205 205 207 205 204 193 198 195 195 193 189 186 183 182 184 185 185
208 207 208 207 207 208 208 206 207 205 205 203 203 203 201 199 198 197 196 196 194 193 192 190 190 187 187 185 184 183 184 185 187 189 191 192 194 195 197 198 200 201 201 202 202 202 205 202 203 203 208 206 206 207 209 207 205 203 201 198 194 193 191 191 188 188 188 191 190
212 209 209 209 210 210 210 208 208 208 207 205 205 203 202 201 201 200 199 196 195 194 192 191 190 189 189 187 187 186 187 186 189 191 192 194 197 197 198 200 200 202 203 202 202 203 205 202 204 207 207 207 208 209 210 207 206 206 202 197 198 195 195 192 192 190 190 193 193
214 211 212 211 211 212 212 211 211 209 209 208 206 206 205 204 203 201 199 198 196 196 195 193 192 191 190 188 189 189 189 190 190 192 195 195 198 199 199 202 204 205 205 207 206 208 207 207 208 211 210 206 210 212 212 209 209 205 202 203 200 200 197 195 193 194 195 196 196
217 218 216 214 213 214 214 213 214 212 212 210 209 208 207 205 204 203 202 200 199 196 196 194 193 192 192 191 191 191 191 191 192 194 196 197 199 200 202 204 204 206 208 209 208 209 209 209 210 211 212 209 211 213 214 211 210 208 208 205 204 201 199 198 197 196 198 199 199
219 221 218 215 216 216 215 216 215 215 214 213 212 210 209 207 207 205 204 202 200 199 197 197 196 195 193 193 192 192 192 194 194 195 197 200 200 204 203 206 206 209 209 211 211 213 211 213 211 213 215 212 212 214 214 214 213 212 210 205 206 205 201 201 201 202 200 201 201
219 220 222 226 218 218 216 217 217 216 216 215 213 212 212 210 209 206 205 203 203 200 200 198 197 196 196 195 195 195 195 195 196 197 200 201 203 205 206 207 209 210 212 212 214 215 215 216 215 215 218 215 215 216 216 214 214 212 211 208 207 206 206 205 203 203 203 205 204
222 224 224 229 229 227 220 219 219 219 219 218 215 214 214 211 210 209 208 205 205 202 202 201 200 198 197 198 197 198 197 197 199 200 200 202 205 207 209 209 212 213 214 216 216 216 217 218 219 216 219 217 219 218 217 215 215 213 211 211 209 208 208 207 207 207 208 206 207
225 227 225 226 228 228 228 222 221 221 220 220 218 217 216 213 213 211 210 207 207 205 204 202 202 202 200 199 200 199 200 200 200 201 202 205 206 208 211 213 214 215 218 217 219 220 220 219 219 220 219 220 220 219 219 217 217 216 213 214 211 210 211 212 211 210 211 209 209
226 227 228 229 230 231 233 229 224 222 223 222 220 219 217 216 215 213 211 210 208 208 206 204 203 204 203 201 201 201 201 202 202 203 205 205 209 212 212 216 216 218 219 221 222 223 222 222 223 221 222 221 222 221 222 221 219 218 216 214 212 214 213 215 213 213 212 212 210
228 228 229 230 230 231 230 230 231 225 225 222 222 220 218 217 216 214 213 211 211 210 207 207 206 205 205 204 204 203 203 202 204 205 205 208 210 214 216 218 219 220 222 223 223 224 224 224 224 225 222 222 222 222 221 222 221 220 219 217 215 215 216 214 216 214 214 212 211
229 230 230 231 232 232 235 229 228 226 226 225 223 222 219 218 217 215 215 213 212 210 210 209 209 208 206 207 206 204 204 205 204 206 207 210 212 215 217 220 222 223 225 225 225 225 226 226 226 226 225 224 225 223 225 225 223 222 220 219 217 216 216 218 217 217 215 212 208
229 231 230 232 235 238 237 229 228 226 227 225 223 223 222 219 218 216 215 215 214 212 211 210 210 210 209 208 209 207 205 205 206 206 210 213 215 218 220 224 225 226 228 227 226 228 227 228 228 227 225 226 226 226 225 225 225 223 223 221 219 215 218 219 220 218 211 211 212
231 230 233 234 238 239 240 230 228 229 228 225 225 224 221 221 219 219 218 216 215 215 214 212 212 211 213 212 211 209 210 209 208 209 212 215 216 220 221 225 225 227 229 228 227 227 227 227 228 229 227 227 227 228 227 227 226 226 224 225 223 220 221 222 221 221 217 213 215
231 231 234 235 237 240 240 235 229 227 226 226 226 223 222 221 221 219 218 217 217 216 215 214 215 213 214 214 214 211 212 212 213 213 214 216 219 221 225 226 227 228 229 228 228 227 226 229 226 228 227 227 227 229 229 228 228 228 227 225 224 223 221 223 222 221 218 219 212
232 233 233 236 236 238 238 239 234 226 227 226 225 225 224 222 220 219 218 218 217 216 214 215 215 217 216 216 216 215 215 215 214 216 217 218 222 224 226 226 228 227 229 232 228 227 226 228 226 225 227 227 229 230 231 231 230 231 228 227 225 225 221 222 222 220 218 222 217
230 231 233 233 235 235 237 236 232 232 227 225 226 225 223 223 221 220 218 217 217 215 216 215 215 216 217 218 217 217 218 218 217 218 220 221 222 226 224 229 228 229 230 233 231 230 228 227 227 226 227 227 231 232 233 234 232 231 230 230 226 227 223 226 225 223 222 223 222
230 230 231 231 232 233 233 231 230 229 226 226 226 223 223 222 222 218 220 217 215 215 214 216 217 217 213 219 219 219 220 219 219 220 222 223 224 226 227 230 231 231 231 232 232 232 230 229 229 230 228 232 232 235 236 236 235 233 232 232 229 229 227 227 229 227 224 224 223
229 229 230 230 231 229 230 230 230 228 227 224 224 224 222 224 220 219 217 216 213 217 217 216 217 217 220 220 220 220 221 222 221 222 224 224 226 229 229 231 231 232 233 236 232 231 231 230 231 230 232 233 236 240 240 238 238 237 235 233 234 231 229 228 227 230 227 226 227
228 229 227 227 227 226 227 229 227 227 226 225 223 223 221 221 222 219 215 215 217 217 217 218 218 219 221 222 222 222 221 221 222 224 225 226 226 229 231 233 234 234 236 235 235 231 233 233 233 230 232 237 240 244 244 242 240 240 236 237 234 232 231 230 228 229 230 228 229
227 226 225 225 226 226 226 226 227 227 226 224 224 222 221 222 220 221 219 219 217 218 218 218 218 219 221 221 221 222 222 224 224 224 226 228 229 232 234 237 236 239 237 236 235 235 232 234 234 235 236 239 240 244 246 244 242 239 239 238 234 233 233 231 231 231 232 230 230
225 225 224 224 225 224 223 223 225 225 226 225 223 222 221 221 221 219 219 218 217 216 217 218 218 219 220 222 222 222 224 224 225 224 227 228 231 232 236 240 241 240 241 239 238 238 236 233 234 237 237 238 241 242 244 245 241 239 239 239 235 234 235 235 234 233 234 233 232
223 224 225 224 225 224 222 222 223 223 222 224 222 221 220 220 221 220 219 217 217 216 216 217 217 219 221 221 221 218 223 225 226 225 220 229 233 234 236 239 236 242 239 241 239 239 238 236 235 233 237 239 240 242 243 243 243 241 239 238 236 237 236 236 235 234 236 235 234
226 224 226 225 223 223 222 221 223 222 223 223 224 220 221 221 221 219 218 216 216 216 217 216 218 220 221 223 222 223 224 223 224 208 226 230 233 231 237 239 241 241 241 241 241 239 238 236 237 233 236 237 240 239 241 241 240 240 242 240 238 238 238 238 237 237 237 238 234
