EcoCrop/data/climate/tmean_1.asc
NCOLS 660 
NROWS 360 
XLLCORNER -20 
YLLCORNER -30 
CELLSIZE 0.1666667 
NODATA_value -3.4e+38 
[rows 30 to 59 of 360, columns 552 to 620 of 660]
186 183 171 180 180 168 175 168 151 153 158 161 164 166 168 168 161 165 168 169 170 172 172 170 175 175 174 174 174 168 165 160 162 162 162 162 162 169 167 169 167 167 166 163 163 161 163 165 168 168 168 159 156 158 158 160 170 159 159 167 168 166 165 161 160 160 160 157 163
184 182 178 180 178 176 173 164 147 152 158 163 167 168 168 169 166 164 168 173 174 174 167 173 170 175 176 177 177 173 171 166 163 165 164 164 170 172 171 172 169 169 166 167 165 163 166 166 164 160 157 162 165 166 164 166 164 161 160 158 157 155 163 161 160 161 160 161 158
187 185 184 183 155 180 173 163 160 159 162 165 167 169 170 170 170 171 170 167 169 175 170 175 174 174 179 176 177 178 176 169 168 166 167 171 172 172 172 173 171 169 170 169 162 166 165 163 159 165 165 166 168 169 166 165 164 164 162 156 158 165 161 158 167 165 168 160 153
188 186 186 186 183 172 179 172 162 156 168 174 174 170 171 171 169 173 174 174 177 175 176 177 177 180 181 185 182 179 179 174 170 171 171 172 175 176 170 175 173 174 171 168 162 165 162 168 166 166 161 157 167 168 167 168 166 168 167 166 163 166 154 163 164 164 166 167 167
190 190 187 185 179 182 184 175 161 161 171 180 179 173 175 174 175 174 177 176 178 176 179 180 181 185 185 190 190 187 183 177 175 174 176 177 178 178 178 175 173 174 171 166 164 168 170 169 168 161 164 158 168 168 167 163 169 167 165 165 164 165 161 163 163 164 164 168 168
192 191 190 188 184 189 187 180 174 179 177 186 185 180 187 182 174 175 179 177 180 179 180 181 184 188 189 194 195 192 186 185 178 176 179 181 180 180 179 177 177 174 174 173 175 172 171 164 165 166 166 167 169 170 170 163 167 167 161 168 164 164 160 168 170 170 164 166 166
193 192 192 191 191 191 189 181 180 182 185 187 190 191 191 187 181 178 178 179 181 180 182 182 186 190 190 193 195 193 188 186 179 181 183 184 182 182 176 180 178 178 178 178 175 172 173 168 166 168 167 168 170 171 169 169 168 169 165 167 158 166 154 168 167 165 161 165 163
194 195 195 193 194 193 192 192 190 184 187 191 192 194 190 189 185 179 180 183 181 184 183 182 186 191 194 192 195 193 188 188 183 185 184 184 183 183 180 181 178 179 180 179 176 176 171 168 161 169 169 169 170 168 168 170 168 169 168 166 164 157 155 157 169 167 165 162 154
195 195 196 196 196 196 194 194 194 193 191 193 196 195 194 191 188 181 182 184 182 184 183 185 187 191 192 192 192 191 188 186 184 185 184 185 184 179 181 178 179 178 180 178 178 176 166 170 166 169 164 169 169 169 169 173 169 166 165 161 154 156 158 154 159 157 162 155 156
196 196 197 198 199 197 198 196 195 194 196 197 197 196 192 190 183 183 185 183 184 184 184 184 184 187 192 191 190 189 188 183 184 185 186 184 184 180 179 176 180 180 181 177 175 174 174 168 170 169 166 169 159 169 171 171 173 172 169 166 165 159 159 156 167 165 165 162 157
197 198 198 200 200 200 199 199 197 199 201 200 197 196 194 189 190 188 188 183 184 184 185 184 185 188 191 191 190 188 186 184 182 185 186 186 176 187 190 187 184 182 180 177 175 176 174 171 168 163 162 163 155 154 170 171 171 174 171 172 170 174 169 170 169 167 166 164 161
197 199 200 202 201 202 201 200 202 202 197 199 193 195 195 193 191 190 189 184 184 184 183 185 185 185 189 189 188 188 184 185 187 188 188 189 183 192 191 190 190 188 182 184 180 178 173 171 167 167 162 161 155 159 151 162 169 172 174 176 174 179 176 177 173 169 167 155 159
199 199 202 203 203 202 204 204 203 203 200 200 195 195 196 196 192 187 189 185 185 184 182 181 176 187 184 187 188 185 188 190 188 186 188 194 193 193 194 192 189 188 186 185 182 176 167 174 170 169 163 165 162 165 164 164 155 159 167 173 175 181 184 184 176 171 167 161 152
199 199 202 202 204 203 204 205 205 204 202 200 198 196 193 194 190 188 187 185 185 183 181 182 185 185 188 194 194 195 198 197 197 197 196 195 196 195 192 190 190 181 185 178 178 172 171 170 174 171 170 172 165 169 165 153 162 165 148 175 177 177 183 184 181 180 166 158 171
199 199 201 203 203 205 204 205 206 206 204 200 197 193 192 192 189 187 184 184 184 184 181 182 188 195 192 199 200 201 200 201 199 198 197 194 194 192 191 188 188 167 176 176 173 173 173 174 175 170 175 167 171 169 170 165 157 162 177 186 189 183 190 193 163 179 188 189 179
198 199 201 202 204 205 206 207 207 207 206 206 205 203 199 199 200 200 200 190 183 186 182 192 201 203 202 201 203 202 202 200 200 197 194 197 195 189 157 185 163 160 172 174 176 177 182 180 180 177 178 177 168 171 171 173 176 190 184 182 193 195 193 196 195 187 196 193 183
198 199 201 -3.4e+38 206 207 207 209 211 210 211 207 206 201 203 204 206 207 205 206 206 206 205 205 207 206 203 202 205 205 202 202 197 190 189 196 196 163 169 168 175 176 177 178 181 182 185 182 189 176 174 176 173 172 163 187 191 194 196 196 198 198 199 199 200 196 201 190 197
197 198 -3.4e+38 204 207 209 211 213 214 214 212 209 207 199 209 202 210 212 210 208 207 206 206 204 205 207 205 206 206 206 203 201 194 188 189 190 197 181 176 183 178 180 182 182 183 182 186 191 192 189 178 181 181 178 181 192 195 197 198 201 201 202 202 204 205 204 204 202 203
195 197 -3.4e+38 -3.4e+38 210 214 216 217 216 216 214 194 205 206 189 181 204 205 205 208 207 205 209 206 206 205 205 208 208 205 197 196 195 195 189 188 182 184 182 186 183 185 186 190 187 185 188 188 197 193 178 177 181 179 186 196 198 200 200 203 203 204 205 206 207 208 206 208 208
195 -3.4e+38 -3.4e+38 208 214 217 219 218 208 206 198 198 188 189 194 204 202 196 202 203 202 206 207 207 204 205 208 207 207 201 207 206 198 198 189 193 188 184 185 194 192 197 190 193 198 198 200 200 200 201 198 182 188 181 196 199 201 201 203 203 205 207 208 208 208 209 209 209 208
194 201 -3.4e+38 -3.4e+38 -3.4e+38 219 221 219 214 211 200 211 215 216 214 211 204 198 196 197 197 202 198 202 197 205 206 208 210 210 209 199 191 185 188 195 191 195 200 200 204 204 193 199 201 202 203 205 204 202 202 182 183 189 200 201 204 204 204 204 205 206 207 203 207 209 209 207 207
201 -3.4e+38 -3.4e+38 -3.4e+38 218 222 221 219 218 210 215 218 216 214 216 216 214 212 208 209 205 197 189 200 201 211 215 214 212 209 207 197 189 191 206 201 211 208 207 204 204 206 206 204 204 205 206 206 202 203 203 202 193 201 202 203 205 204 206 205 207 207 205 203 207 205 208 206 208
207 -3.4e+38 -3.4e+38 -3.4e+38 221 222 223 222 221 222 220 217 212 199 210 213 216 216 216 215 215 212 213 213 216 216 215 199 201 203 205 206 214 214 215 214 215 211 209 205 204 207 208 207 208 207 209 202 205 204 203 200 198 202 203 205 205 205 205 205 207 205 205 207 207 208 208 206 208
-3.4e+38 -3.4e+38 -3.4e+38 -3.4e+38 -3.4e+38 224 224 224 221 218 205 212 198 195 205 211 213 216 217 217 217 218 219 220 220 215 213 217 217 217 217 218 218 219 220 216 219 215 206 204 209 209 209 210 210 210 208 209 208 206 203 200 203 204 205 205 205 205 205 206 207 205 205 206 208 207 211 210 211
-3.4e+38 -3.4e+38 -3.4e+38 -3.4e+38 -3.4e+38 224 224 223 221 218 206 199 199 203 207 211 214 216 217 216 217 215 220 218 221 222 223 223 221 221 221 221 221 222 221 215 221 221 216 214 213 213 212 210 210 210 210 211 208 208 203 203 204 204 204 205 205 206 206 206 206 203 204 206 209 195 210 209 210
-3.4e+38 -3.4e+38 -3.4e+38 -3.4e+38 -3.4e+38 224 224 222 219 204 208 197 190 198 201 207 210 214 217 217 220 219 221 218 220 222 222 221 222 220 221 221 222 223 224 225 223 223 221 218 217 217 214 211 211 211 212 211 210 207 202 204 204 201 203 204 205 205 206 206 202 203 204 203 206 207 208 210 210
-3.4e+38 -3.4e+38 -3.4e+38 -3.4e+38 -3.4e+38 223 223 221 213 204 185 191 190 202 206 207 211 215 219 219 220 218 218 219 218 220 220 220 222 221 222 220 222 222 224 227 226 226 224 221 220 217 216 210 213 210 211 212 212 210 205 202 202 200 199 201 200 201 200 201 203 202 188 207 205 207 209 209 210
-3.4e+38 -3.4e+38 -3.4e+38 -3.4e+38 -3.4e+38 224 223 222 216 207 192 184 197 199 206 210 212 215 217 199 207 206 210 214 209 212 215 217 221 220 219 219 220 223 224 224 221 224 222 223 221 218 216 215 214 213 212 214 213 211 207 202 204 202 202 198 202 199 200 198 203 200 187 208 209 208 209 211 214
-3.4e+38 -3.4e+38 -3.4e+38 -3.4e+38 223 223 219 212 216 204 198 201 199 201 204 207 211 206 205 202 207 211 213 215 215 214 216 214 215 216 217 217 220 221 225 227 226 221 222 219 223 221 218 216 213 214 213 213 213 212 209 204 205 204 202 195 190 200 199 193 199 192 183 209 211 211 212 214 213
-3.4e+38 -3.4e+38 -3.4e+38 -3.4e+38 222 222 220 217 205 198 199 202 205 206 207 206 207 211 214 208 212 212 215 216 218 218 213 217 216 216 215 214 220 220 225 227 227 227 223 223 221 221 220 217 215 210 217 215 214 211 208 208 208 205 205 190 181 188 190 190 196 197 206 209 210 210 214 212 210
