EcoCrop/data/climate/tmean_5.asc
NCOLS 660 
NROWS 360 
XLLCORNER -20 
YLLCORNER -30 
CELLSIZE 0.1666667 
NODATA_value -3.4e+38 
[rows 30 to 59 of 360, columns 69 to 137 of 660]
278 278 279 281 283 286 286 290 291 293 296 297 298 300 298 298 303 303 306 307 308 311 314 312 315 314 313 315 314 314 316 313 312 313 313 313 313 313 314 314 315 315 314 315 314 314 313 313 313 312 312 312 311 311 311 310 313 311 309 310 306 307 309 315 314 313 309 306 302
281 281 281 281 284 286 288 291 292 292 296 298 300 298 300 300 305 309 311 311 310 314 314 313 314 315 315 311 314 313 313 312 313 313 313 314 314 315 316 316 316 316 316 316 315 315 314 314 313 313 312 312 312 311 311 311 310 311 310 310 312 297 307 313 312 311 295 304 302
283 283 284 284 285 287 290 291 293 295 295 300 300 300 302 306 308 312 313 313 314 312 314 313 314 313 314 316 315 315 312 313 315 314 316 315 316 316 316 316 316 317 316 316 316 315 315 315 314 314 313 313 313 312 312 311 310 310 311 316 304 313 311 304 307 302 305 301 303
285 285 286 287 288 290 292 291 293 296 299 298 300 304 305 308 310 311 314 312 311 312 311 311 314 315 315 313 313 313 315 315 315 315 316 317 317 318 317 317 317 317 317 317 316 316 316 315 315 314 314 314 313 313 312 312 311 311 312 304 311 312 312 311 310 307 303 295 302
287 287 287 289 291 292 294 294 296 297 299 301 302 304 307 305 307 310 312 309 311 313 312 313 313 315 315 315 314 313 315 316 316 316 317 317 318 319 318 318 317 318 318 317 317 317 316 316 316 315 315 315 314 314 313 313 312 312 313 314 314 314 312 312 310 307 306 297 303
289 290 290 291 293 294 297 298 298 300 304 305 307 304 306 307 310 310 312 310 311 312 312 310 314 314 315 314 315 316 317 316 317 319 320 319 320 320 320 317 319 318 319 318 318 318 317 317 317 316 316 315 315 315 314 314 314 313 314 314 314 314 312 312 311 310 309 306 304
291 292 291 293 294 296 298 299 302 303 305 305 308 305 308 308 310 309 309 310 311 311 313 312 313 314 314 314 315 315 317 319 319 319 320 320 324 325 322 318 319 319 319 319 319 318 318 318 317 317 317 316 316 316 315 315 315 315 315 315 314 314 313 311 310 309 307 307 301
294 294 294 295 297 299 301 303 303 305 306 307 307 310 309 309 309 310 311 312 312 313 314 316 315 317 316 317 317 318 318 318 318 321 320 320 322 322 323 319 320 320 319 319 319 319 319 319 318 318 317 317 317 317 316 316 316 315 315 315 315 314 314 313 311 311 310 308 307
296 296 296 298 301 302 302 303 304 304 306 306 307 310 310 310 311 314 315 316 316 317 317 315 316 319 318 318 319 319 318 320 319 321 323 320 324 327 324 321 320 320 321 320 320 320 319 319 319 319 318 318 318 317 317 317 317 317 316 316 315 314 314 312 313 311 309 307 307
297 298 300 300 303 304 305 304 305 306 308 309 309 310 311 312 313 313 315 314 315 316 316 318 318 319 319 319 321 321 321 320 322 322 322 321 321 326 327 320 320 321 321 321 321 320 320 320 320 319 319 319 319 318 318 318 318 318 317 317 316 316 316 314 313 312 310 309 308
299 301 301 303 305 307 305 305 306 307 308 309 311 312 314 314 314 314 315 317 316 317 317 317 317 319 320 323 322 322 322 322 322 322 322 321 322 325 326 320 321 322 322 321 321 321 321 321 320 320 320 320 319 319 319 318 318 318 318 318 318 317 316 316 315 314 313 310 309
301 303 304 305 308 308 306 307 308 308 310 311 314 314 315 315 315 317 318 317 318 318 318 319 319 320 320 321 320 321 320 326 323 322 325 322 322 323 323 321 321 322 322 322 322 322 322 321 321 321 320 320 320 320 320 319 319 319 319 318 318 317 317 316 315 309 312 311 309
302 303 305 307 306 306 308 308 310 311 311 312 314 314 316 316 316 319 319 320 320 321 322 324 326 324 322 322 324 324 323 325 323 326 325 323 323 323 321 322 322 323 323 323 323 322 322 322 322 322 321 321 321 321 320 319 320 319 319 319 318 318 318 317 314 310 312 310 310
304 304 306 306 308 309 309 310 311 312 313 313 314 315 316 317 319 320 320 321 321 321 322 325 326 330 329 327 324 324 324 324 327 329 325 324 324 325 322 323 323 324 324 324 323 323 323 322 325 322 322 322 322 321 321 321 320 320 320 319 319 318 318 316 313 314 313 312 310
304 305 306 307 309 310 310 311 312 313 314 315 316 316 317 318 319 319 321 322 323 325 324 326 328 329 331 333 332 328 326 325 326 329 329 326 326 325 323 324 324 324 324 325 325 324 323 324 323 323 323 322 322 322 322 321 321 321 320 320 319 319 318 317 316 315 314 313 312
307 307 309 309 309 311 312 313 314 315 315 316 317 318 318 319 320 321 323 324 323 324 326 328 328 329 329 330 331 332 333 329 325 329 331 327 325 323 324 324 325 325 325 325 325 325 324 324 324 324 323 323 323 323 322 322 322 321 321 320 320 320 319 318 317 317 315 314 314
308 309 309 310 311 312 313 314 315 316 317 317 318 319 319 320 321 321 322 324 324 325 327 328 328 328 329 330 330 332 333 332 329 329 329 328 324 324 325 325 325 325 326 325 325 325 326 327 326 324 324 324 324 324 323 323 322 322 322 321 321 320 320 319 318 318 317 316 314
309 310 311 312 313 314 314 315 316 317 317 318 319 320 320 321 322 322 326 325 324 324 326 327 328 328 329 330 330 330 331 333 333 328 328 328 325 325 325 326 326 326 326 326 326 325 325 326 325 324 325 325 325 326 324 324 323 323 322 322 322 320 320 320 319 318 317 317 316
311 311 312 313 314 315 316 316 318 318 319 320 320 321 322 323 325 326 328 326 325 325 325 325 325 325 328 329 329 329 330 332 332 330 328 326 327 326 327 327 328 327 328 327 326 326 328 328 327 325 324 326 324 325 323 323 323 324 323 323 322 322 321 321 320 319 319 317 316
311 313 313 314 314 316 316 317 318 320 321 322 322 324 325 324 326 329 329 327 326 327 327 326 327 327 327 327 327 327 328 330 331 329 328 327 327 327 327 328 330 330 329 329 327 327 330 330 326 328 327 327 327 327 326 327 324 324 323 324 323 322 321 321 321 320 319 318 312
312 313 313 315 315 317 317 319 320 321 322 323 324 325 325 328 328 329 330 328 329 330 328 328 328 329 329 329 329 328 328 328 328 328 328 328 329 328 329 329 330 331 332 330 329 330 333 331 327 328 326 325 327 327 327 327 326 325 325 324 323 322 322 322 321 320 319 318 318
314 314 316 315 317 318 318 319 321 322 323 324 325 325 326 327 329 331 331 328 329 329 330 330 330 330 330 330 330 330 330 330 329 329 329 329 330 330 330 331 330 331 332 329 329 329 331 331 329 329 329 327 327 327 327 327 326 326 326 325 324 324 322 322 321 320 318 318 318
314 315 317 318 318 320 320 321 322 323 324 325 326 327 328 329 329 332 332 330 330 331 331 331 331 331 331 332 331 331 331 331 331 330 330 331 331 332 332 332 332 332 332 330 331 331 331 327 328 327 328 328 327 327 325 324 327 326 327 326 325 324 322 321 321 319 319 317 316
317 317 318 319 320 320 321 322 323 324 325 326 327 329 329 329 330 329 331 331 331 331 332 332 333 333 333 332 332 331 331 331 331 331 331 331 331 332 332 332 333 334 332 333 331 331 332 332 329 327 331 327 327 326 326 328 329 327 326 325 325 324 322 319 320 319 318 316 318
317 318 319 320 321 321 322 323 325 325 326 327 328 329 330 331 331 332 332 332 332 333 333 333 333 333 334 333 333 332 332 332 332 332 332 332 332 332 332 333 334 335 334 334 333 331 333 331 332 332 330 330 328 324 328 330 329 328 327 326 324 323 322 321 320 317 317 315 316
319 320 320 321 322 323 324 325 326 327 327 329 330 331 331 331 332 333 333 333 334 334 334 334 334 334 334 334 334 334 333 333 333 333 333 333 332 333 333 333 333 335 334 334 332 333 332 333 332 331 330 328 327 328 328 330 329 328 326 325 323 322 321 319 320 315 318 315 317
320 320 321 323 323 324 325 326 327 328 329 330 330 331 332 332 333 333 334 334 334 334 335 335 335 335 335 335 335 335 334 334 334 334 333 333 333 334 334 334 334 334 333 334 333 333 333 334 333 331 330 330 329 329 329 329 330 328 326 324 323 321 320 319 317 314 318 316 313
321 322 323 324 325 326 327 328 328 329 330 330 331 332 332 333 333 334 334 334 335 335 335 335 335 335 336 336 336 335 335 335 335 335 334 334 335 335 335 335 334 333 333 334 333 334 333 333 333 333 331 328 329 329 329 330 328 327 324 324 322 321 320 317 314 315 318 316 315
323 323 325 325 326 327 328 329 329 330 331 331 332 332 333 333 334 334 334 334 335 335 335 335 335 336 335 336 336 336 336 336 336 335 335 335 335 335 335 335 334 333 334 334 333 332 334 334 333 332 331 329 329 331 332 330 328 321 322 322 322 320 318 316 314 313 316 313 314
324 326 326 327 328 329 330 330 331 331 332 332 333 333 334 334 334 334 335 335 335 335 335 336 336 336 336 336 336 336 337 337 336 336 336 336 335 336 337 336 334 334 333 334 337 334 335 334 334 332 332 331 331 333 333 330 328 327 326 325 323 320 320 319 315 310 313 314 317
