EcoCrop/data/climate/tmean_11.asc
NCOLS 660 
NROWS 360 
XLLCORNER -20 
YLLCORNER -30 
CELLSIZE 0.1666667 
NODATA_value -3.4e+38 
[rows 60 to 89 of 360, columns 138 to 206 of 660]
235 236 235 239 239 237 236 242 237 236 242 240 240 243 241 242 240 241 238 241 242 241 240 237 235 237 234 233 231 226 226 221 212 206 198 209 213 216 218 220 222 223 223 224 224 224 225 224 224 223 222 221 220 219 218 216 216 215 215 208 210 211 213 213 213 213 212 214 214
236 239 238 241 241 240 242 239 241 240 240 244 240 242 244 241 244 242 243 243 243 241 240 239 237 236 237 232 232 230 227 224 221 216 207 210 215 216 219 220 221 223 223 224 225 225 225 225 224 223 222 221 220 219 218 217 217 216 215 212 212 212 213 213 214 214 214 214 214
238 241 242 242 243 243 242 244 244 243 244 244 245 245 245 243 246 245 243 244 244 242 242 241 239 239 235 237 232 230 228 224 218 215 210 215 218 218 219 220 222 223 224 224 225 225 225 225 225 224 223 221 221 219 218 218 218 216 215 210 211 213 213 214 214 214 215 216 215
241 241 243 244 245 244 246 246 246 247 246 247 246 246 246 247 247 247 245 245 244 243 243 242 241 239 239 235 234 231 223 224 222 218 209 214 218 219 220 220 221 223 224 225 226 226 226 225 225 224 223 222 221 220 219 218 218 215 216 211 211 212 214 215 215 215 216 217 217
244 244 245 244 243 245 246 247 245 247 246 248 248 246 247 248 247 248 245 246 245 244 244 243 242 241 240 237 233 229 229 225 222 215 193 205 219 218 221 222 223 224 225 226 226 226 226 226 225 225 224 222 221 220 220 217 217 215 215 216 210 212 214 215 215 216 217 217 217
245 246 246 247 247 248 248 249 249 250 249 249 249 249 249 248 249 248 248 247 245 246 245 244 243 242 240 237 235 232 228 226 225 189 167 210 215 214 222 223 225 224 226 226 227 227 226 226 226 225 224 223 221 221 220 218 216 215 214 216 210 212 214 215 215 216 217 216 216
248 246 247 248 248 248 250 249 251 251 251 250 250 251 251 249 250 249 249 248 246 246 246 244 244 243 242 240 238 233 230 230 224 220 195 184 187 219 205 222 225 226 226 227 227 227 227 227 226 226 225 224 222 221 219 218 216 215 214 217 210 212 214 214 216 216 216 216 216
248 249 250 249 250 251 252 251 252 251 251 252 251 252 252 250 250 251 249 249 248 248 247 245 243 243 242 241 240 230 215 214 217 216 212 210 209 213 200 218 226 227 227 227 224 228 228 227 227 226 225 224 224 220 219 218 216 215 214 217 211 212 214 215 215 215 217 218 219
249 251 252 252 252 252 253 253 253 253 253 252 253 253 253 252 252 252 251 249 248 248 247 246 245 244 242 241 239 235 232 228 225 222 217 213 209 215 205 202 223 228 229 229 229 229 228 228 227 226 225 224 222 221 220 219 216 216 215 214 214 214 214 215 216 217 218 218 219
252 253 252 254 255 255 254 254 254 254 253 254 254 253 254 253 253 251 251 250 250 249 247 247 246 245 240 240 238 228 231 229 225 221 214 205 204 205 219 205 223 227 230 230 229 229 229 229 228 227 226 225 223 222 220 219 219 217 215 216 215 215 216 216 217 218 219 221 221
254 253 255 255 255 256 255 256 255 255 256 255 255 255 254 254 254 253 252 251 251 250 249 248 247 245 243 238 238 232 230 228 221 206 207 205 205 220 223 224 226 230 230 230 230 230 230 229 229 228 227 228 224 222 221 221 220 218 219 217 213 216 218 219 219 220 221 221 222
256 256 256 256 257 257 258 257 257 257 257 256 256 255 256 255 254 254 253 253 252 251 249 248 247 245 243 241 239 232 233 228 226 218 211 202 216 221 223 228 229 230 230 231 231 231 231 230 230 229 228 229 225 225 223 223 221 219 219 219 219 219 219 220 220 221 222 223 223
258 257 257 258 259 259 259 259 258 258 257 257 258 257 256 256 256 255 254 253 252 252 250 249 248 247 245 243 240 236 233 228 220 215 192 204 211 221 225 228 229 230 231 231 232 231 232 231 230 230 229 228 227 226 226 225 223 222 222 221 220 220 221 222 222 223 223 224 226
259 260 259 260 260 259 259 260 259 258 260 260 258 258 254 254 255 256 254 254 253 251 251 250 248 247 245 244 239 237 233 228 214 195 171 211 215 216 221 224 229 231 232 232 232 232 232 232 231 230 230 230 228 228 227 225 226 224 224 222 223 222 222 223 224 225 225 226 228
260 260 260 261 260 261 260 260 261 262 261 260 258 258 258 256 256 256 255 255 254 253 252 251 250 247 245 244 242 237 230 226 220 215 215 216 220 222 225 226 229 232 233 233 233 233 234 233 233 233 231 230 230 230 229 226 225 226 225 224 225 224 225 225 226 227 228 228 230
261 260 260 261 262 262 262 262 263 261 260 260 259 260 258 256 257 257 256 255 254 253 252 252 250 249 247 245 241 237 233 223 223 222 222 222 225 225 228 230 231 232 233 235 235 235 233 234 234 234 232 231 230 230 228 230 227 227 226 226 226 226 226 226 227 229 230 231 232
261 260 261 262 263 263 264 264 263 262 261 261 260 260 259 258 258 257 256 256 255 253 250 252 251 250 248 246 241 235 234 230 226 213 229 228 229 230 232 234 234 233 235 235 236 235 235 235 234 234 234 233 232 234 230 231 229 229 229 228 227 227 228 229 230 231 232 233 235
261 263 263 263 264 265 266 264 263 262 262 261 260 260 259 258 258 257 256 255 255 253 252 251 251 250 250 247 244 240 238 236 235 235 234 232 234 234 235 234 233 233 236 236 237 237 237 236 235 235 235 234 234 234 232 232 231 230 230 229 230 230 230 231 232 233 235 236 238
263 263 265 265 267 267 264 264 263 263 263 261 261 260 260 259 258 257 257 255 254 254 250 251 250 251 250 248 246 244 242 242 242 240 236 237 237 238 236 236 236 236 238 238 238 238 238 238 237 236 235 235 236 235 235 233 232 231 232 232 232 232 232 233 235 236 238 239 242
265 265 266 267 267 265 265 265 264 264 263 262 262 261 260 260 257 257 258 255 253 250 249 247 250 250 250 249 247 246 246 245 236 241 242 241 241 242 238 239 235 237 240 239 239 239 239 239 239 238 238 236 236 235 235 234 234 233 234 234 234 235 235 236 237 239 240 242 244
265 268 268 270 268 265 265 266 265 265 264 264 263 262 261 260 259 258 258 256 255 252 250 250 248 251 251 250 250 249 248 245 247 243 245 244 243 240 239 240 238 240 242 242 242 241 241 241 239 240 238 236 237 236 236 235 234 235 234 235 236 236 237 239 239 241 243 244 245
268 268 271 269 266 267 267 267 267 266 265 264 263 262 261 261 259 259 258 257 255 254 252 251 251 249 251 250 247 245 247 248 246 246 247 245 243 241 241 239 241 243 243 243 243 242 242 242 243 242 235 237 237 238 237 236 237 236 237 237 238 238 239 241 242 243 245 246 248
269 271 272 268 267 267 269 268 267 267 266 265 264 263 262 260 260 258 256 257 255 255 252 250 249 249 248 248 248 248 247 247 247 247 247 243 242 241 242 244 244 245 243 244 245 244 243 244 242 242 237 237 238 238 238 238 238 237 238 241 239 240 243 243 244 245 246 248 249
269 272 272 270 269 269 269 269 268 268 265 264 264 263 261 261 261 260 257 258 256 255 253 252 250 249 251 249 249 248 248 246 250 247 247 246 244 245 246 246 246 246 246 246 245 245 244 245 243 246 237 239 240 240 240 240 241 240 240 240 242 243 243 243 246 246 248 249 251
270 272 273 270 270 270 270 269 270 270 266 265 266 265 264 263 261 260 258 257 256 254 254 252 254 252 250 249 250 251 251 249 250 250 247 248 247 249 249 248 248 248 248 247 246 246 245 245 246 245 236 241 241 242 242 241 243 242 242 242 244 245 246 246 246 248 250 250 252
272 273 272 272 273 272 269 269 269 269 267 267 267 263 263 263 261 261 259 259 259 256 254 255 252 252 253 253 253 253 251 252 249 251 251 251 251 251 251 250 250 250 249 248 247 246 247 245 245 245 246 243 243 244 243 243 243 243 244 245 245 246 247 246 247 248 250 252 254
274 274 274 272 273 272 271 271 270 269 270 267 266 263 262 263 261 259 260 258 259 258 257 255 256 254 256 256 253 255 253 254 253 253 254 254 253 253 253 252 251 251 250 249 248 248 247 245 245 246 246 246 245 244 245 243 245 245 244 245 247 246 248 248 248 250 252 253 254
275 275 275 274 273 272 272 271 270 271 270 270 269 262 265 259 262 261 262 261 260 259 259 258 257 256 256 255 255 256 256 254 255 256 255 254 254 254 254 253 253 252 251 250 249 248 248 247 247 248 247 246 246 247 244 244 245 246 246 246 245 246 247 247 250 251 251 253 255
276 274 276 275 274 274 273 273 272 271 271 271 268 265 267 265 264 264 263 261 259 259 260 258 259 257 258 255 256 256 256 258 258 258 258 256 255 255 255 254 254 252 251 250 249 249 248 247 247 247 247 248 247 246 247 247 245 246 245 248 245 246 249 251 251 251 252 253 256
277 276 277 276 274 274 274 272 272 272 272 273 272 268 269 265 265 263 262 259 259 259 260 260 260 258 258 257 258 258 259 260 259 259 257 257 256 256 257 254 253 253 251 251 250 250 249 248 248 249 249 248 248 247 247 247 247 246 246 246 247 247 248 250 250 251 252 255 258
