EcoCrop/data/climate/tmean_11.asc
NCOLS 660 
NROWS 360 
XLLCORNER -20 
YLLCORNER -30 
CELLSIZE 0.1666667 
NODATA_value -3.4e+38 
[rows 120 to 149 of 360, columns 207 to 275 of 660]
280 282 283 283 282 280 280 278 277 276 275 274 274 274 273 274 274 274 274 274 274 274 273 273 273 273 272 271 270 269 268 267 265 264 263 261 260 259 258 256 255 254 253 251 249 248 244 238 242 237 238 240 242 243 244 245 246 245 249 250 252 254 256 258 259 259 259 262 262
281 279 279 281 281 281 280 279 277 276 275 274 274 274 274 274 274 273 273 273 274 273 273 273 273 272 272 271 270 268 267 266 265 264 263 262 260 259 258 257 255 254 253 249 247 243 245 241 223 238 238 238 242 241 243 242 244 246 248 250 252 255 255 256 256 258 259 260 261
279 274 274 274 276 278 278 277 276 276 275 274 274 274 274 274 274 273 273 271 273 273 272 272 270 266 264 269 269 268 267 266 265 264 263 262 261 259 258 257 256 254 253 250 248 246 245 242 234 235 235 238 242 240 239 239 242 242 247 249 252 253 253 254 254 252 244 259 260
272 271 267 269 271 272 276 275 275 275 274 274 274 274 274 273 273 272 271 268 269 272 271 270 267 265 271 270 269 268 266 265 264 264 263 262 261 260 259 257 256 254 252 251 248 246 246 244 241 239 240 240 238 236 233 236 240 242 244 249 248 251 250 252 254 256 255 256 259
271 268 264 265 268 269 270 270 272 272 273 272 272 273 273 272 272 272 270 268 268 269 271 270 270 270 269 268 267 266 265 265 264 263 263 262 261 260 258 257 256 253 251 250 249 247 243 241 244 242 239 237 237 229 231 236 238 243 246 246 248 249 249 251 250 252 253 257 258
265 265 267 265 267 265 265 269 269 269 269 271 268 266 266 264 269 271 262 263 256 269 269 269 268 268 267 266 266 265 264 264 264 263 262 261 261 260 258 257 255 254 251 250 248 246 240 243 242 238 239 236 223 225 222 230 239 243 244 242 244 244 246 249 246 252 254 254 257
265 264 261 264 261 265 266 265 266 262 260 263 271 271 271 272 271 270 268 269 269 268 267 267 266 266 265 264 264 263 263 262 262 262 261 259 257 257 258 257 255 253 251 251 248 247 238 238 243 240 234 228 222 225 221 236 238 240 239 232 243 238 243 242 248 252 252 257 259
267 262 263 261 258 262 260 261 259 260 263 265 270 271 271 270 270 270 268 268 267 266 265 264 263 262 262 262 261 261 261 261 260 251 258 256 257 258 258 254 253 253 250 249 245 245 235 233 236 233 223 222 229 227 225 226 232 233 233 222 230 237 241 242 246 253 256 257 258
266 265 258 257 257 258 261 260 259 261 260 265 268 270 270 270 267 269 267 266 265 264 262 261 260 260 259 259 258 259 258 259 259 252 252 258 248 249 257 249 245 244 250 244 234 231 229 224 225 225 219 226 230 229 230 229 232 234 229 234 230 240 240 247 248 248 251 254 256
262 260 261 259 254 258 258 258 262 260 260 265 267 268 269 268 267 267 265 264 263 261 260 259 258 256 257 256 256 256 256 257 257 258 257 257 258 250 257 248 245 240 239 239 239 232 229 226 229 226 231 222 222 229 231 235 235 230 231 235 238 240 243 242 245 251 255 253 252
261 258 256 257 253 258 261 258 261 259 258 264 267 268 266 263 267 266 264 262 260 259 257 256 255 254 252 253 253 252 253 254 253 255 257 258 258 250 250 247 241 236 236 234 237 234 227 229 227 226 232 229 231 232 235 235 234 228 229 233 232 235 239 242 246 249 251 252 251
247 245 252 242 255 257 256 258 260 258 260 263 266 267 264 266 265 263 262 261 258 257 255 253 252 251 251 250 249 249 249 250 251 251 254 256 257 249 244 240 235 239 237 235 232 235 228 233 227 229 228 236 230 228 235 233 232 229 235 236 236 237 238 241 242 248 247 246 252
238 249 251 252 251 253 256 261 258 260 263 264 267 262 262 260 262 262 260 260 256 255 251 250 249 247 246 246 245 246 245 247 249 249 248 253 253 252 244 239 235 237 237 238 235 236 232 234 232 234 228 233 236 234 235 234 234 233 236 238 238 240 239 238 241 242 245 248 251
245 248 256 256 257 259 260 258 252 259 262 265 265 262 260 263 263 260 259 257 254 252 250 248 244 244 241 240 240 243 243 242 243 244 248 248 249 249 248 240 239 240 237 238 236 239 233 233 233 233 234 233 238 238 237 236 232 234 236 239 239 241 241 239 239 242 243 246 249
245 249 244 248 245 254 258 255 245 259 260 264 260 262 262 262 260 258 257 257 253 249 247 246 243 241 238 238 237 236 240 241 242 244 246 248 248 248 247 235 232 233 239 237 236 237 235 232 234 238 236 235 230 233 233 232 235 235 237 238 242 239 242 240 241 243 245 248 250
241 241 240 246 226 256 251 241 239 256 260 260 259 260 261 259 254 257 256 255 252 249 246 243 240 239 237 233 233 232 235 236 238 240 241 243 242 242 245 241 241 235 238 237 238 235 234 234 236 237 235 232 231 228 234 232 235 237 237 238 241 242 241 241 241 241 241 244 250
213 234 224 241 251 238 244 237 244 250 253 254 257 258 255 256 258 256 255 253 250 247 246 241 239 234 233 229 227 226 228 233 237 238 239 239 240 242 240 240 242 240 235 240 237 236 237 237 236 238 237 232 233 234 232 235 235 239 238 239 243 241 243 242 243 243 241 241 246
216 225 252 225 233 222 226 237 244 248 247 252 254 255 252 251 255 257 253 250 250 249 246 241 237 232 230 226 224 226 226 227 231 235 238 240 241 242 239 241 239 240 236 238 235 236 237 237 237 236 233 232 235 234 235 236 238 238 238 240 242 241 244 242 243 243 246 245 244
241 241 222 217 224 225 229 243 241 245 250 251 253 252 251 254 255 253 252 251 250 248 245 241 237 234 230 223 224 223 224 225 226 232 234 238 236 239 236 240 241 239 240 238 239 240 239 241 236 234 233 236 232 230 233 235 235 234 241 237 240 242 243 245 243 247 244 247 248
218 220 220 222 223 220 233 237 234 243 241 245 246 248 252 252 253 252 252 252 251 249 247 240 238 231 230 227 222 225 223 224 224 228 230 232 236 239 237 233 238 229 231 238 240 239 240 239 235 234 235 232 231 234 235 235 229 235 241 239 241 243 245 245 246 245 248 248 247
231 230 221 232 220 227 228 232 233 233 238 246 247 250 250 249 250 254 256 254 251 249 248 244 237 234 232 228 225 223 226 222 223 228 229 232 235 235 235 233 236 236 230 235 238 240 237 235 236 236 234 232 232 234 234 236 233 237 243 237 242 245 246 247 243 247 249 245 248
237 232 229 229 229 229 234 235 235 233 247 247 246 250 251 251 255 253 254 253 249 249 249 247 242 238 234 231 226 224 222 222 222 228 229 234 233 235 235 235 237 239 238 238 240 241 238 233 235 232 232 234 236 235 237 234 236 239 240 235 241 245 243 246 245 249 248 249 246
233 225 239 235 230 234 236 240 239 248 248 240 243 245 251 247 247 251 249 249 250 249 249 246 243 237 233 235 231 229 227 225 223 227 231 236 232 237 236 239 236 239 237 237 238 238 237 235 235 232 233 233 236 239 235 236 234 241 241 242 240 245 245 241 246 247 248 247 247
232 228 234 245 237 234 236 240 243 245 242 239 240 246 250 246 245 243 245 244 246 247 247 246 243 242 241 238 236 232 227 223 220 222 225 235 236 241 244 243 239 239 239 236 237 239 239 239 235 236 235 232 237 237 236 236 237 239 243 240 245 246 245 245 249 249 246 247 249
229 234 232 243 241 253 247 244 243 242 232 236 237 242 246 243 243 242 244 247 247 246 248 248 244 248 245 244 240 236 226 224 221 222 224 232 243 243 244 242 240 241 239 237 237 237 237 236 236 233 237 238 241 239 239 234 236 240 243 243 246 246 248 246 247 248 249 250 248
229 232 237 236 254 254 251 239 241 242 232 241 238 243 241 243 238 241 244 246 245 242 245 245 247 249 249 254 246 241 233 224 223 220 222 233 244 246 244 237 239 238 239 237 236 240 237 237 236 237 237 240 241 242 238 238 239 240 243 245 243 246 244 246 246 248 247 250 249
231 230 238 247 245 237 253 245 239 242 238 234 240 237 239 239 237 240 244 244 244 246 247 241 243 250 248 254 249 245 232 230 228 226 229 231 237 237 234 238 239 241 238 236 234 237 236 235 233 236 232 235 239 241 238 239 238 239 244 239 243 243 245 248 247 248 251 250 253
234 230 240 245 250 246 252 254 238 238 252 239 234 234 232 234 234 238 244 244 247 247 243 243 248 254 250 253 250 244 240 238 235 234 233 236 238 239 235 238 242 238 234 236 239 233 235 238 239 240 241 240 242 240 237 238 239 241 241 239 240 243 248 248 247 252 253 252 249
231 230 240 245 246 245 253 250 242 236 234 236 240 232 231 232 234 238 242 238 242 249 248 246 252 255 254 253 252 248 247 243 240 239 240 237 241 240 234 241 238 240 236 235 239 238 235 239 244 243 244 244 242 242 240 239 240 242 241 242 244 246 243 246 251 252 250 253 250
236 234 238 241 245 253 245 250 246 238 237 234 239 240 231 232 234 235 238 237 245 244 250 250 253 255 256 255 254 252 250 248 248 244 243 243 242 243 234 238 241 235 232 235 238 233 240 242 244 243 245 243 243 240 241 241 239 240 241 242 244 242 246 250 249 253 249 250 247
