EcoCrop/data/climate/tmean_5.asc
NCOLS 660 
NROWS 360 
XLLCORNER -20 
YLLCORNER -30 
CELLSIZE 0.1666667 
NODATA_value -3.4e+38 
[rows 210 to 239 of 360, columns 207 to 275 of 660]
240 238 242 246 244 247 251 235 238 239 249 252 243 237 252 235 238 251 250 246 246 244 232 242 250 250 256 253 248 249 244 259 253 253 252 254 245 251 244 252 254 251 255 251 250 255 256 258 256 254 257 258 263 257 259 258 259 255 252 258 252 253 251 252 254 254 259 261 263
235 245 240 242 243 242 244 237 239 238 250 240 248 235 255 235 230 241 234 241 248 235 231 247 249 250 253 248 243 247 244 256 251 250 256 251 244 254 257 259 259 252 253 255 254 256 257 256 260 256 258 260 258 264 260 256 263 254 255 261 253 250 252 255 257 256 260 259 263
251 253 247 234 246 242 241 230 232 236 240 241 253 235 250 234 234 236 232 230 244 228 232 247 242 239 248 251 241 241 245 243 251 254 251 243 243 251 256 255 253 260 251 260 261 257 254 257 256 259 255 254 261 261 260 253 258 256 255 254 249 255 250 255 255 253 257 256 261
258 255 247 243 242 240 227 235 230 237 248 245 255 239 236 234 243 232 233 226 230 226 227 242 228 236 232 235 240 238 239 240 251 254 251 251 251 249 258 252 253 252 255 255 252 260 258 258 258 257 257 256 256 262 257 258 257 255 251 253 251 248 255 252 250 251 255 259 259
254 252 235 244 235 233 227 237 236 241 247 246 254 237 231 243 231 232 230 230 225 223 227 231 226 237 229 235 236 236 238 243 246 252 252 249 250 252 252 251 252 251 251 254 251 254 259 257 257 256 254 256 261 266 258 265 256 253 250 251 254 255 252 249 250 253 254 259 253
248 249 235 228 231 232 233 236 235 244 245 250 252 234 230 240 229 225 228 223 225 227 225 229 223 233 227 229 234 234 237 242 246 251 247 247 255 252 255 251 247 249 251 250 250 252 257 258 256 254 253 254 262 265 247 267 264 256 249 250 252 252 251 255 250 251 249 253 254
247 244 231 226 232 229 233 238 241 232 251 240 250 249 228 231 227 230 229 224 224 226 225 223 223 224 226 227 229 240 234 249 248 247 240 249 255 255 251 249 246 248 253 250 248 253 253 257 255 249 248 253 261 256 262 265 263 252 248 247 247 248 252 253 246 248 249 253 256
247 218 224 224 228 233 233 242 237 240 239 235 239 244 225 223 244 224 221 228 223 224 221 225 227 223 228 226 229 240 246 248 247 246 247 253 248 252 250 247 249 250 252 251 247 247 249 253 252 247 246 251 252 256 265 261 255 252 251 251 248 250 248 245 249 246 238 252 246
250 218 236 224 228 232 230 234 237 231 233 227 223 247 242 228 235 225 227 226 217 220 225 224 221 222 227 227 228 240 246 247 235 248 242 249 245 251 253 250 253 250 250 248 250 245 247 250 246 242 244 245 244 255 257 257 261 258 255 250 244 244 244 242 242 243 240 248 240
251 250 224 223 225 230 227 228 227 228 230 228 225 250 240 221 222 221 224 223 221 221 222 219 223 225 223 224 227 228 231 244 241 245 237 244 247 251 253 254 254 248 247 244 245 243 244 243 241 240 239 242 243 252 251 256 254 258 253 253 250 242 242 240 240 241 232 240 235
252 251 236 231 221 224 226 223 224 224 228 227 219 245 227 234 228 229 233 222 222 219 216 218 219 223 222 227 228 230 230 232 245 243 244 250 248 252 254 256 253 251 247 243 241 245 240 239 239 231 236 238 238 242 245 250 249 252 254 251 252 249 239 241 240 238 236 229 234
254 253 243 227 220 221 224 220 222 223 227 235 231 236 249 235 239 228 237 220 218 222 215 221 222 219 224 226 229 226 229 237 244 241 246 243 247 246 250 249 246 249 247 240 237 241 238 238 238 235 235 234 238 235 243 242 245 250 250 251 246 249 238 235 234 233 237 233 228
252 249 227 211 217 221 215 228 225 227 237 240 233 242 245 240 236 232 237 229 218 221 217 216 217 223 224 223 225 229 232 230 241 239 246 241 251 244 249 246 252 246 243 247 242 242 240 237 240 236 232 233 238 235 241 241 243 249 249 245 238 239 232 230 233 235 238 234 229
252 245 248 210 213 215 223 226 219 228 232 238 242 241 244 237 237 232 232 233 229 224 217 219 217 221 219 221 223 224 227 228 241 240 244 242 249 246 248 243 246 244 241 243 242 238 239 236 235 238 232 233 237 236 240 240 244 244 243 240 238 233 235 237 232 231 229 234 231
255 252 240 230 212 213 217 220 220 234 240 244 241 240 237 247 243 236 232 238 235 224 218 216 215 218 218 220 222 224 225 228 239 238 241 242 246 244 248 244 244 245 240 240 240 239 237 235 237 237 231 232 237 233 236 238 233 238 239 232 235 228 230 231 234 230 226 236 235
264 259 233 233 212 210 213 216 219 225 238 236 243 245 243 240 245 236 235 230 233 231 225 227 214 216 217 219 221 223 227 230 242 241 240 240 245 242 245 246 245 248 236 240 241 238 236 235 239 238 236 234 234 234 236 235 239 234 237 231 233 232 228 236 234 233 235 240 240
251 255 238 236 214 209 211 214 219 220 224 243 243 242 240 239 235 233 233 233 231 229 231 226 213 215 217 218 222 222 225 229 234 236 237 242 245 240 243 248 242 247 243 242 238 236 236 235 239 237 230 233 234 233 235 233 234 232 233 232 232 230 227 233 232 235 237 240 234
255 239 244 240 214 211 210 210 216 219 224 222 235 234 237 236 235 238 232 231 232 231 231 226 223 216 216 218 222 221 222 224 227 229 231 243 241 242 243 247 237 249 236 242 239 236 234 232 235 236 234 232 235 231 235 231 235 233 231 230 229 231 228 230 233 242 244 244 241
247 243 241 236 216 212 211 212 214 217 219 223 236 236 233 237 229 235 234 236 237 228 229 222 213 215 215 216 220 221 221 226 226 228 230 231 239 240 242 239 240 244 243 242 241 235 235 232 237 236 235 234 232 231 232 227 234 233 232 228 228 225 228 228 230 233 237 244 243
247 250 245 239 236 213 208 211 211 212 213 235 237 233 237 236 228 230 236 232 234 231 229 224 214 215 216 216 218 219 221 224 227 233 230 231 236 242 235 235 240 244 245 240 241 236 237 232 239 237 230 232 227 230 232 227 227 232 232 229 229 228 227 228 227 226 226 243 244
263 252 241 243 234 207 210 210 211 208 218 228 236 239 238 236 232 237 236 239 233 227 231 222 220 216 212 216 219 219 220 222 224 229 228 230 232 233 233 238 236 241 242 232 241 230 234 230 237 231 228 234 232 231 227 226 234 230 229 229 226 226 227 227 229 230 241 241 243
236 243 232 237 235 212 207 211 213 209 212 221 229 238 237 235 236 238 235 234 234 234 222 220 218 219 216 214 216 221 220 222 223 227 228 229 236 238 236 240 239 232 238 236 239 234 230 235 236 229 231 226 228 230 229 229 233 231 226 227 228 229 227 227 228 232 231 233 231
257 238 242 234 226 223 197 211 213 211 210 218 224 235 235 223 234 237 238 229 231 225 225 222 219 217 217 215 215 218 218 220 223 225 226 234 234 232 237 237 233 231 235 229 238 233 229 232 236 226 226 228 228 225 227 226 234 230 226 227 227 227 225 230 237 238 233 236 237
259 237 241 234 240 220 213 210 214 213 214 212 223 229 234 234 236 235 237 233 226 226 222 217 217 219 214 215 213 215 217 219 221 224 225 229 231 232 231 234 227 228 234 228 231 234 228 226 237 228 226 226 225 226 227 228 229 231 229 226 226 225 226 227 233 234 236 240 250
239 237 239 236 227 224 224 223 216 220 218 218 212 226 210 222 235 234 237 232 226 225 221 220 219 220 218 216 214 218 216 218 221 222 224 226 224 232 228 229 228 227 227 226 232 227 226 226 236 227 226 225 224 226 225 229 232 224 227 225 224 226 226 231 233 244 246 246 248
256 247 225 232 238 231 226 225 221 215 214 217 213 211 215 213 232 235 235 232 227 226 225 223 221 218 221 216 213 213 217 217 219 221 222 226 223 229 225 228 225 225 230 226 226 227 226 227 228 232 225 225 225 224 224 230 228 227 225 224 225 226 227 231 239 235 243 244 246
256 255 246 245 237 233 221 223 219 213 214 213 212 210 211 213 233 232 233 223 226 225 226 222 220 221 216 218 213 211 214 218 218 219 223 225 222 222 222 228 223 223 228 227 225 226 226 226 225 235 230 226 225 224 225 230 226 223 224 224 227 230 231 236 238 234 239 238 234
253 246 239 235 235 229 225 216 213 213 211 211 213 212 214 213 210 232 230 224 221 224 225 224 220 217 217 215 216 214 212 213 216 217 218 218 219 219 220 221 221 223 227 226 227 225 225 226 226 234 230 228 229 229 225 229 223 225 225 226 230 229 234 235 232 229 233 229 231
255 248 238 213 227 219 220 219 216 213 210 208 208 209 211 210 209 229 228 228 218 220 222 223 224 221 218 216 209 211 211 214 215 215 215 216 218 219 219 219 220 221 227 223 227 230 226 225 226 231 230 231 229 228 228 227 224 223 228 224 230 232 228 229 226 224 231 225 215
240 237 228 202 218 212 200 209 212 206 209 208 211 212 211 207 210 215 213 214 210 210 219 222 223 220 217 215 207 205 207 210 211 213 215 216 217 215 216 217 220 220 221 225 226 226 228 226 226 227 228 231 229 227 227 225 221 221 224 225 226 227 223 225 222 224 219 201 203
