EcoCrop/data/climate/tmean_11.asc
NCOLS 660 
NROWS 360 
XLLCORNER -20 
YLLCORNER -30 
CELLSIZE 0.1666667 
NODATA_value -3.4e+38 
[rows 60 to 89 of 360, columns 552 to 620 of 660]
-3.4e+38 -3.4e+38 -3.4e+38 -3.4e+38 261 258 255 237 228 215 226 227 226 228 230 229 229 231 231 230 228 229 230 229 229 226 228 227 223 224 226 226 222 233 233 235 235 234 232 229 226 229 229 227 224 226 227 226 226 220 221 221 220 217 216 214 204 205 206 203 203 208 223 225 227 229 228 212 222
-3.4e+38 -3.4e+38 -3.4e+38 -3.4e+38 263 262 260 254 238 227 229 203 222 226 229 232 233 232 234 234 230 232 233 232 231 230 226 226 227 225 227 224 227 225 234 234 221 229 230 232 232 231 228 227 226 226 229 228 226 222 223 223 213 205 205 209 205 206 206 205 205 208 211 217 227 229 218 205 220
-3.4e+38 -3.4e+38 -3.4e+38 -3.4e+38 264 262 261 257 252 245 218 219 225 228 228 231 231 234 234 235 234 233 233 232 230 231 230 227 228 227 226 227 228 228 228 228 226 225 228 227 220 218 219 220 226 229 230 230 230 226 227 219 205 208 203 201 206 206 207 207 207 209 207 212 227 228 197 215 183
-3.4e+38 -3.4e+38 -3.4e+38 -3.4e+38 -3.4e+38 255 263 261 254 253 214 217 220 219 225 229 232 232 233 234 235 235 235 234 232 230 231 230 229 229 227 228 227 226 229 228 227 222 224 226 224 219 221 229 220 230 231 232 231 228 229 228 224 206 203 212 212 209 211 211 209 209 210 210 227 204 193 213 209
-3.4e+38 -3.4e+38 -3.4e+38 -3.4e+38 -3.4e+38 260 266 263 258 254 221 221 210 217 223 227 222 228 232 232 232 233 233 234 233 233 231 228 227 229 228 230 231 228 226 228 224 229 225 233 230 230 218 225 231 232 234 234 222 228 231 228 227 216 207 199 214 218 213 212 210 211 211 212 212 199 198 215 230
-3.4e+38 -3.4e+38 -3.4e+38 -3.4e+38 -3.4e+38 268 267 253 260 207 223 224 225 223 212 220 224 215 214 225 223 231 232 232 232 232 232 231 229 230 231 230 232 231 227 230 231 230 230 231 234 236 236 218 232 233 235 236 233 235 229 228 226 224 225 224 222 206 201 214 214 214 212 213 208 193 183 202 235
-3.4e+38 -3.4e+38 -3.4e+38 -3.4e+38 -3.4e+38 -3.4e+38 262 262 238 218 222 219 223 228 223 223 224 225 228 217 216 224 229 226 229 228 231 232 230 230 229 227 232 233 232 232 232 232 232 233 234 232 238 238 236 235 237 236 234 235 224 228 226 226 218 222 224 212 204 215 213 217 213 214 199 194 186 212 224
-3.4e+38 -3.4e+38 -3.4e+38 -3.4e+38 -3.4e+38 264 266 261 230 228 229 227 226 226 230 228 225 226 229 228 221 219 222 221 220 220 221 223 226 227 229 228 233 232 233 233 231 229 232 229 232 233 237 238 238 241 238 237 238 239 224 238 234 227 226 210 219 211 209 231 216 214 213 199 199 199 186 238 240
-3.4e+38 -3.4e+38 -3.4e+38 -3.4e+38 -3.4e+38 265 250 264 227 227 231 228 228 231 232 231 230 228 227 230 230 224 219 223 224 225 225 224 223 225 227 230 231 235 235 233 227 229 231 224 229 229 233 236 239 239 240 239 239 237 239 229 234 236 226 212 222 230 233 230 234 233 205 200 197 200 227 240 243
-3.4e+38 -3.4e+38 -3.4e+38 -3.4e+38 -3.4e+38 266 255 260 225 214 231 222 216 221 230 231 232 231 228 230 230 230 227 223 223 223 225 225 226 224 224 231 232 233 236 234 223 225 226 229 230 236 237 238 241 241 242 237 240 239 242 229 219 238 237 235 230 234 235 236 234 219 206 203 196 192 218 227 243
-3.4e+38 -3.4e+38 -3.4e+38 -3.4e+38 -3.4e+38 -3.4e+38 264 267 250 227 220 227 222 225 229 228 232 232 232 230 234 233 232 231 226 226 225 226 228 229 228 229 230 232 233 235 229 226 227 229 230 233 237 238 240 242 240 240 241 241 241 245 241 242 238 236 238 239 234 241 239 207 197 198 194 183 199 224 249
-3.4e+38 -3.4e+38 -3.4e+38 -3.4e+38 -3.4e+38 -3.4e+38 258 269 268 256 223 226 230 233 233 233 232 232 235 232 234 236 236 234 226 229 229 229 230 231 231 230 232 231 233 235 234 232 226 229 227 230 233 235 240 242 241 237 241 239 239 241 246 244 241 241 242 243 240 215 228 218 199 200 190 231 248 252 252
-3.4e+38 -3.4e+38 -3.4e+38 -3.4e+38 -3.4e+38 -3.4e+38 269 258 254 229 196 227 221 227 230 228 233 235 235 234 234 237 238 236 234 230 230 230 228 228 228 232 230 232 233 231 233 231 230 226 228 229 231 233 239 240 241 241 239 234 240 235 241 247 243 241 247 245 225 189 200 205 208 191 248 250 250 247 255
-3.4e+38 -3.4e+38 -3.4e+38 -3.4e+38 -3.4e+38 -3.4e+38 -3.4e+38 261 269 231 233 230 228 224 214 223 222 232 236 238 239 237 240 240 238 237 233 233 233 229 229 231 232 232 232 233 233 230 227 227 226 231 234 238 240 241 243 243 241 233 240 245 244 249 247 236 248 226 209 190 231 214 220 247 248 254 250 256 -3.4e+38
-3.4e+38 -3.4e+38 -3.4e+38 -3.4e+38 -3.4e+38 -3.4e+38 -3.4e+38 273 272 267 234 207 231 228 224 220 229 232 234 236 240 240 241 242 239 241 237 236 239 239 234 235 233 232 229 231 232 231 226 228 231 234 238 241 241 242 245 244 246 243 244 248 242 249 249 250 232 229 217 229 228 237 234 249 252 256 257 -3.4e+38 -3.4e+38
-3.4e+38 -3.4e+38 -3.4e+38 -3.4e+38 -3.4e+38 -3.4e+38 -3.4e+38 266 263 252 234 229 234 223 226 225 226 233 236 238 238 240 243 243 243 242 238 241 237 240 242 236 241 229 235 226 229 229 227 233 235 239 240 242 245 245 246 246 247 246 236 247 245 244 246 244 232 252 245 244 238 228 246 244 255 -3.4e+38 -3.4e+38 -3.4e+38 -3.4e+38
-3.4e+38 -3.4e+38 -3.4e+38 -3.4e+38 -3.4e+38 -3.4e+38 -3.4e+38 270 271 269 221 221 235 235 232 227 223 230 231 235 236 240 240 242 244 243 243 244 242 242 244 243 243 241 237 227 230 231 228 230 233 239 240 243 245 246 247 248 248 248 249 248 247 244 243 247 243 250 250 245 251 251 253 -3.4e+38 -3.4e+38 -3.4e+38 -3.4e+38 -3.4e+38 -3.4e+38
-3.4e+38 -3.4e+38 -3.4e+38 -3.4e+38 -3.4e+38 -3.4e+38 -3.4e+38 -3.4e+38 263 264 230 239 229 236 235 233 226 226 228 227 233 239 235 240 243 244 245 247 245 246 243 242 241 234 235 232 228 228 225 229 230 241 245 245 246 249 248 249 251 250 252 251 249 249 247 250 251 250 253 251 250 253 -3.4e+38 -3.4e+38 -3.4e+38 -3.4e+38 -3.4e+38 -3.4e+38 -3.4e+38
-3.4e+38 -3.4e+38 -3.4e+38 -3.4e+38 -3.4e+38 -3.4e+38 -3.4e+38 -3.4e+38 267 265 243 233 238 237 236 235 229 232 232 227 230 235 238 241 241 241 243 242 243 247 244 239 232 236 240 234 232 232 230 232 236 243 245 249 249 250 251 251 254 254 254 250 251 250 249 252 252 254 253 253 253 254 -3.4e+38 -3.4e+38 -3.4e+38 -3.4e+38 -3.4e+38 -3.4e+38 -3.4e+38
-3.4e+38 -3.4e+38 -3.4e+38 -3.4e+38 -3.4e+38 -3.4e+38 -3.4e+38 -3.4e+38 271 266 255 232 238 237 235 237 234 235 233 234 229 234 235 238 239 240 244 245 245 248 249 246 246 243 244 234 237 237 233 237 241 244 246 250 252 251 253 254 253 255 255 247 252 253 255 256 255 254 254 254 254 254 -3.4e+38 -3.4e+38 -3.4e+38 -3.4e+38 -3.4e+38 -3.4e+38 -3.4e+38
-3.4e+38 -3.4e+38 -3.4e+38 -3.4e+38 -3.4e+38 -3.4e+38 -3.4e+38 -3.4e+38 270 266 267 226 238 236 237 238 238 237 237 237 237 235 234 236 236 242 240 247 248 251 249 250 250 248 247 245 242 237 239 238 240 245 250 250 254 252 252 253 254 256 257 257 258 257 257 256 255 255 255 254 255 255 -3.4e+38 -3.4e+38 -3.4e+38 -3.4e+38 -3.4e+38 -3.4e+38 -3.4e+38
-3.4e+38 -3.4e+38 -3.4e+38 -3.4e+38 -3.4e+38 -3.4e+38 -3.4e+38 -3.4e+38 273 269 266 233 240 239 237 233 233 233 235 235 238 239 239 240 238 242 242 249 253 250 252 253 251 250 249 249 244 239 238 237 238 230 240 246 249 250 250 252 255 255 256 258 258 258 257 256 256 256 255 255 -3.4e+38 -3.4e+38 -3.4e+38 -3.4e+38 -3.4e+38 -3.4e+38 -3.4e+38 -3.4e+38 -3.4e+38
-3.4e+38 -3.4e+38 -3.4e+38 -3.4e+38 -3.4e+38 -3.4e+38 -3.4e+38 -3.4e+38 -3.4e+38 264 267 239 237 233 235 233 235 237 234 236 238 238 237 241 244 243 248 246 244 247 252 252 252 250 251 252 247 244 243 237 218 223 246 248 239 250 250 253 255 256 257 258 258 257 256 -3.4e+38 -3.4e+38 -3.4e+38 -3.4e+38 -3.4e+38 -3.4e+38 -3.4e+38 -3.4e+38 -3.4e+38 -3.4e+38 -3.4e+38 -3.4e+38 -3.4e+38 -3.4e+38
-3.4e+38 -3.4e+38 -3.4e+38 -3.4e+38 -3.4e+38 -3.4e+38 -3.4e+38 -3.4e+38 -3.4e+38 265 269 256 234 231 234 232 232 237 232 233 235 236 237 242 243 244 243 245 251 253 256 256 255 253 251 252 251 250 247 231 240 237 218 248 249 253 254 254 256 257 258 258 258 257 256 -3.4e+38 -3.4e+38 -3.4e+38 -3.4e+38 -3.4e+38 -3.4e+38 -3.4e+38 -3.4e+38 -3.4e+38 -3.4e+38 -3.4e+38 -3.4e+38 -3.4e+38 -3.4e+38
-3.4e+38 -3.4e+38 -3.4e+38 -3.4e+38 -3.4e+38 -3.4e+38 -3.4e+38 -3.4e+38 -3.4e+38 270 269 268 226 236 231 222 228 230 235 230 240 239 240 234 241 241 244 249 253 257 260 259 259 258 255 252 250 251 250 248 234 231 250 252 254 254 254 256 256 258 258 258 257 257 -3.4e+38 -3.4e+38 -3.4e+38 -3.4e+38 -3.4e+38 -3.4e+38 -3.4e+38 -3.4e+38 -3.4e+38 -3.4e+38 -3.4e+38 -3.4e+38 -3.4e+38 -3.4e+38 -3.4e+38
-3.4e+38 -3.4e+38 -3.4e+38 -3.4e+38 -3.4e+38 -3.4e+38 -3.4e+38 -3.4e+38 -3.4e+38 -3.4e+38 267 270 266 231 227 234 236 237 235 237 240 241 241 241 236 240 246 252 256 258 259 260 258 257 253 252 250 248 250 250 229 229 244 253 253 255 256 257 257 258 -3.4e+38 -3.4e+38 -3.4e+38 257 -3.4e+38 -3.4e+38 -3.4e+38 -3.4e+38 -3.4e+38 -3.4e+38 -3.4e+38 -3.4e+38 -3.4e+38 -3.4e+38 -3.4e+38 -3.4e+38 -3.4e+38 -3.4e+38 -3.4e+38
-3.4e+38 -3.4e+38 -3.4e+38 -3.4e+38 -3.4e+38 -3.4e+38 -3.4e+38 -3.4e+38 -3.4e+38 -3.4e+38 272 273 247 263 232 234 234 236 238 240 242 241 240 241 243 240 249 253 255 258 258 260 257 253 252 251 242 247 253 252 221 249 252 251 252 255 256 257 258 -3.4e+38 -3.4e+38 -3.4e+38 -3.4e+38 -3.4e+38 -3.4e+38 -3.4e+38 -3.4e+38 -3.4e+38 -3.4e+38 -3.4e+38 -3.4e+38 -3.4e+38 -3.4e+38 -3.4e+38 -3.4e+38 -3.4e+38 -3.4e+38 -3.4e+38 -3.4e+38
-3.4e+38 -3.4e+38 -3.4e+38 -3.4e+38 -3.4e+38 -3.4e+38 -3.4e+38 -3.4e+38 -3.4e+38 -3.4e+38 -3.4e+38 273 272 255 239 232 241 236 235 240 240 238 240 241 244 246 247 254 254 254 256 253 253 248 247 249 244 253 255 253 246 248 244 252 255 256 256 258 259 -3.4e+38 -3.4e+38 -3.4e+38 -3.4e+38 -3.4e+38 -3.4e+38 -3.4e+38 -3.4e+38 -3.4e+38 -3.4e+38 -3.4e+38 -3.4e+38 -3.4e+38 -3.4e+38 -3.4e+38 -3.4e+38 -3.4e+38 -3.4e+38 -3.4e+38 -3.4e+38
-3.4e+38 -3.4e+38 -3.4e+38 -3.4e+38 -3.4e+38 -3.4e+38 -3.4e+38 -3.4e+38 -3.4e+38 -3.4e+38 -3.4e+38 -3.4e+38 272 253 240 247 244 238 242 238 239 237 239 245 245 247 247 245 250 251 254 252 250 251 243 243 251 256 256 254 231 251 229 251 255 256 257 258 259 -3.4e+38 -3.4e+38 -3.4e+38 -3.4e+38 -3.4e+38 -3.4e+38 -3.4e+38 -3.4e+38 -3.4e+38 -3.4e+38 -3.4e+38 -3.4e+38 -3.4e+38 -3.4e+38 -3.4e+38 -3.4e+38 -3.4e+38 -3.4e+38 -3.4e+38 -3.4e+38
-3.4e+38 -3.4e+38 -3.4e+38 -3.4e+38 -3.4e+38 -3.4e+38 -3.4e+38 -3.4e+38 -3.4e+38 -3.4e+38 -3.4e+38 -3.4e+38 267 267 241 264 249 244 239 237 238 243 244 247 245 245 244 242 243 248 251 250 248 253 253 253 251 256 257 256 236 253 230 252 256 257 259 259 -3.4e+38 -3.4e+38 -3.4e+38 -3.4e+38 -3.4e+38 -3.4e+38 -3.4e+38 -3.4e+38 -3.4e+38 -3.4e+38 -3.4e+38 -3.4e+38 -3.4e+38 -3.4e+38 -3.4e+38 -3.4e+38 -3.4e+38 -3.4e+38 -3.4e+38 -3.4e+38 -3.4e+38
