EcoCrop/data/climate/tmean_4.asc
NCOLS 660 
NROWS 360 
XLLCORNER -20 
YLLCORNER -30 
CELLSIZE 0.1666667 
NODATA_value -3.4e+38 
[rows 150 to 179 of 360, columns 345 to 413 of 660]
238 236 209 185 202 196 204 205 206 232 239 233 228 209 218 234 252 237 236 232 247 249 254 270 286 289 296 301 298 297 298 296 293 293 294 293 291 288 286 287 290 291 295 299 299 302 295 293 288 290 295 298 299 300 300 299 298 297 295 294 292 286 277 286 -3.4e+38 -3.4e+38 -3.4e+38 -3.4e+38 -3.4e+38
236 232 219 191 190 199 199 204 212 226 237 248 243 253 243 251 225 248 246 249 245 260 265 274 288 294 297 302 301 299 300 295 293 293 295 293 289 283 278 280 283 288 293 296 298 302 302 297 291 293 296 300 300 300 301 300 299 297 294 292 287 281 282 292 -3.4e+38 -3.4e+38 -3.4e+38 -3.4e+38 -3.4e+38
236 225 217 209 192 199 201 210 217 226 222 232 233 223 223 222 230 237 248 251 255 256 254 272 291 300 300 302 302 303 301 296 297 297 295 293 286 276 274 276 281 286 291 294 295 301 303 299 291 291 296 300 301 301 301 300 299 296 292 286 281 285 291 -3.4e+38 -3.4e+38 -3.4e+38 -3.4e+38 -3.4e+38 -3.4e+38
236 228 207 197 192 193 199 209 212 219 224 229 231 227 221 225 234 239 248 261 261 265 262 273 289 295 302 304 305 305 302 299 300 299 297 294 286 278 275 277 280 282 289 292 295 300 301 302 298 292 298 301 301 301 301 300 299 296 290 282 285 294 297 -3.4e+38 -3.4e+38 -3.4e+38 -3.4e+38 -3.4e+38 -3.4e+38
245 234 194 189 188 192 199 206 202 215 219 226 234 239 237 231 236 240 248 259 275 279 272 278 288 292 302 304 307 309 307 302 304 300 297 293 287 284 282 285 286 283 285 293 298 301 304 305 303 295 296 300 301 301 301 301 299 294 285 287 294 298 -3.4e+38 -3.4e+38 -3.4e+38 -3.4e+38 -3.4e+38 -3.4e+38 -3.4e+38
246 240 238 172 183 192 199 196 199 210 211 224 213 244 248 243 240 244 251 258 269 287 283 287 292 294 301 306 309 311 311 304 303 300 295 290 289 286 286 287 288 290 289 291 297 301 304 303 304 297 296 300 301 301 301 301 295 287 292 296 298 -3.4e+38 -3.4e+38 -3.4e+38 -3.4e+38 -3.4e+38 -3.4e+38 -3.4e+38 -3.4e+38
254 249 243 239 221 195 204 209 217 219 225 234 241 245 253 255 248 251 253 260 267 283 292 293 297 299 301 306 308 313 313 311 304 298 296 291 287 282 281 283 286 289 291 294 296 299 302 306 306 298 297 301 301 300 300 299 293 294 299 299 -3.4e+38 -3.4e+38 -3.4e+38 -3.4e+38 -3.4e+38 -3.4e+38 -3.4e+38 -3.4e+38 -3.4e+38
258 244 237 243 245 209 205 215 213 225 232 236 240 246 255 259 255 255 255 264 272 279 282 271 292 295 299 306 309 313 309 305 302 299 294 290 284 279 276 275 281 287 290 294 297 299 301 305 307 304 299 300 300 299 297 292 297 301 299 -3.4e+38 -3.4e+38 -3.4e+38 -3.4e+38 -3.4e+38 -3.4e+38 -3.4e+38 -3.4e+38 -3.4e+38 -3.4e+38
252 226 235 242 248 254 255 255 228 235 229 233 242 249 253 262 264 262 260 265 272 273 281 286 289 290 293 305 313 314 315 310 303 297 292 287 283 277 273 274 279 286 290 294 298 301 303 305 307 303 299 299 299 296 289 296 301 299 -3.4e+38 -3.4e+38 -3.4e+38 -3.4e+38 -3.4e+38 -3.4e+38 -3.4e+38 -3.4e+38 -3.4e+38 -3.4e+38 -3.4e+38
247 208 247 252 254 259 260 261 261 252 255 255 241 250 257 262 267 268 267 264 269 272 282 285 280 281 295 303 307 313 314 306 300 295 289 285 280 275 273 276 279 286 291 294 299 302 305 306 306 301 298 298 294 288 293 300 299 -3.4e+38 -3.4e+38 -3.4e+38 -3.4e+38 -3.4e+38 -3.4e+38 -3.4e+38 -3.4e+38 -3.4e+38 -3.4e+38 -3.4e+38 -3.4e+38
253 244 257 258 260 261 263 264 264 260 257 262 256 258 261 266 266 271 265 275 263 273 282 281 282 283 284 299 304 310 310 303 295 292 287 282 278 277 278 286 285 290 293 296 300 302 303 303 305 301 297 292 290 291 300 299 -3.4e+38 -3.4e+38 -3.4e+38 -3.4e+38 -3.4e+38 -3.4e+38 -3.4e+38 -3.4e+38 -3.4e+38 -3.4e+38 -3.4e+38 -3.4e+38 -3.4e+38
269 269 266 264 263 264 265 265 266 264 263 265 264 263 265 269 270 273 272 278 279 282 285 286 283 284 286 294 301 308 306 299 297 289 283 280 278 287 289 291 293 294 297 300 303 303 300 297 295 296 295 288 288 298 298 -3.4e+38 -3.4e+38 -3.4e+38 -3.4e+38 -3.4e+38 -3.4e+38 -3.4e+38 -3.4e+38 -3.4e+38 -3.4e+38 -3.4e+38 -3.4e+38 -3.4e+38 -3.4e+38
280 275 272 268 266 266 265 268 268 268 268 267 268 261 265 270 266 275 272 280 282 283 288 289 277 282 283 294 299 298 299 293 291 285 280 278 285 289 292 295 297 298 300 303 304 302 298 293 289 292 289 286 296 297 -3.4e+38 -3.4e+38 -3.4e+38 -3.4e+38 -3.4e+38 -3.4e+38 -3.4e+38 -3.4e+38 -3.4e+38 -3.4e+38 -3.4e+38 -3.4e+38 -3.4e+38 -3.4e+38 -3.4e+38
279 274 268 266 265 266 267 267 270 269 271 270 271 265 267 273 273 276 279 278 282 281 289 283 281 279 276 290 293 298 291 290 287 285 282 286 287 290 293 295 298 300 302 305 304 301 298 295 293 287 286 292 296 -3.4e+38 -3.4e+38 -3.4e+38 -3.4e+38 -3.4e+38 -3.4e+38 -3.4e+38 -3.4e+38 -3.4e+38 -3.4e+38 -3.4e+38 -3.4e+38 -3.4e+38 -3.4e+38 -3.4e+38 -3.4e+38
276 271 258 254 259 268 271 271 272 273 272 273 274 272 274 276 269 271 281 281 275 284 287 284 284 283 291 292 299 296 295 289 285 285 286 288 289 290 293 295 297 299 301 303 304 301 297 294 292 283 292 294 -3.4e+38 -3.4e+38 -3.4e+38 -3.4e+38 -3.4e+38 -3.4e+38 -3.4e+38 -3.4e+38 -3.4e+38 -3.4e+38 -3.4e+38 -3.4e+38 -3.4e+38 -3.4e+38 -3.4e+38 -3.4e+38 -3.4e+38
272 259 245 231 261 271 272 274 275 275 275 275 276 277 278 276 270 276 282 285 283 286 287 292 285 291 295 296 301 302 291 289 287 287 288 288 289 290 293 294 295 297 298 299 299 297 295 293 286 291 293 -3.4e+38 -3.4e+38 -3.4e+38 -3.4e+38 -3.4e+38 -3.4e+38 -3.4e+38 -3.4e+38 -3.4e+38 -3.4e+38 -3.4e+38 -3.4e+38 -3.4e+38 -3.4e+38 -3.4e+38 -3.4e+38 -3.4e+38 -3.4e+38
266 248 216 249 268 272 275 276 276 277 277 277 279 280 280 278 275 278 283 286 288 289 290 292 294 293 293 299 302 296 292 289 288 289 289 288 290 289 291 292 293 294 294 295 294 293 291 287 292 -3.4e+38 -3.4e+38 -3.4e+38 -3.4e+38 -3.4e+38 -3.4e+38 -3.4e+38 -3.4e+38 -3.4e+38 -3.4e+38 -3.4e+38 -3.4e+38 -3.4e+38 -3.4e+38 -3.4e+38 -3.4e+38 -3.4e+38 -3.4e+38 -3.4e+38 -3.4e+38
266 255 253 265 273 276 277 277 277 278 279 279 281 282 283 281 280 283 285 288 289 288 295 296 296 294 291 294 301 296 291 290 289 289 288 290 289 289 290 290 290 290 290 289 289 288 285 291 -3.4e+38 -3.4e+38 -3.4e+38 -3.4e+38 -3.4e+38 -3.4e+38 -3.4e+38 -3.4e+38 -3.4e+38 -3.4e+38 -3.4e+38 -3.4e+38 -3.4e+38 -3.4e+38 -3.4e+38 -3.4e+38 -3.4e+38 -3.4e+38 -3.4e+38 -3.4e+38 -3.4e+38
267 267 269 271 274 276 277 278 278 279 280 281 282 284 285 284 285 285 288 290 291 293 295 297 298 296 292 295 298 294 293 290 289 288 289 289 289 288 288 288 287 286 285 284 283 285 -3.4e+38 -3.4e+38 -3.4e+38 -3.4e+38 -3.4e+38 -3.4e+38 -3.4e+38 -3.4e+38 -3.4e+38 -3.4e+38 -3.4e+38 -3.4e+38 -3.4e+38 -3.4e+38 -3.4e+38 -3.4e+38 -3.4e+38 -3.4e+38 -3.4e+38 -3.4e+38 -3.4e+38 -3.4e+38 -3.4e+38
263 265 266 271 273 275 278 279 277 280 282 283 284 285 287 288 288 290 292 292 293 295 296 298 298 294 295 296 299 299 295 292 291 290 289 289 288 287 286 285 283 281 279 277 -3.4e+38 -3.4e+38 -3.4e+38 -3.4e+38 -3.4e+38 -3.4e+38 -3.4e+38 -3.4e+38 -3.4e+38 -3.4e+38 -3.4e+38 -3.4e+38 -3.4e+38 -3.4e+38 -3.4e+38 -3.4e+38 -3.4e+38 -3.4e+38 -3.4e+38 -3.4e+38 -3.4e+38 -3.4e+38 -3.4e+38 -3.4e+38 -3.4e+38
253 260 260 267 273 275 278 280 281 280 282 284 286 287 288 290 291 292 294 294 295 296 297 298 299 297 296 297 297 298 295 292 292 290 288 287 287 285 284 282 280 278 278 -3.4e+38 -3.4e+38 -3.4e+38 -3.4e+38 -3.4e+38 -3.4e+38 -3.4e+38 -3.4e+38 -3.4e+38 -3.4e+38 -3.4e+38 -3.4e+38 -3.4e+38 -3.4e+38 -3.4e+38 -3.4e+38 -3.4e+38 -3.4e+38 -3.4e+38 -3.4e+38 -3.4e+38 -3.4e+38 -3.4e+38 -3.4e+38 -3.4e+38 -3.4e+38
248 259 257 265 273 276 278 280 282 283 284 282 286 288 289 291 293 294 295 296 296 297 298 299 300 299 299 298 297 297 294 293 292 290 288 286 285 283 282 280 278 -3.4e+38 -3.4e+38 -3.4e+38 -3.4e+38 -3.4e+38 -3.4e+38 -3.4e+38 -3.4e+38 -3.4e+38 -3.4e+38 -3.4e+38 -3.4e+38 -3.4e+38 -3.4e+38 -3.4e+38 -3.4e+38 -3.4e+38 -3.4e+38 -3.4e+38 -3.4e+38 -3.4e+38 -3.4e+38 -3.4e+38 -3.4e+38 -3.4e+38 -3.4e+38 -3.4e+38 -3.4e+38
250 251 249 261 269 273 274 279 282 284 285 285 282 288 290 292 293 294 296 297 298 299 299 300 300 300 300 299 297 296 295 293 291 289 287 285 283 281 279 278 -3.4e+38 -3.4e+38 -3.4e+38 -3.4e+38 -3.4e+38 -3.4e+38 -3.4e+38 -3.4e+38 -3.4e+38 -3.4e+38 -3.4e+38 -3.4e+38 -3.4e+38 -3.4e+38 -3.4e+38 -3.4e+38 -3.4e+38 -3.4e+38 -3.4e+38 -3.4e+38 -3.4e+38 -3.4e+38 -3.4e+38 -3.4e+38 -3.4e+38 -3.4e+38 -3.4e+38 -3.4e+38 -3.4e+38
248 248 253 258 265 266 273 279 281 283 286 288 285 287 290 292 293 295 296 298 299 300 300 301 301 301 301 300 298 297 295 292 290 288 285 283 281 279 276 -3.4e+38 -3.4e+38 -3.4e+38 -3.4e+38 -3.4e+38 -3.4e+38 -3.4e+38 -3.4e+38 -3.4e+38 -3.4e+38 -3.4e+38 -3.4e+38 -3.4e+38 -3.4e+38 -3.4e+38 -3.4e+38 -3.4e+38 -3.4e+38 -3.4e+38 -3.4e+38 -3.4e+38 -3.4e+38 -3.4e+38 -3.4e+38 -3.4e+38 -3.4e+38 -3.4e+38 -3.4e+38 -3.4e+38 -3.4e+38
241 243 249 256 261 270 275 276 278 282 285 288 287 289 293 293 294 296 297 298 299 300 300 301 301 301 301 300 299 297 294 292 289 286 283 281 279 272 -3.4e+38 -3.4e+38 -3.4e+38 -3.4e+38 -3.4e+38 -3.4e+38 -3.4e+38 -3.4e+38 -3.4e+38 -3.4e+38 -3.4e+38 -3.4e+38 -3.4e+38 -3.4e+38 -3.4e+38 -3.4e+38 -3.4e+38 -3.4e+38 -3.4e+38 -3.4e+38 -3.4e+38 -3.4e+38 -3.4e+38 -3.4e+38 -3.4e+38 -3.4e+38 -3.4e+38 -3.4e+38 -3.4e+38 -3.4e+38 -3.4e+38
242 238 245 253 257 262 266 272 276 280 284 289 291 289 293 295 296 298 299 299 300 300 300 301 301 301 301 300 298 297 294 291 287 283 281 279 279 -3.4e+38 -3.4e+38 -3.4e+38 -3.4e+38 -3.4e+38 -3.4e+38 -3.4e+38 -3.4e+38 -3.4e+38 -3.4e+38 -3.4e+38 -3.4e+38 -3.4e+38 -3.4e+38 -3.4e+38 -3.4e+38 -3.4e+38 -3.4e+38 -3.4e+38 -3.4e+38 -3.4e+38 -3.4e+38 -3.4e+38 -3.4e+38 -3.4e+38 -3.4e+38 -3.4e+38 -3.4e+38 -3.4e+38 -3.4e+38 -3.4e+38 -3.4e+38
245 242 242 240 252 257 262 270 275 277 284 289 293 294 293 295 296 299 300 300 300 300 301 301 301 300 300 299 298 296 294 291 283 280 278 278 -3.4e+38 -3.4e+38 -3.4e+38 -3.4e+38 -3.4e+38 -3.4e+38 -3.4e+38 -3.4e+38 -3.4e+38 -3.4e+38 -3.4e+38 -3.4e+38 -3.4e+38 -3.4e+38 -3.4e+38 -3.4e+38 -3.4e+38 -3.4e+38 -3.4e+38 -3.4e+38 -3.4e+38 -3.4e+38 -3.4e+38 -3.4e+38 -3.4e+38 -3.4e+38 -3.4e+38 -3.4e+38 -3.4e+38 -3.4e+38 -3.4e+38 -3.4e+38 -3.4e+38
240 236 217 230 251 255 261 266 272 278 283 289 293 296 297 297 294 296 300 300 300 300 300 300 300 299 299 298 296 295 292 284 277 277 276 -3.4e+38 -3.4e+38 -3.4e+38 -3.4e+38 -3.4e+38 -3.4e+38 -3.4e+38 -3.4e+38 -3.4e+38 -3.4e+38 -3.4e+38 -3.4e+38 -3.4e+38 -3.4e+38 -3.4e+38 -3.4e+38 -3.4e+38 -3.4e+38 -3.4e+38 -3.4e+38 -3.4e+38 -3.4e+38 -3.4e+38 -3.4e+38 -3.4e+38 -3.4e+38 -3.4e+38 -3.4e+38 -3.4e+38 -3.4e+38 -3.4e+38 -3.4e+38 -3.4e+38 -3.4e+38
209 216 186 244 254 261 262 265 272 279 283 289 293 296 297 299 299 299 299 299 299 299 299 299 299 298 297 296 294 292 290 286 278 275 -3.4e+38 -3.4e+38 -3.4e+38 -3.4e+38 -3.4e+38 -3.4e+38 -3.4e+38 -3.4e+38 -3.4e+38 -3.4e+38 -3.4e+38 -3.4e+38 -3.4e+38 -3.4e+38 -3.4e+38 -3.4e+38 -3.4e+38 -3.4e+38 -3.4e+38 -3.4e+38 -3.4e+38 -3.4e+38 -3.4e+38 -3.4e+38 -3.4e+38 -3.4e+38 -3.4e+38 -3.4e+38 -3.4e+38 -3.4e+38 -3.4e+38 -3.4e+38 -3.4e+38 -3.4e+38 -3.4e+38
170 214 223 250 258 263 268 270 280 281 283 288 292 296 298 298 299 299 298 297 297 298 298 298 298 297 296 295 292 289 288 290 280 -3.4e+38 -3.4e+38 -3.4e+38 -3.4e+38 -3.4e+38 -3.4e+38 -3.4e+38 -3.4e+38 -3.4e+38 -3.4e+38 -3.4e+38 -3.4e+38 -3.4e+38 -3.4e+38 -3.4e+38 -3.4e+38 -3.4e+38 -3.4e+38 -3.4e+38 -3.4e+38 -3.4e+38 -3.4e+38 -3.4e+38 -3.4e+38 -3.4e+38 -3.4e+38 -3.4e+38 -3.4e+38 -3.4e+38 -3.4e+38 -3.4e+38 -3.4e+38 -3.4e+38 -3.4e+38 -3.4e+38 -3.4e+38
