EcoCrop/data/climate/tmean_4.asc
NCOLS 660 
NROWS 360 
XLLCORNER -20 
YLLCORNER -30 
CELLSIZE 0.1666667 
NODATA_value -3.4e+38 
[rows 30 to 59 of 360, columns 552 to 620 of 660]
310 307 290 302 301 287 296 289 267 272 281 286 290 293 296 298 290 296 299 303 304 308 308 305 311 310 308 307 306 300 296 291 293 295 293 295 296 306 303 305 304 303 302 298 299 296 301 304 307 307 307 296 291 294 295 298 310 296 296 309 308 305 304 299 297 299 298 294 299
306 302 297 298 297 294 293 282 262 271 280 286 291 294 296 296 295 292 298 305 307 307 299 306 302 309 308 308 307 304 299 296 292 295 295 295 301 305 305 306 304 304 301 302 300 297 301 303 299 295 292 296 300 300 300 302 299 298 296 295 293 291 301 299 297 296 296 296 294
306 303 301 301 263 298 290 279 277 277 283 288 290 293 295 295 298 298 297 295 298 304 299 305 305 305 308 303 306 306 302 295 294 294 296 300 301 303 305 305 304 302 303 302 295 299 300 298 293 299 299 300 301 302 301 300 299 298 296 290 292 302 295 292 303 302 303 295 284
305 303 302 303 299 287 296 288 278 271 289 296 296 294 295 294 294 298 300 302 304 304 303 306 305 307 309 312 308 303 304 298 295 296 297 300 303 304 299 305 303 305 303 299 293 296 292 302 300 299 291 288 299 301 299 301 299 302 302 301 297 301 287 297 299 299 301 301 302
306 304 302 299 292 298 301 291 275 276 291 303 302 295 297 298 298 298 301 301 304 302 304 306 308 309 310 314 314 310 307 299 298 297 301 304 306 304 305 302 301 303 300 296 293 300 302 301 301 293 295 287 299 300 298 295 302 298 296 298 297 298 293 294 295 296 298 302 301
307 305 303 302 299 305 303 295 291 297 297 307 309 301 311 305 296 297 302 301 303 302 303 304 308 310 312 315 315 313 306 306 298 299 302 305 306 306 306 302 303 302 302 301 304 302 303 294 296 296 297 298 299 300 301 291 298 298 291 299 295 294 291 301 302 301 295 298 296
309 308 306 305 305 305 304 295 295 300 304 307 311 313 314 309 301 300 300 300 304 303 303 302 307 312 311 313 315 312 307 306 298 303 304 306 307 306 300 304 303 303 305 306 305 303 304 297 296 297 297 298 300 300 297 299 298 299 294 296 285 295 280 298 296 294 290 293 290
310 309 308 307 307 307 307 307 305 300 304 310 313 315 312 309 305 299 300 303 302 303 304 302 304 310 312 310 312 310 306 306 302 304 305 305 306 305 303 303 300 303 307 306 303 305 299 296 289 297 297 297 297 295 296 299 294 296 295 293 292 283 280 282 298 296 294 288 279
311 311 310 309 309 309 308 308 309 309 309 311 316 316 316 312 307 298 300 303 301 302 301 303 305 309 309 309 310 307 306 303 301 303 305 306 305 301 302 301 302 302 305 303 306 304 292 299 294 296 290 296 294 295 295 299 295 292 290 285 278 279 282 277 283 282 286 278 280
312 311 310 311 311 310 311 311 311 310 312 315 316 315 310 308 300 299 301 300 302 302 300 301 301 303 308 306 307 304 304 299 300 303 305 304 304 299 299 296 301 302 304 302 302 300 301 294 298 296 292 293 282 294 294 296 298 296 292 289 289 281 282 278 293 288 289 285 280
313 312 312 312 312 312 312 313 311 315 317 317 315 314 313 307 308 304 303 298 301 300 300 299 301 303 306 305 305 303 301 298 297 300 304 304 294 307 311 309 306 305 303 300 300 303 300 298 295 287 284 285 275 272 292 292 294 296 294 294 292 297 291 292 291 291 288 287 283
313 313 313 313 313 313 313 312 315 316 312 314 308 314 312 311 307 306 304 300 300 298 298 299 299 300 304 303 303 302 298 298 301 303 304 308 301 312 313 312 312 310 304 307 305 302 299 295 289 290 281 278 273 276 266 281 290 292 296 297 295 301 299 300 295 290 289 275 279
313 314 314 314 314 313 314 314 315 315 314 316 310 312 313 312 308 302 303 298 298 297 295 295 288 300 298 300 301 299 301 304 303 302 303 313 313 313 313 312 310 309 308 306 303 299 288 295 292 288 281 281 278 282 280 281 271 274 285 292 295 302 305 307 298 290 286 281 269
314 314 314 314 314 313 313 314 314 314 313 313 312 311 309 310 304 301 300 298 297 295 294 294 297 298 301 308 307 310 313 313 313 313 314 313 313 312 311 310 309 299 304 297 298 290 289 287 293 287 284 288 279 284 280 265 278 281 260 293 294 295 303 304 301 301 285 273 291
313 313 314 314 313 313 312 313 314 314 314 311 308 306 306 306 302 299 297 296 296 296 294 294 300 310 306 313 315 315 315 315 314 313 312 310 310 309 308 305 306 281 293 292 290 289 287 291 289 282 287 279 285 283 284 278 270 276 294 304 308 300 311 313 279 298 310 311 298
312 313 313 314 313 312 312 312 313 314 315 316 315 314 311 312 314 313 313 301 294 298 293 305 315 318 318 316 317 317 315 314 314 311 308 311 308 303 267 300 276 272 285 288 289 291 297 295 294 289 290 289 280 284 284 287 292 308 300 299 311 314 312 316 316 306 316 313 301
311 312 313 -3.4e+38 314 314 312 312 314 315 317 314 315 309 313 315 319 319 319 319 320 320 320 321 322 322 319 315 320 319 316 314 309 300 300 309 308 271 278 278 288 287 289 290 293 295 299 295 302 287 284 288 284 284 273 303 308 312 314 315 316 317 317 319 319 314 321 309 317
310 312 -3.4e+38 313 314 314 314 314 315 316 317 315 313 306 319 313 322 324 323 323 321 321 322 318 321 322 320 321 321 319 315 311 304 295 296 297 307 289 285 293 288 292 295 294 296 294 298 305 306 302 288 293 292 290 294 308 312 314 317 319 319 320 320 322 322 324 323 323 323
309 310 -3.4e+38 -3.4e+38 315 316 316 317 318 318 317 294 310 311 292 285 314 315 316 319 319 318 322 320 319 319 320 322 320 317 307 305 304 301 295 292 287 290 291 296 292 297 299 302 300 295 300 300 310 306 289 288 293 291 300 312 315 317 318 321 321 322 322 324 325 326 325 327 327
306 -3.4e+38 -3.4e+38 312 314 317 318 315 304 304 297 299 287 290 298 311 311 304 311 313 313 318 318 320 317 319 321 320 319 311 318 315 306 303 293 297 294 290 292 304 303 311 302 306 311 312 313 314 314 314 312 294 300 292 311 315 317 318 321 322 323 324 325 325 327 327 328 328 327
296 304 -3.4e+38 -3.4e+38 -3.4e+38 315 315 314 309 306 296 310 316 319 320 318 311 303 303 306 306 311 306 312 305 316 317 320 322 321 318 305 295 287 291 300 296 302 310 310 316 318 306 313 315 316 317 319 318 317 316 292 294 301 314 318 320 321 321 321 323 323 325 320 324 326 326 325 325
298 -3.4e+38 -3.4e+38 -3.4e+38 308 311 312 310 309 303 311 316 316 317 320 322 322 320 317 318 313 304 293 308 310 320 325 324 323 318 315 302 292 295 310 307 318 317 317 315 317 321 322 320 320 321 321 320 314 317 317 316 305 315 317 319 320 321 322 321 323 324 322 320 323 322 325 321 324
297 -3.4e+38 -3.4e+38 -3.4e+38 304 306 308 310 311 313 314 313 309 298 311 317 321 323 324 324 324 322 322 323 326 327 323 304 306 308 311 312 320 320 320 321 323 318 318 316 316 322 324 324 323 323 324 316 319 317 317 312 310 316 317 320 320 322 321 322 323 320 321 323 323 324 324 321 323
-3.4e+38 -3.4e+38 -3.4e+38 -3.4e+38 -3.4e+38 303 306 307 308 306 296 304 292 292 305 313 316 321 324 325 326 327 329 328 329 322 319 324 325 326 325 325 325 325 325 322 325 324 314 312 321 324 326 326 326 325 323 323 322 320 316 313 316 318 319 320 319 321 320 322 322 320 320 321 323 322 326 325 325
-3.4e+38 -3.4e+38 -3.4e+38 -3.4e+38 -3.4e+38 300 303 305 305 304 295 288 292 299 304 312 317 319 322 322 324 322 326 324 327 329 329 330 329 328 329 328 328 327 326 319 327 329 324 324 325 327 327 325 325 325 324 325 322 322 315 315 317 317 318 318 318 320 320 321 320 317 318 320 323 309 325 324 324
-3.4e+38 -3.4e+38 -3.4e+38 -3.4e+38 -3.4e+38 299 300 301 301 288 294 286 279 292 296 305 311 317 320 321 325 324 326 322 325 327 327 327 329 328 328 328 329 329 328 330 329 330 328 328 329 329 328 325 325 324 325 325 324 319 314 316 316 313 315 317 317 317 319 319 315 316 318 317 319 321 321 323 322
-3.4e+38 -3.4e+38 -3.4e+38 -3.4e+38 -3.4e+38 295 297 297 292 285 268 277 279 296 302 305 311 316 320 321 323 320 320 322 319 322 322 324 327 327 328 326 326 326 329 331 332 332 330 330 330 329 328 322 325 324 324 325 324 322 316 313 313 311 311 313 310 312 312 312 314 314 297 320 317 321 322 322 322
-3.4e+38 -3.4e+38 -3.4e+38 -3.4e+38 -3.4e+38 292 294 297 293 287 275 268 284 291 299 306 310 314 318 296 304 303 307 312 306 310 315 319 323 323 323 322 322 326 327 327 323 327 328 331 329 329 327 326 326 324 323 325 325 323 318 313 315 312 311 308 311 309 310 309 313 310 295 319 320 320 321 324 324
-3.4e+38 -3.4e+38 -3.4e+38 -3.4e+38 286 289 287 284 291 283 279 284 285 290 295 300 306 301 301 297 304 307 310 314 314 311 315 314 316 316 318 319 322 323 328 329 328 324 327 324 329 330 328 326 323 325 324 325 324 323 320 314 315 313 311 304 298 308 307 301 307 299 288 318 322 322 323 324 321
-3.4e+38 -3.4e+38 -3.4e+38 -3.4e+38 283 286 287 287 278 274 279 285 291 293 297 299 300 305 308 301 306 308 312 312 316 317 312 317 316 317 316 315 322 322 327 329 329 329 326 328 327 328 328 325 324 318 326 325 324 320 317 316 317 314 312 295 285 294 296 295 303 304 315 318 319 319 321 318 316
