EcoCrop/data/climate/tmean_4.asc
NCOLS 660 
NROWS 360 
XLLCORNER -20 
YLLCORNER -30 
CELLSIZE 0.1666667 
NODATA_value -3.4e+38 
[rows 150 to 179 of 360, columns 207 to 275 of 660]
248 249 251 252 249 256 253 260 265 258 252 249 251 252 254 252 251 252 253 257 256 257 266 271 265 270 270 270 268 266 259 263 263 264 256 254 252 252 249 255 264 253 251 256 250 252 262 259 261 263 261 259 254 252 250 251 252 253 253 254 252 260 258 259 259 260 260 256 253
251 251 251 253 253 253 250 256 258 259 257 249 250 252 251 251 246 249 247 249 267 266 269 270 259 262 259 262 255 256 262 264 264 263 262 260 248 248 255 254 262 258 252 258 252 260 262 258 262 264 263 260 253 250 251 249 249 250 251 252 253 256 257 256 259 257 259 257 258
252 253 251 251 256 254 248 250 256 258 253 253 253 252 255 251 251 250 257 252 264 265 269 266 265 268 259 261 258 251 251 258 263 259 259 257 258 256 257 260 257 252 257 251 256 262 262 259 262 261 261 257 253 251 248 247 249 252 251 252 253 254 255 255 256 255 255 255 253
255 253 252 252 256 253 255 256 252 254 255 252 251 251 256 251 251 249 255 258 259 264 265 268 265 269 264 262 249 249 246 246 253 251 253 256 257 258 257 257 246 248 255 255 259 261 260 259 263 257 256 256 253 251 250 247 251 251 250 251 252 254 255 254 254 255 253 253 255
253 254 252 254 254 254 251 253 253 257 258 255 252 255 246 248 254 251 252 246 259 260 263 264 269 261 258 260 247 258 256 246 249 251 253 253 254 255 246 251 249 256 257 256 261 260 261 261 263 260 257 256 253 253 247 248 250 250 253 252 251 252 253 252 253 256 253 254 255
251 249 251 252 251 257 255 253 258 259 258 258 245 248 245 247 250 252 247 246 244 259 260 261 264 264 262 254 257 256 255 252 245 249 250 252 253 254 251 244 247 246 253 254 257 257 260 262 261 257 255 253 252 250 251 250 251 248 253 253 253 253 253 253 253 254 253 252 252
247 246 245 246 250 253 254 255 257 263 259 249 246 246 247 255 251 249 244 247 243 255 256 258 260 262 262 261 260 258 254 249 246 246 247 252 253 253 254 247 252 247 253 256 255 258 257 260 261 259 256 256 254 251 252 252 249 250 251 251 252 253 253 252 252 252 252 252 252
244 245 243 245 246 247 256 261 254 259 248 247 248 247 244 244 245 252 251 250 252 251 252 254 258 260 261 257 259 256 257 255 252 249 253 253 248 254 254 249 249 252 250 254 256 258 257 258 257 257 257 255 253 251 251 253 252 252 253 251 251 252 251 250 252 252 250 250 252
247 245 245 246 245 241 245 253 256 262 253 246 247 246 247 247 244 249 245 248 241 249 251 252 255 258 260 259 260 257 257 256 255 255 255 249 251 255 251 249 250 251 249 251 257 254 254 257 258 254 253 255 256 256 256 255 255 252 252 252 251 251 252 249 252 251 251 251 249
247 246 247 248 241 243 246 248 246 260 253 249 245 248 249 245 247 247 252 242 249 249 251 250 255 258 259 260 260 259 259 254 258 255 256 254 253 250 249 252 250 254 254 255 252 256 251 252 252 253 253 257 257 258 257 258 259 256 250 252 253 251 252 252 249 250 248 249 249
245 247 246 247 248 243 245 244 246 259 251 251 248 253 254 250 254 247 247 247 250 251 247 254 255 257 259 259 260 261 260 260 257 258 256 257 258 258 255 255 253 254 251 255 252 252 254 255 252 256 254 254 250 253 254 256 258 259 257 257 256 251 250 252 251 250 250 249 248
244 242 245 247 251 243 246 251 256 255 254 254 248 246 248 253 255 248 252 249 253 253 251 255 256 257 258 260 260 260 261 261 259 260 259 258 258 259 251 255 257 254 252 256 253 254 253 254 252 251 250 251 253 255 252 255 257 259 258 258 257 256 257 253 249 249 249 247 249
246 242 245 250 253 250 247 247 256 256 259 254 253 254 252 250 248 252 254 254 254 252 254 255 257 257 258 258 258 259 260 261 257 261 261 260 259 261 259 257 256 258 259 259 260 258 255 252 252 254 255 256 252 256 254 256 258 260 259 259 260 260 258 255 250 249 248 249 249
242 246 246 249 252 255 251 252 257 256 256 251 251 251 252 250 253 253 254 254 254 255 255 258 256 254 255 254 257 259 258 258 257 261 263 263 260 261 260 258 259 257 254 259 259 258 257 255 255 253 253 257 257 253 260 261 258 259 257 258 259 259 259 257 253 251 252 250 248
244 243 244 250 255 250 251 248 257 259 254 253 249 249 253 253 254 255 254 255 255 255 256 256 254 258 256 257 256 258 258 261 257 262 259 262 258 256 262 261 260 255 258 256 260 259 256 259 257 256 256 257 253 260 258 252 259 253 255 257 259 257 258 258 251 250 251 250 251
244 240 247 251 246 250 248 253 256 258 256 254 252 252 251 251 255 256 255 256 256 256 257 256 256 258 259 258 259 257 260 256 258 259 263 263 264 263 259 257 254 256 260 259 262 261 260 258 257 256 257 257 260 255 255 259 252 255 256 253 256 259 257 257 255 253 249 249 250
252 253 253 258 250 253 254 247 252 254 255 254 255 251 254 254 254 256 256 257 257 257 258 258 258 259 259 260 261 260 261 261 262 263 263 261 259 258 258 262 258 258 261 265 265 264 262 259 258 257 256 260 259 258 257 254 251 255 252 251 254 255 258 257 257 255 254 253 254
246 255 259 250 258 254 253 257 255 258 253 255 256 253 253 257 255 257 257 258 258 260 258 259 259 260 259 260 260 260 261 262 262 263 263 263 263 264 264 264 264 264 264 265 264 262 262 261 260 259 259 259 256 257 258 256 254 254 255 257 250 255 254 254 256 257 256 255 257
253 256 250 252 256 260 257 258 254 258 251 255 255 254 256 258 257 258 258 258 259 260 259 259 259 259 259 259 260 261 261 261 263 263 263 263 263 263 263 263 263 263 263 263 258 261 260 257 259 260 261 260 259 259 258 255 253 253 252 253 252 251 251 256 257 258 258 258 259
251 253 256 254 255 243 250 257 256 256 252 255 255 255 256 256 258 258 259 259 259 261 260 260 260 259 259 259 259 261 261 262 261 258 260 259 261 259 260 261 261 261 260 259 256 259 256 255 257 253 259 261 260 259 259 259 259 257 252 254 250 250 254 253 256 258 256 258 258
251 255 251 257 246 247 253 251 251 257 255 255 256 256 258 258 258 259 259 259 260 262 260 260 259 259 259 260 260 260 259 259 260 261 261 261 261 261 261 261 262 261 261 257 262 260 259 256 253 256 257 258 261 260 260 258 258 258 251 252 255 253 256 257 258 258 258 257 256
235 243 247 253 253 246 253 251 256 255 256 254 256 258 258 258 259 259 259 259 260 260 260 260 260 259 260 260 260 260 260 261 261 261 260 259 262 261 261 261 258 261 257 258 257 258 255 254 260 259 256 255 259 261 260 259 258 257 253 254 257 255 257 257 257 257 257 258 256
246 250 251 256 248 248 253 252 255 253 257 257 256 256 259 259 259 259 259 260 259 260 260 260 260 260 260 260 260 260 260 261 261 260 260 259 261 259 259 258 259 257 256 256 260 257 257 256 256 258 252 255 253 259 261 260 259 256 256 257 256 255 256 256 256 256 258 257 257
245 248 256 257 251 248 253 256 256 254 256 257 259 257 259 259 260 259 259 260 260 260 262 261 261 260 261 260 260 261 261 260 260 262 262 260 259 261 257 256 260 258 258 257 258 260 256 257 258 257 254 254 251 257 258 260 259 255 254 254 253 251 253 256 258 257 257 256 256
245 250 254 255 255 250 251 258 255 257 256 259 260 258 259 261 260 260 260 260 260 260 261 262 261 260 260 260 260 260 261 261 261 261 262 261 261 261 261 257 257 258 257 257 257 258 254 255 256 255 253 253 252 257 257 256 257 255 255 250 251 252 250 256 258 258 257 255 253
245 256 256 257 251 255 254 259 256 260 259 258 259 259 260 260 260 260 260 260 260 260 261 261 260 260 260 259 259 261 260 261 262 262 261 261 260 261 259 258 258 257 257 256 255 254 255 256 254 254 253 250 252 250 254 256 255 254 254 254 255 255 256 258 259 258 258 259 258
252 257 256 259 254 252 256 257 260 258 260 260 260 260 260 260 261 260 261 261 260 261 261 261 260 259 259 259 259 261 261 263 263 263 262 261 259 258 259 258 257 256 256 256 257 257 254 255 255 252 255 253 248 249 252 253 254 252 254 252 254 259 260 260 261 259 259 257 257
246 249 251 253 259 259 259 261 260 259 261 260 260 260 259 260 260 262 261 261 261 261 261 262 259 260 260 259 261 262 264 265 265 265 265 263 261 259 258 258 257 257 256 254 255 255 255 253 252 252 250 249 250 246 251 253 254 253 253 255 253 253 257 260 261 261 258 257 256
252 252 255 259 256 256 260 260 261 261 261 259 259 260 260 261 261 262 261 261 261 262 262 262 261 260 259 259 261 262 263 266 267 267 267 264 261 260 257 256 257 255 255 254 257 256 255 255 255 254 250 248 251 247 249 254 255 256 254 254 255 257 257 255 259 258 258 256 256
254 256 259 260 261 262 262 262 262 262 262 261 261 261 261 261 261 261 261 260 261 261 262 262 261 259 258 256 259 262 265 267 269 269 269 266 263 260 259 257 255 256 256 256 256 257 255 253 255 251 252 254 250 247 253 254 254 256 254 254 253 255 257 255 257 258 259 258 258
