EcoCrop/data/climate/tmean_8.asc
NCOLS 660 
NROWS 360 
XLLCORNER -20 
YLLCORNER -30 
CELLSIZE 0.1666667 
NODATA_value -3.4e+38 
[rows 210 to 239 of 360, columns 207 to 275 of 660]
209 208 212 216 215 219 224 212 216 220 230 233 227 223 236 221 225 238 239 236 237 236 226 237 246 247 253 250 245 246 241 255 250 249 248 250 242 247 240 248 249 246 249 245 243 247 246 248 245 243 245 246 250 245 247 246 248 244 242 248 244 245 243 246 247 248 253 255 258
204 214 210 212 212 213 217 213 217 218 230 223 231 220 238 222 218 229 223 231 239 228 225 242 244 247 250 245 241 244 241 252 248 247 252 247 241 250 252 255 255 248 248 248 246 247 248 246 249 244 246 248 246 252 248 245 252 244 245 251 245 242 245 248 251 250 254 254 258
216 219 217 204 216 213 214 207 211 215 221 224 234 219 233 219 221 223 222 221 234 221 227 242 239 236 245 248 239 238 243 241 248 250 247 240 240 247 252 250 249 255 245 253 253 248 244 246 245 247 243 242 249 250 248 242 247 246 246 245 241 247 243 249 250 248 252 251 256
220 219 215 212 212 212 203 211 209 215 226 225 234 221 220 219 228 220 221 216 222 219 221 237 225 234 230 233 238 237 237 238 248 251 248 248 248 245 254 248 248 247 249 248 244 251 247 247 246 245 245 244 245 250 246 247 247 246 243 244 244 241 249 247 245 246 250 254 255
217 217 205 213 208 207 204 212 213 218 224 224 232 219 216 227 218 219 219 220 216 216 221 226 222 235 227 233 235 234 236 241 244 249 248 246 246 248 248 246 247 246 246 247 243 245 249 246 245 244 243 244 250 255 247 254 246 245 242 243 247 248 246 243 245 249 249 255 249
211 214 205 202 206 208 209 212 212 220 223 228 231 217 215 224 216 213 217 213 216 219 219 224 220 230 225 228 233 232 236 240 244 248 244 244 251 248 250 247 242 244 245 244 242 243 246 247 245 243 243 244 252 255 238 257 254 247 241 243 246 246 246 250 246 247 245 249 250
211 211 204 202 208 207 211 215 218 212 228 220 229 230 213 217 214 218 218 215 215 217 218 217 219 221 224 226 228 238 233 247 246 245 238 246 251 250 247 245 242 243 247 243 241 245 244 247 245 239 239 244 252 247 252 256 255 244 241 241 241 242 247 248 242 244 245 249 253
212 194 201 203 207 212 212 219 216 219 219 216 221 226 211 210 230 212 211 218 214 216 214 219 223 220 226 225 228 238 245 246 245 244 244 250 245 248 246 243 244 245 246 245 240 240 241 244 243 239 238 243 244 248 256 253 247 245 245 245 242 245 243 241 245 242 235 249 242
215 196 210 206 210 213 212 214 217 213 215 210 208 229 226 215 222 214 217 217 210 213 218 219 218 220 225 225 227 239 244 245 234 246 240 246 242 247 248 245 248 246 245 242 244 239 240 242 239 236 237 238 237 248 250 250 254 252 249 245 239 240 240 238 239 239 236 245 237
218 219 205 208 210 213 210 211 210 211 213 212 210 233 225 210 211 211 215 215 213 215 216 214 220 222 221 222 226 228 230 243 239 243 236 242 245 248 249 250 250 244 242 240 241 238 239 237 236 235 234 237 238 246 245 251 248 253 248 248 245 238 238 237 236 238 229 237 232
220 221 213 212 207 209 210 208 208 208 212 212 206 229 214 221 216 219 223 214 215 213 212 214 216 221 220 226 228 230 229 232 244 242 243 248 246 249 251 253 250 248 243 240 238 241 236 235 235 228 233 235 234 238 242 246 245 248 250 247 248 246 236 238 237 235 233 226 231
223 223 217 208 205 206 208 205 206 208 211 219 216 222 234 223 227 219 228 213 212 216 211 218 219 217 222 225 228 226 229 236 243 240 245 243 246 245 248 247 244 246 244 237 235 238 236 235 235 232 233 232 236 234 241 241 243 247 247 248 243 246 235 232 231 230 234 230 226
223 220 204 194 199 203 199 210 208 211 220 223 218 228 231 228 225 223 228 222 212 216 213 213 215 221 223 222 225 229 232 230 241 239 246 241 250 244 249 245 250 244 242 245 240 240 238 236 239 234 231 233 237 235 240 241 242 248 247 243 236 237 230 228 230 232 235 231 226
223 217 219 190 194 196 204 207 203 211 216 222 227 227 231 226 227 223 224 226 223 220 214 217 215 220 219 221 223 225 228 229 241 240 244 242 249 247 248 243 245 243 240 242 240 237 238 235 235 237 232 233 237 237 241 241 245 244 242 239 236 231 233 234 229 228 226 231 228
226 222 210 201 190 193 197 201 203 216 223 228 226 227 226 236 233 228 225 231 229 220 215 214 214 217 218 220 222 225 227 229 240 239 242 242 247 245 248 244 243 244 239 239 239 238 236 235 237 237 232 233 238 234 238 239 234 239 239 231 233 226 228 228 232 227 224 233 232
236 230 201 200 189 189 193 198 202 208 221 221 229 232 231 230 235 228 229 224 228 227 223 224 213 216 217 219 222 224 229 232 243 242 242 241 246 243 246 246 244 247 236 239 240 238 236 235 239 238 236 234 235 235 237 236 240 235 237 230 231 230 226 234 232 231 233 238 237
225 227 207 204 189 187 191 195 202 205 209 227 229 230 229 230 228 227 227 228 227 226 228 224 213 215 217 219 223 223 227 230 236 237 238 243 246 241 243 248 242 246 242 241 238 236 236 236 239 238 231 234 235 235 236 234 235 233 233 230 231 229 226 232 230 233 235 238 232
231 211 214 210 190 189 190 192 199 204 210 210 224 224 228 228 228 231 227 227 228 228 229 224 223 217 217 220 223 223 225 227 229 231 233 244 242 243 243 247 236 247 235 241 238 236 235 232 236 237 235 234 236 232 237 232 236 234 231 229 228 230 228 229 233 241 243 242 239
221 215 212 207 191 189 190 194 198 203 206 212 225 226 225 230 224 230 230 232 234 226 227 222 214 216 217 218 222 223 224 229 228 231 233 234 240 241 243 239 239 243 242 241 240 235 236 233 238 237 236 235 233 233 234 228 235 233 232 227 227 225 228 228 230 233 236 242 242
220 222 216 211 208 191 189 193 195 198 202 223 227 225 230 230 224 226 232 229 232 229 228 224 215 217 218 218 220 222 224 227 230 236 233 234 238 243 236 236 239 243 244 239 241 236 237 233 240 238 231 233 229 231 233 228 228 233 232 229 229 228 228 228 228 227 226 242 243
232 221 211 213 206 185 190 193 196 196 207 218 227 231 232 231 228 233 233 236 231 226 230 222 221 217 215 219 222 222 224 225 227 232 231 233 234 235 234 238 237 241 242 232 241 231 235 231 238 232 229 235 234 232 228 227 234 230 229 229 226 226 228 229 231 231 240 241 242
204 211 201 207 207 190 188 194 198 197 202 213 222 232 232 231 232 235 233 232 232 232 222 221 219 221 218 217 219 224 224 225 227 230 232 232 239 240 238 241 240 233 239 237 240 235 231 237 237 231 232 228 230 232 230 230 234 231 226 227 228 229 229 230 230 233 231 232 230
222 204 208 202 198 198 181 194 199 200 202 211 218 231 231 220 231 234 235 228 230 225 225 223 221 219 220 218 219 222 222 225 227 229 230 237 238 235 240 239 235 233 237 231 239 235 231 234 237 228 228 229 229 227 228 227 234 231 227 227 227 226 227 233 238 239 234 235 236
222 200 205 200 209 195 193 195 201 203 206 207 218 225 230 231 233 233 234 231 225 226 223 219 219 221 218 219 217 220 222 224 226 229 230 234 235 236 235 236 230 230 236 230 233 235 230 229 238 230 228 228 227 228 228 229 229 231 229 226 226 225 227 229 234 235 235 238 248
199 198 200 200 197 199 203 206 203 209 210 213 209 222 208 220 232 231 234 231 226 225 222 222 221 222 221 219 219 222 221 223 226 227 229 231 230 236 232 232 231 230 230 229 234 230 229 228 237 229 228 227 226 228 226 230 232 225 227 226 225 226 227 232 233 243 244 244 246
217 207 188 196 206 205 205 208 208 206 208 212 210 209 213 211 229 233 233 231 226 226 225 224 223 221 224 220 218 218 222 223 225 227 228 232 229 234 229 232 228 229 233 229 228 230 229 229 230 234 227 227 227 226 225 231 229 228 225 225 226 227 228 231 239 235 241 242 243
217 217 209 210 206 207 203 208 207 205 209 210 210 208 209 212 230 230 231 223 226 226 226 223 222 224 219 222 217 217 220 224 224 225 229 232 228 228 227 232 227 227 231 230 228 229 229 229 228 237 232 228 227 226 227 230 227 224 225 225 227 230 231 236 237 233 237 235 231
215 209 203 203 206 205 207 204 204 207 207 209 211 211 213 212 210 230 229 224 221 224 225 226 222 220 220 219 220 219 217 219 222 224 225 226 225 225 225 226 226 226 230 229 230 228 228 229 228 236 232 229 230 230 226 230 225 226 226 227 230 229 234 235 231 227 231 226 227
217 212 205 189 203 200 204 207 207 208 207 207 207 209 210 210 209 228 227 227 218 221 223 225 225 224 221 220 214 216 217 220 222 222 223 224 225 225 224 224 224 225 230 227 230 233 229 228 229 233 232 233 231 229 229 228 225 224 228 225 230 232 228 229 226 222 228 222 211
205 204 199 183 198 197 190 200 205 202 206 207 210 211 211 207 210 215 213 214 210 211 220 223 224 222 220 219 212 211 213 216 217 219 221 223 223 221 221 222 223 223 224 228 229 229 231 229 229 229 230 233 231 228 228 226 222 223 225 225 227 228 223 224 221 222 217 198 199
