EcoCrop/data/climate/tmean_1.asc
NCOLS 660 
NROWS 360 
XLLCORNER -20 
YLLCORNER -30 
CELLSIZE 0.1666667 
NODATA_value -3.4e+38 
[rows 0 to 29 of 360, columns 207 to 275 of 660]
107 108 106 107 112 117 116 114 106 104 105 106 104 106 105 105 106 105 102 106 104 103 104 107 112 115 117 118 122 121 128 126 127 126 127 127 126 128 130 130 130 129 127 128 129 127 127 127 128 127 128 128 127 128 128 129 131 128 128 126 125 123 121 117 116 115 112 111 110
106 107 106 106 111 112 116 114 115 105 100 101 103 102 104 106 103 104 99 104 103 101 102 104 107 112 116 117 117 121 125 129 128 126 127 127 127 129 129 130 129 129 129 130 129 129 127 127 128 127 129 129 127 129 128 129 130 129 132 128 128 126 120 117 115 114 112 112 111
106 107 104 107 108 112 113 113 107 111 99 96 100 100 98 103 108 103 101 97 101 101 100 104 106 111 115 114 116 120 120 125 126 126 126 126 127 128 128 129 129 129 129 129 129 128 127 126 127 125 128 127 128 128 129 129 129 131 130 129 130 126 126 118 115 113 112 112 109
107 105 104 106 104 108 110 113 113 112 96 92 94 96 101 102 106 110 109 104 100 105 102 104 110 112 114 117 119 117 117 119 123 123 125 125 126 126 126 128 130 128 130 129 129 127 125 124 125 125 126 127 128 126 128 128 128 128 129 127 126 124 121 118 117 114 111 113 117
105 105 106 104 110 108 103 111 115 114 100 95 95 98 102 108 108 109 114 107 99 103 101 104 110 114 116 121 123 124 116 117 122 130 122 123 124 125 125 125 128 129 128 128 128 127 126 125 123 125 126 127 126 127 127 128 126 127 127 126 125 123 121 119 117 118 117 117 117
104 103 107 104 109 104 112 113 113 111 111 109 107 107 105 108 106 110 116 108 99 105 102 109 111 116 119 119 118 118 118 120 122 129 126 122 122 123 124 124 128 127 129 129 128 127 127 126 127 126 127 125 127 126 127 126 125 126 124 124 122 121 119 118 116 115 114 114 117
106 101 100 104 102 98 100 106 103 111 109 107 105 106 107 108 107 103 113 107 105 100 103 109 115 119 118 119 117 116 116 116 121 122 120 121 123 122 123 123 124 125 127 128 129 127 126 126 126 124 124 125 126 126 125 126 125 125 124 122 122 121 120 118 116 114 112 112 112
102 103 96 94 90 92 92 99 96 105 99 98 104 102 106 107 105 108 111 111 106 105 103 103 109 114 120 118 115 116 110 116 116 117 119 121 121 123 124 124 124 125 126 128 129 127 126 126 123 125 125 124 125 124 123 124 125 125 124 121 122 120 118 116 116 114 115 114 113
100 100 102 97 97 97 96 99 99 99 99 96 102 104 103 103 104 107 109 114 109 108 108 111 111 110 115 117 114 116 116 112 110 113 117 118 119 120 121 123 123 125 125 127 128 129 128 124 125 124 123 123 123 124 123 124 124 124 123 120 121 120 118 117 116 115 113 114 114
103 100 103 99 101 99 100 100 100 98 100 99 101 103 105 105 103 104 102 111 111 110 111 112 112 110 115 116 114 116 115 119 122 113 115 117 120 121 122 122 123 124 125 126 126 127 128 126 124 123 124 123 124 125 125 123 123 122 122 121 121 118 118 117 115 115 115 113 115
104 105 106 105 104 103 102 102 101 101 98 99 102 103 102 103 103 103 106 103 107 106 111 112 110 108 114 114 113 114 115 115 118 115 115 116 117 119 122 121 122 123 123 125 126 127 127 126 124 124 124 124 126 124 123 124 124 121 120 121 120 119 119 116 117 116 112 114 115
104 106 108 107 106 106 105 104 102 102 98 99 99 100 100 99 100 99 100 102 103 105 107 108 111 108 112 112 114 114 116 116 118 118 114 117 118 120 121 122 122 123 123 125 125 125 126 126 126 124 123 124 125 124 123 123 123 123 121 121 119 120 119 118 116 115 115 116 115
105 106 109 107 107 107 107 103 102 98 98 99 98 95 95 94 95 97 98 100 101 103 106 107 112 108 110 112 113 114 115 116 116 116 119 121 117 118 120 120 122 122 123 124 125 126 126 126 125 124 122 124 124 124 123 122 122 122 121 120 120 118 118 118 115 116 114 117 115
108 108 108 108 108 111 106 102 101 99 99 98 95 91 91 88 87 90 96 97 99 101 105 110 109 111 112 113 112 113 116 116 117 117 117 118 118 120 121 120 122 122 122 123 124 125 126 127 125 124 123 124 124 124 124 123 122 121 120 121 119 120 119 119 117 116 116 115 112
116 116 113 112 108 107 107 103 101 100 102 96 93 90 86 82 83 84 89 95 99 101 106 109 110 111 111 113 114 115 116 117 117 118 119 119 120 121 121 121 122 123 123 123 125 125 125 126 124 123 123 123 124 124 123 122 121 120 121 120 119 120 118 118 119 117 117 115 113
115 113 112 109 107 108 108 108 103 101 98 97 96 91 86 79 78 81 87 93 97 101 106 109 111 111 113 112 114 116 116 116 118 117 119 119 119 119 119 121 121 122 123 124 125 126 126 126 124 123 124 123 124 123 123 121 122 121 120 119 120 120 118 119 119 118 116 115 116
113 112 111 107 108 111 108 106 105 100 100 98 97 92 87 84 79 81 85 92 98 103 108 108 110 112 113 113 116 115 116 116 116 115 117 118 118 119 119 120 121 122 122 124 125 125 126 126 124 124 123 123 125 124 123 122 121 120 119 120 120 119 119 119 119 118 116 117 115
113 112 111 110 109 111 110 107 105 102 100 98 98 95 92 88 83 81 89 95 99 103 107 109 112 113 113 114 115 116 116 117 116 117 117 119 119 120 119 121 121 123 124 123 125 124 125 125 124 122 124 125 123 124 123 122 120 120 119 119 119 119 119 120 120 118 118 117 116
110 112 111 110 110 110 110 110 108 104 106 103 98 99 96 91 88 88 90 97 102 104 108 110 111 113 113 115 116 117 116 117 117 118 118 119 120 120 121 121 121 123 124 124 124 124 124 124 124 123 122 122 123 124 122 120 120 119 121 121 119 119 120 120 118 118 116 117 116
112 112 112 112 110 111 112 110 110 109 107 108 102 99 98 98 95 95 92 98 104 107 110 112 113 113 114 116 116 117 118 118 117 118 119 119 120 119 120 121 121 122 122 124 124 124 124 124 123 123 121 123 123 122 121 120 119 118 120 119 119 120 121 121 117 116 118 116 115
113 113 112 112 111 111 111 113 111 111 110 108 108 108 106 104 100 100 101 103 106 110 114 116 114 116 115 115 116 117 118 117 118 118 119 119 119 119 120 120 121 122 122 124 124 124 124 124 124 123 122 124 121 122 120 119 118 118 121 119 120 123 121 119 117 119 116 115 116
116 114 113 113 113 112 112 115 114 115 113 111 110 110 108 106 103 104 108 109 111 113 116 117 119 121 122 117 117 118 118 118 119 119 119 120 120 119 120 121 121 122 122 122 124 124 125 124 124 122 124 123 123 123 121 121 118 120 121 120 120 123 120 119 116 118 117 116 117
117 117 114 116 114 114 115 115 114 113 111 109 110 109 108 105 104 105 110 113 114 115 117 118 119 120 121 121 117 117 118 119 117 119 119 120 119 119 120 122 121 121 122 123 124 124 124 125 124 124 123 121 122 120 121 118 119 119 123 120 118 122 121 118 119 119 117 116 115
118 118 119 118 117 115 112 114 114 112 111 108 110 108 107 107 105 107 110 113 115 115 115 116 116 117 119 119 118 118 118 119 119 119 120 119 119 120 120 120 122 122 122 122 124 124 125 125 124 124 124 121 119 116 117 118 117 121 122 118 118 120 121 120 117 118 116 118 117
121 118 119 120 115 113 113 114 113 110 107 110 107 101 110 110 108 109 112 111 113 113 114 114 114 115 117 118 118 119 118 118 119 120 119 119 120 120 120 121 120 122 122 122 124 125 125 124 125 124 123 122 117 115 120 121 118 122 122 118 116 118 119 120 118 117 119 118 118
120 119 119 114 114 114 115 113 109 107 108 112 107 112 115 114 111 110 113 107 118 120 117 113 118 119 120 120 119 119 118 119 119 119 120 121 121 121 120 121 120 121 123 124 124 125 125 124 125 125 124 124 119 115 118 117 123 124 122 122 117 118 118 118 119 116 118 118 118
119 121 117 116 115 115 114 112 108 112 110 113 112 116 117 114 111 111 116 120 118 120 120 120 120 120 118 119 119 120 120 120 119 120 121 121 122 121 121 121 121 122 123 124 125 125 125 126 126 126 125 125 121 122 117 122 125 126 123 120 120 116 117 117 118 117 118 118 117
121 122 120 118 117 115 112 109 113 113 114 109 116 117 120 117 114 116 116 120 119 118 119 121 121 120 119 117 118 120 121 120 121 122 120 122 122 123 121 123 123 123 124 124 124 126 127 127 127 126 122 122 122 115 121 123 120 124 123 120 121 119 116 115 117 117 118 117 117
122 122 119 118 117 114 107 113 116 117 116 112 118 120 119 120 118 120 120 121 121 121 121 120 120 118 119 120 119 119 120 121 121 122 122 121 121 122 121 124 124 123 125 124 126 127 127 127 124 126 125 119 124 120 123 119 114 125 123 124 123 120 116 115 116 115 116 116 117
124 122 120 118 116 113 103 118 118 119 118 118 118 121 121 120 122 122 121 121 121 122 122 122 121 119 122 121 120 118 120 120 120 120 121 122 121 123 123 123 124 125 125 126 126 126 126 126 127 126 125 122 123 120 119 122 125 125 126 125 124 121 118 110 111 114 117 117 117
