EcoCrop/data/climate/tmean_8.asc
NCOLS 660 
NROWS 360 
XLLCORNER -20 
YLLCORNER -30 
CELLSIZE 0.1666667 
NODATA_value -3.4e+38 
[rows 0 to 29 of 360, columns 414 to 482 of 660]
-3.4e+38 -3.4e+38 -3.4e+38 -3.4e+38 -3.4e+38 -3.4e+38 -3.4e+38 361 360 356 349 340 341 308 316 301 223 257 261 235 261 270 270 266 270 250 268 253 235 249 251 264 269 273 270 266 265 257 257 246 220 201 220 219 234 238 237 232 221 187 224 169 242 306 332 344 345 344 345 346 342 336 330 323 314 287 277 267 275
-3.4e+38 -3.4e+38 -3.4e+38 -3.4e+38 -3.4e+38 -3.4e+38 -3.4e+38 -3.4e+38 349 356 349 349 345 351 329 348 318 244 241 232 259 258 266 271 274 275 272 279 279 276 258 265 266 264 253 260 264 266 262 256 246 231 223 210 171 227 236 230 225 229 185 220 237 286 329 343 344 346 346 345 345 334 330 326 311 260 269 256 243
-3.4e+38 -3.4e+38 -3.4e+38 -3.4e+38 -3.4e+38 -3.4e+38 -3.4e+38 -3.4e+38 -3.4e+38 352 352 352 353 348 352 280 321 231 216 253 237 272 258 271 274 276 278 263 278 273 267 225 261 242 253 255 260 266 265 262 255 243 225 206 176 190 200 201 202 199 228 241 238 277 308 322 336 341 341 342 344 341 332 333 321 286 247 246 254
-3.4e+38 -3.4e+38 -3.4e+38 -3.4e+38 -3.4e+38 -3.4e+38 -3.4e+38 -3.4e+38 -3.4e+38 -3.4e+38 347 349 351 354 352 352 346 337 222 244 262 276 256 268 249 264 267 223 280 280 280 257 250 247 254 250 229 249 265 264 260 256 240 217 214 201 142 196 191 148 214 242 254 217 256 290 320 330 336 337 339 342 340 337 333 305 259 249 255
-3.4e+38 -3.4e+38 -3.4e+38 -3.4e+38 -3.4e+38 -3.4e+38 -3.4e+38 -3.4e+38 -3.4e+38 -3.4e+38 339 341 345 347 300 298 334 337 321 225 260 259 276 262 281 277 262 223 269 280 280 278 240 258 274 260 251 244 264 243 262 259 250 229 229 226 222 221 234 205 216 200 226 267 285 280 307 318 330 334 338 340 338 335 332 319 267 256 266
-3.4e+38 -3.4e+38 -3.4e+38 -3.4e+38 -3.4e+38 -3.4e+38 -3.4e+38 -3.4e+38 -3.4e+38 -3.4e+38 -3.4e+38 334 339 343 324 324 311 331 325 286 258 272 218 280 260 277 241 258 251 230 231 220 234 241 274 272 268 260 261 254 260 261 254 245 230 237 235 246 248 196 196 178 250 241 281 298 315 317 327 326 336 339 338 331 336 318 253 273 270
-3.4e+38 -3.4e+38 -3.4e+38 -3.4e+38 -3.4e+38 -3.4e+38 -3.4e+38 -3.4e+38 -3.4e+38 -3.4e+38 -3.4e+38 330 334 340 336 321 329 324 308 291 238 259 270 225 248 295 270 290 296 293 289 232 276 230 236 267 271 268 266 234 239 258 228 247 226 241 229 252 270 261 279 261 294 224 245 282 317 323 326 329 334 337 333 329 333 330 292 272 276
-3.4e+38 -3.4e+38 -3.4e+38 -3.4e+38 -3.4e+38 -3.4e+38 -3.4e+38 -3.4e+38 -3.4e+38 -3.4e+38 -3.4e+38 -3.4e+38 334 338 285 323 324 324 319 297 291 270 237 288 300 250 297 302 299 297 288 302 301 290 239 225 256 249 265 263 252 262 264 258 228 246 247 225 252 255 252 311 318 243 204 198 290 312 322 330 334 337 336 332 331 325 298 268 275
-3.4e+38 -3.4e+38 -3.4e+38 -3.4e+38 -3.4e+38 -3.4e+38 -3.4e+38 -3.4e+38 -3.4e+38 -3.4e+38 -3.4e+38 -3.4e+38 -3.4e+38 335 337 337 306 322 318 316 329 304 268 283 307 285 305 306 303 300 293 290 298 276 291 275 237 263 234 260 273 279 283 258 268 261 258 217 243 250 271 311 328 318 268 168 234 286 313 327 333 335 333 332 328 325 312 251 281
-3.4e+38 -3.4e+38 -3.4e+38 -3.4e+38 -3.4e+38 -3.4e+38 -3.4e+38 -3.4e+38 -3.4e+38 -3.4e+38 -3.4e+38 -3.4e+38 -3.4e+38 321 339 338 343 315 333 328 325 314 281 320 315 311 307 276 266 282 294 297 299 301 279 259 283 272 254 261 286 249 291 297 296 290 271 269 247 269 300 312 330 327 317 287 239 284 301 320 328 327 325 327 323 315 318 292 289
-3.4e+38 -3.4e+38 -3.4e+38 -3.4e+38 -3.4e+38 -3.4e+38 -3.4e+38 -3.4e+38 -3.4e+38 -3.4e+38 -3.4e+38 -3.4e+38 -3.4e+38 -3.4e+38 334 340 297 334 320 295 324 327 320 313 320 310 312 312 289 305 303 297 296 284 271 292 294 304 287 279 305 299 305 292 293 295 276 251 294 309 317 325 328 323 324 317 306 312 290 308 314 312 311 323 314 301 306 311 288
-3.4e+38 -3.4e+38 -3.4e+38 -3.4e+38 -3.4e+38 -3.4e+38 -3.4e+38 -3.4e+38 -3.4e+38 -3.4e+38 -3.4e+38 -3.4e+38 -3.4e+38 -3.4e+38 338 330 340 302 326 331 332 324 318 318 320 320 315 300 295 306 299 297 273 303 298 308 297 288 311 312 312 305 249 280 291 283 274 264 305 320 319 311 321 331 330 328 328 327 319 288 293 304 285 312 311 275 263 311 272
-3.4e+38 -3.4e+38 -3.4e+38 -3.4e+38 -3.4e+38 -3.4e+38 -3.4e+38 -3.4e+38 -3.4e+38 -3.4e+38 -3.4e+38 -3.4e+38 -3.4e+38 -3.4e+38 -3.4e+38 337 336 341 319 310 326 317 307 318 318 307 312 310 289 294 289 288 292 287 285 310 307 310 307 308 310 263 291 237 273 279 304 303 318 325 322 327 323 332 333 334 334 333 332 324 321 322 321 317 313 301 296 318 272
-3.4e+38 -3.4e+38 -3.4e+38 -3.4e+38 -3.4e+38 -3.4e+38 -3.4e+38 -3.4e+38 -3.4e+38 -3.4e+38 -3.4e+38 -3.4e+38 -3.4e+38 -3.4e+38 -3.4e+38 -3.4e+38 -3.4e+38 -3.4e+38 -3.4e+38 305 283 319 297 318 311 314 316 313 309 283 297 298 289 251 303 311 311 294 280 307 301 301 311 306 314 311 300 312 323 328 323 300 312 326 332 334 335 337 338 338 339 336 335 325 311 322 329 333 321
-3.4e+38 -3.4e+38 -3.4e+38 -3.4e+38 -3.4e+38 -3.4e+38 -3.4e+38 -3.4e+38 -3.4e+38 -3.4e+38 -3.4e+38 -3.4e+38 -3.4e+38 -3.4e+38 -3.4e+38 -3.4e+38 -3.4e+38 -3.4e+38 -3.4e+38 -3.4e+38 -3.4e+38 301 314 296 320 319 317 315 294 293 292 257 298 300 300 299 305 314 301 313 322 329 325 327 282 334 258 336 315 301 320 318 304 329 331 332 334 335 337 338 339 341 341 339 340 340 340 342 322
339 -3.4e+38 -3.4e+38 -3.4e+38 -3.4e+38 -3.4e+38 -3.4e+38 -3.4e+38 -3.4e+38 -3.4e+38 -3.4e+38 -3.4e+38 -3.4e+38 -3.4e+38 -3.4e+38 -3.4e+38 -3.4e+38 -3.4e+38 -3.4e+38 -3.4e+38 -3.4e+38 -3.4e+38 340 307 320 320 308 313 268 300 295 311 301 306 287 299 278 267 317 324 316 326 279 293 340 342 344 344 326 337 312 330 321 327 330 331 332 333 334 336 337 339 340 342 344 345 346 347 346
338 337 -3.4e+38 -3.4e+38 -3.4e+38 -3.4e+38 -3.4e+38 -3.4e+38 -3.4e+38 -3.4e+38 -3.4e+38 -3.4e+38 -3.4e+38 -3.4e+38 -3.4e+38 -3.4e+38 -3.4e+38 -3.4e+38 -3.4e+38 -3.4e+38 -3.4e+38 -3.4e+38 -3.4e+38 338 318 287 317 317 317 311 270 276 306 310 315 292 309 323 320 331 329 332 334 340 343 344 344 344 334 336 332 314 309 312 319 325 329 330 332 333 335 336 338 339 341 344 346 349 352
339 338 337 336 -3.4e+38 -3.4e+38 -3.4e+38 -3.4e+38 -3.4e+38 -3.4e+38 -3.4e+38 -3.4e+38 -3.4e+38 -3.4e+38 -3.4e+38 -3.4e+38 -3.4e+38 -3.4e+38 -3.4e+38 -3.4e+38 -3.4e+38 -3.4e+38 -3.4e+38 -3.4e+38 -3.4e+38 317 326 318 276 308 306 309 316 315 294 318 290 303 291 320 326 328 -3.4e+38 -3.4e+38 -3.4e+38 -3.4e+38 -3.4e+38 343 342 322 329 312 291 295 305 311 319 322 325 328 330 332 334 334 337 338 340 342 346
339 338 337 337 336 -3.4e+38 -3.4e+38 -3.4e+38 -3.4e+38 -3.4e+38 -3.4e+38 -3.4e+38 -3.4e+38 -3.4e+38 -3.4e+38 -3.4e+38 -3.4e+38 -3.4e+38 -3.4e+38 -3.4e+38 -3.4e+38 -3.4e+38 -3.4e+38 -3.4e+38 -3.4e+38 -3.4e+38 -3.4e+38 332 314 324 313 286 304 318 300 312 324 327 327 327 326 -3.4e+38 329 -3.4e+38 -3.4e+38 -3.4e+38 -3.4e+38 -3.4e+38 342 340 330 308 277 266 288 283 303 307 311 317 321 324 321 323 325 326 325 329 325
339 338 338 338 337 336 -3.4e+38 -3.4e+38 -3.4e+38 -3.4e+38 -3.4e+38 -3.4e+38 -3.4e+38 -3.4e+38 -3.4e+38 -3.4e+38 -3.4e+38 -3.4e+38 -3.4e+38 -3.4e+38 -3.4e+38 -3.4e+38 -3.4e+38 -3.4e+38 -3.4e+38 -3.4e+38 -3.4e+38 -3.4e+38 322 322 313 317 322 322 329 331 315 -3.4e+38 -3.4e+38 -3.4e+38 322 323 -3.4e+38 -3.4e+38 -3.4e+38 -3.4e+38 -3.4e+38 -3.4e+38 340 330 317 300 261 279 281 271 277 284 286 302 308 305 299 301 308 308 307 305 301
339 338 338 339 339 337 338 -3.4e+38 -3.4e+38 -3.4e+38 -3.4e+38 -3.4e+38 -3.4e+38 -3.4e+38 -3.4e+38 -3.4e+38 -3.4e+38 -3.4e+38 -3.4e+38 -3.4e+38 -3.4e+38 -3.4e+38 -3.4e+38 -3.4e+38 -3.4e+38 -3.4e+38 -3.4e+38 -3.4e+38 -3.4e+38 -3.4e+38 -3.4e+38 -3.4e+38 -3.4e+38 320 326 333 -3.4e+38 -3.4e+38 -3.4e+38 -3.4e+38 -3.4e+38 -3.4e+38 -3.4e+38 -3.4e+38 -3.4e+38 -3.4e+38 -3.4e+38 -3.4e+38 -3.4e+38 327 323 301 263 291 282 292 299 286 298 280 282 284 266 307 292 288 279 275 273
340 338 339 341 342 341 345 -3.4e+38 -3.4e+38 -3.4e+38 -3.4e+38 -3.4e+38 -3.4e+38 -3.4e+38 -3.4e+38 -3.4e+38 -3.4e+38 -3.4e+38 -3.4e+38 -3.4e+38 -3.4e+38 -3.4e+38 -3.4e+38 -3.4e+38 -3.4e+38 -3.4e+38 -3.4e+38 -3.4e+38 -3.4e+38 -3.4e+38 -3.4e+38 -3.4e+38 -3.4e+38 -3.4e+38 -3.4e+38 -3.4e+38 -3.4e+38 -3.4e+38 -3.4e+38 -3.4e+38 -3.4e+38 -3.4e+38 -3.4e+38 -3.4e+38 -3.4e+38 -3.4e+38 -3.4e+38 -3.4e+38 337 334 320 298 291 303 296 278 301 303 306 308 311 308 309 311 296 303 305 303 301
339 337 337 343 345 349 354 -3.4e+38 -3.4e+38 -3.4e+38 -3.4e+38 -3.4e+38 -3.4e+38 -3.4e+38 -3.4e+38 -3.4e+38 -3.4e+38 -3.4e+38 -3.4e+38 -3.4e+38 -3.4e+38 -3.4e+38 -3.4e+38 -3.4e+38 -3.4e+38 -3.4e+38 -3.4e+38 -3.4e+38 -3.4e+38 -3.4e+38 -3.4e+38 -3.4e+38 -3.4e+38 -3.4e+38 -3.4e+38 -3.4e+38 -3.4e+38 -3.4e+38 -3.4e+38 -3.4e+38 -3.4e+38 -3.4e+38 -3.4e+38 -3.4e+38 346 -3.4e+38 -3.4e+38 -3.4e+38 -3.4e+38 332 324 298 311 308 305 298 309 307 308 309 313 314 312 311 314 296 307 311 308
339 338 342 346 347 351 -3.4e+38 -3.4e+38 -3.4e+38 339 -3.4e+38 -3.4e+38 -3.4e+38 341 -3.4e+38 -3.4e+38 -3.4e+38 -3.4e+38 -3.4e+38 -3.4e+38 -3.4e+38 -3.4e+38 -3.4e+38 -3.4e+38 -3.4e+38 -3.4e+38 -3.4e+38 -3.4e+38 -3.4e+38 -3.4e+38 -3.4e+38 -3.4e+38 -3.4e+38 -3.4e+38 -3.4e+38 -3.4e+38 -3.4e+38 -3.4e+38 -3.4e+38 -3.4e+38 -3.4e+38 -3.4e+38 -3.4e+38 326 337 -3.4e+38 -3.4e+38 -3.4e+38 -3.4e+38 330 324 319 316 316 279 297 269 305 307 309 314 312 301 311 314 310 310 309 305
339 337 341 346 348 350 351 -3.4e+38 -3.4e+38 341 -3.4e+38 -3.4e+38 342 341 342 342 -3.4e+38 -3.4e+38 -3.4e+38 -3.4e+38 -3.4e+38 -3.4e+38 -3.4e+38 -3.4e+38 -3.4e+38 -3.4e+38 -3.4e+38 -3.4e+38 -3.4e+38 -3.4e+38 -3.4e+38 -3.4e+38 -3.4e+38 -3.4e+38 -3.4e+38 -3.4e+38 -3.4e+38 -3.4e+38 -3.4e+38 -3.4e+38 -3.4e+38 -3.4e+38 326 316 -3.4e+38 -3.4e+38 -3.4e+38 -3.4e+38 -3.4e+38 -3.4e+38 324 321 312 312 317 316 317 315 313 313 315 301 313 312 309 307 307 305 306
339 336 337 345 348 348 350 -3.4e+38 -3.4e+38 -3.4e+38 -3.4e+38 -3.4e+38 342 342 342 -3.4e+38 -3.4e+38 -3.4e+38 -3.4e+38 -3.4e+38 -3.4e+38 -3.4e+38 -3.4e+38 -3.4e+38 -3.4e+38 -3.4e+38 -3.4e+38 -3.4e+38 -3.4e+38 -3.4e+38 -3.4e+38 -3.4e+38 -3.4e+38 -3.4e+38 -3.4e+38 -3.4e+38 -3.4e+38 -3.4e+38 -3.4e+38 -3.4e+38 -3.4e+38 337 312 288 -3.4e+38 -3.4e+38 -3.4e+38 -3.4e+38 -3.4e+38 -3.4e+38 -3.4e+38 -3.4e+38 318 307 316 317 317 317 316 314 314 314 311 305 304 294 297 300 303
338 336 336 345 346 346 346 348 -3.4e+38 -3.4e+38 -3.4e+38 -3.4e+38 343 343 343 -3.4e+38 -3.4e+38 -3.4e+38 -3.4e+38 -3.4e+38 -3.4e+38 -3.4e+38 -3.4e+38 -3.4e+38 -3.4e+38 -3.4e+38 -3.4e+38 -3.4e+38 -3.4e+38 -3.4e+38 -3.4e+38 -3.4e+38 -3.4e+38 -3.4e+38 -3.4e+38 -3.4e+38 -3.4e+38 -3.4e+38 -3.4e+38 -3.4e+38 336 336 324 335 -3.4e+38 -3.4e+38 -3.4e+38 -3.4e+38 -3.4e+38 -3.4e+38 -3.4e+38 -3.4e+38 -3.4e+38 -3.4e+38 315 -3.4e+38 -3.4e+38 -3.4e+38 314 313 312 311 308 302 294 302 301 299 299
337 337 339 343 345 345 345 345 -3.4e+38 -3.4e+38 -3.4e+38 346 344 344 344 -3.4e+38 -3.4e+38 -3.4e+38 -3.4e+38 -3.4e+38 -3.4e+38 -3.4e+38 -3.4e+38 -3.4e+38 -3.4e+38 -3.4e+38 -3.4e+38 -3.4e+38 -3.4e+38 -3.4e+38 -3.4e+38 -3.4e+38 -3.4e+38 -3.4e+38 -3.4e+38 -3.4e+38 -3.4e+38 -3.4e+38 -3.4e+38 335 334 330 322 314 -3.4e+38 -3.4e+38 -3.4e+38 -3.4e+38 -3.4e+38 -3.4e+38 -3.4e+38 -3.4e+38 -3.4e+38 -3.4e+38 -3.4e+38 -3.4e+38 -3.4e+38 -3.4e+38 -3.4e+38 -3.4e+38 310 -3.4e+38 -3.4e+38 302 301 298 295 294 294
339 336 340 343 345 344 344 345 345 -3.4e+38 -3.4e+38 347 345 344 346 347 -3.4e+38 -3.4e+38 -3.4e+38 -3.4e+38 -3.4e+38 -3.4e+38 -3.4e+38 -3.4e+38 -3.4e+38 -3.4e+38 -3.4e+38 -3.4e+38 -3.4e+38 -3.4e+38 -3.4e+38 -3.4e+38 -3.4e+38 -3.4e+38 -3.4e+38 -3.4e+38 -3.4e+38 -3.4e+38 340 335 332 329 320 311 -3.4e+38 -3.4e+38 -3.4e+38 -3.4e+38 -3.4e+38 -3.4e+38 -3.4e+38 -3.4e+38 -3.4e+38 -3.4e+38 -3.4e+38 -3.4e+38 -3.4e+38 -3.4e+38 -3.4e+38 -3.4e+38 -3.4e+38 -3.4e+38 -3.4e+38 -3.4e+38 -3.4e+38 -3.4e+38 -3.4e+38 -3.4e+38 -3.4e+38
339 338 341 343 344 344 344 344 344 -3.4e+38 -3.4e+38 347 345 346 347 347 -3.4e+38 -3.4e+38 -3.4e+38 -3.4e+38 -3.4e+38 -3.4e+38 -3.4e+38 -3.4e+38 -3.4e+38 -3.4e+38 -3.4e+38 -3.4e+38 -3.4e+38 -3.4e+38 -3.4e+38 -3.4e+38 -3.4e+38 -3.4e+38 -3.4e+38 -3.4e+38 -3.4e+38 343 340 332 329 326 312 320 -3.4e+38 -3.4e+38 -3.4e+38 -3.4e+38 -3.4e+38 -3.4e+38 -3.4e+38 -3.4e+38 -3.4e+38 -3.4e+38 -3.4e+38 -3.4e+38 -3.4e+38 -3.4e+38 -3.4e+38 -3.4e+38 -3.4e+38 -3.4e+38 -3.4e+38 -3.4e+38 -3.4e+38 -3.4e+38 -3.4e+38 -3.4e+38 -3.4e+38
