EcoCrop/data/climate/tmean_9.asc
NCOLS 660 
NROWS 360 
XLLCORNER -20 
YLLCORNER -30 
CELLSIZE 0.1666667 
NODATA_value -3.4e+38 
[rows 180 to 209 of 360, columns 276 to 344 of 660]
245 246 244 237 235 237 231 230 232 239 235 239 234 233 233 228 227 226 175 173 149 234 236 228 234 233 209 210 210 208 209 210 208 214 215 216 215 214 213 212 210 215 216 218 219 220 221 222 221 216 214 215 228 228 221 199 172 150 125 181 178 123 134 146 160 176 154 98 74
245 244 245 241 236 243 236 233 234 235 236 238 239 233 227 219 222 214 163 141 178 236 236 229 216 192 197 206 210 208 207 206 209 214 212 216 213 214 214 214 214 215 217 218 219 221 221 222 222 223 223 225 227 228 213 202 172 130 136 160 148 131 139 86 135 168 158 99 133
244 243 242 245 244 235 232 235 230 228 232 233 236 228 228 212 217 179 165 182 237 236 234 226 201 187 198 202 206 207 207 206 208 209 209 215 215 214 214 215 215 216 218 219 220 221 222 223 223 223 223 220 214 199 185 175 150 136 115 136 172 170 147 108 97 164 173 162 178
245 244 242 242 242 240 233 233 233 231 225 233 227 220 222 208 193 174 162 174 238 235 230 219 194 198 203 205 205 198 206 205 204 210 212 214 214 215 215 216 216 218 219 220 221 222 223 223 222 211 217 213 200 172 180 169 157 145 130 111 151 155 161 124 117 159 183 204 208
246 245 244 245 242 242 230 227 238 240 220 215 210 226 197 219 171 178 196 236 237 227 213 194 200 196 201 195 202 207 201 198 201 208 212 213 214 214 215 216 217 219 220 221 222 223 224 224 221 205 212 203 190 167 174 171 158 153 139 128 102 162 166 118 119 161 190 209 216
245 244 243 244 244 242 239 242 241 242 240 218 227 196 201 227 201 197 178 223 232 187 189 195 192 204 206 197 199 202 201 199 204 207 210 211 213 214 215 217 218 220 221 223 224 225 225 226 225 224 214 200 180 166 176 177 171 160 155 150 120 157 152 146 146 174 195 195 215
245 246 244 242 241 240 240 240 240 236 232 232 235 223 223 214 194 165 187 192 228 201 159 160 167 205 208 211 194 193 204 204 206 208 205 210 212 214 216 218 220 221 223 224 226 227 227 228 225 218 210 198 172 183 179 180 167 164 164 162 160 181 184 158 161 186 196 198 204
246 245 243 241 243 243 230 240 241 238 229 234 231 220 224 196 207 173 184 198 214 180 171 164 177 198 207 198 202 193 210 209 209 209 201 211 213 215 217 219 221 223 224 226 227 228 229 225 218 219 204 195 198 176 191 181 170 170 170 177 183 199 197 164 173 188 194 193 207
246 246 242 245 244 243 227 233 240 235 235 239 237 200 229 200 178 180 168 160 154 145 175 173 178 214 214 217 214 211 198 211 210 209 209 212 214 216 219 221 223 224 226 227 229 230 231 229 229 223 222 208 181 198 197 190 182 172 167 178 210 207 214 185 179 191 184 170 195
246 244 244 231 241 241 240 239 228 239 233 237 234 234 198 190 173 142 197 178 147 153 183 171 170 210 212 219 216 195 202 209 212 210 208 214 216 218 220 222 224 226 228 229 230 231 225 230 227 227 220 219 207 203 198 189 168 168 145 170 211 226 229 206 178 186 186 189 198
246 245 240 235 240 239 241 218 215 213 216 214 226 213 221 203 174 131 199 206 155 166 214 172 208 200 210 207 216 207 205 213 215 201 217 217 219 221 223 225 226 228 229 230 231 232 227 222 215 218 216 210 199 190 192 174 171 162 166 154 243 239 233 211 183 186 184 180 195
247 245 243 240 242 241 225 224 205 207 216 210 215 212 209 175 149 163 191 205 157 185 202 194 214 207 210 211 218 207 200 214 218 215 221 221 222 224 225 227 228 229 230 231 232 230 225 228 211 222 209 209 202 202 192 179 168 160 174 184 245 247 229 212 188 183 193 193 188
245 245 246 245 243 243 241 227 211 219 222 209 209 217 201 214 161 173 189 205 197 200 190 207 209 218 217 208 219 219 214 212 222 224 224 224 225 227 228 229 230 230 230 232 230 231 233 233 231 228 224 217 213 207 193 183 169 148 200 212 247 241 226 209 196 196 202 202 205
247 246 247 246 245 242 243 241 241 219 240 212 211 217 202 180 152 185 191 185 190 201 199 210 214 217 218 214 206 216 217 215 211 213 227 227 228 229 230 231 231 231 233 234 234 233 233 232 230 224 222 221 215 207 195 183 175 175 213 225 246 238 215 192 198 202 206 206 206
248 246 238 246 245 239 241 228 241 242 211 236 220 206 200 184 158 198 193 148 159 196 194 213 214 218 208 218 211 212 224 224 213 221 229 225 226 221 232 233 231 232 231 235 235 232 227 226 225 223 220 208 204 202 193 182 175 198 219 246 245 232 193 183 202 205 207 208 210
248 244 244 243 246 245 243 244 233 234 243 243 226 217 202 163 182 203 212 163 161 189 203 215 210 206 209 210 206 216 226 227 214 228 230 230 230 223 223 233 232 233 235 237 236 236 233 231 227 222 217 193 193 195 190 181 180 210 217 245 175 220 180 189 199 203 206 206 201
251 248 248 243 236 242 244 244 241 244 234 246 242 207 236 215 171 209 231 204 163 197 203 215 206 197 208 210 206 216 216 211 212 222 230 229 232 224 232 233 234 240 238 236 234 235 232 231 225 219 213 205 200 196 187 186 181 201 197 130 217 216 202 192 198 204 202 198 198
250 249 250 247 245 244 245 244 234 241 244 246 229 227 223 197 137 185 245 236 205 187 203 192 192 198 207 208 212 217 221 216 222 226 231 231 225 226 231 237 237 234 242 240 237 233 233 230 226 222 214 208 200 194 192 194 197 186 115 177 221 151 208 188 196 199 165 126 143
252 251 250 249 249 247 245 244 236 228 241 227 230 232 216 178 150 132 247 258 247 189 204 205 193 195 205 202 215 211 209 223 221 227 225 228 231 230 228 237 239 239 240 241 238 234 235 234 229 221 216 206 197 193 191 193 197 146 115 182 228 227 208 184 183 191 172 101 18
250 250 249 247 245 247 247 246 231 238 232 238 254 242 196 167 162 126 216 260 261 185 186 200 200 211 202 202 207 220 224 226 227 231 232 231 232 231 235 238 242 242 241 243 242 238 235 232 229 228 220 207 197 191 190 187 126 179 177 215 211 191 158 163 41 179 194 187 159
250 248 249 248 226 236 245 247 225 233 231 243 244 222 221 212 155 136 216 265 210 174 175 193 201 195 220 214 215 220 224 231 229 228 232 232 236 235 236 239 243 243 245 245 243 244 243 241 238 233 224 214 200 188 180 222 199 198 197 215 165 187 191 188 188 200 211 218 225
251 249 242 248 245 247 249 250 243 243 248 239 228 205 185 189 176 137 152 264 185 155 185 188 194 221 230 219 213 222 231 233 227 232 238 235 240 238 237 242 244 244 242 244 248 244 244 242 240 236 231 223 201 226 224 221 200 185 218 216 208 201 193 194 207 210 200 183 226
254 252 251 242 247 241 250 242 243 238 249 232 218 205 189 187 167 154 239 260 190 164 171 183 186 229 230 221 226 231 231 236 235 238 235 240 240 242 240 239 244 245 243 243 248 249 247 245 242 239 235 232 231 228 220 202 177 169 219 216 207 188 181 191 208 200 207 202 226
252 240 249 249 246 247 238 250 249 244 216 241 232 219 206 206 183 229 238 250 245 192 177 187 196 229 231 221 224 222 228 236 238 240 240 239 238 241 239 243 242 244 247 249 250 250 249 246 244 241 238 235 228 213 207 195 166 168 219 216 209 192 179 183 194 196 204 211 223
254 253 252 250 251 245 246 236 247 246 245 247 246 218 223 214 167 239 246 234 248 181 158 207 219 223 222 230 232 233 227 237 240 239 240 239 243 246 245 243 245 245 246 244 243 244 244 245 245 242 220 228 201 208 181 170 162 184 215 208 210 198 184 185 191 189 199 211 217
256 256 255 252 252 250 247 247 249 242 250 248 249 247 220 194 172 226 248 248 246 232 202 216 220 213 227 225 233 228 231 239 241 242 243 243 246 247 246 243 245 245 243 242 241 243 245 246 245 239 208 215 202 194 186 182 164 184 198 206 210 203 193 189 200 182 189 196 227
252 253 257 251 252 251 250 252 247 251 251 239 248 251 248 202 185 213 243 247 246 247 207 213 209 212 224 226 231 231 231 239 242 244 244 246 248 245 246 246 245 246 245 242 239 242 245 242 244 237 216 221 206 197 192 182 156 191 191 212 213 210 207 193 205 195 190 185 199
255 255 256 256 254 244 248 251 255 253 233 247 249 246 250 244 232 210 213 249 248 250 199 229 209 224 224 231 232 231 228 238 243 245 246 247 247 250 240 247 249 247 245 242 243 242 241 247 243 230 218 212 206 199 194 183 195 192 196 215 214 210 210 203 209 202 195 195 194
255 254 255 257 253 258 257 255 252 244 234 238 242 249 250 247 220 193 217 248 249 250 240 233 227 231 232 227 234 235 235 240 243 245 245 247 249 246 252 251 252 249 245 243 244 242 248 247 242 230 221 209 205 200 206 196 195 199 198 181 212 211 210 205 209 200 205 197 197
256 255 256 253 254 259 254 252 248 244 245 229 233 239 241 249 242 188 176 249 250 251 249 238 229 228 232 231 231 237 239 242 242 245 246 248 248 250 250 251 252 247 245 243 244 241 241 246 242 233 225 217 205 196 210 201 205 204 212 189 205 208 209 202 208 202 203 205 205
