EcoCrop/data/climate/tmean_5.asc
NCOLS 660 
NROWS 360 
XLLCORNER -20 
YLLCORNER -30 
CELLSIZE 0.1666667 
NODATA_value -3.4e+38 
[rows 240 to 269 of 360, columns 276 to 344 of 660]
176 195 207 210 210 213 215 216 215 192 180 188 210 211 215 216 208 201 199 205 196 194 190 188 194 193 194 195 193 191 190 184 186 192 195 191 201 200 189 199 186 215 219 193 163 188 204 231 239 236 234 201 191 175 191 208 206 204 210 202 214 220 221 213 225 227 227 225 219
175 175 204 209 207 209 212 214 214 206 180 183 205 209 213 213 210 197 202 196 196 190 191 191 194 196 190 189 190 195 192 190 188 193 196 198 199 198 195 192 210 217 218 179 180 181 196 201 233 235 233 208 181 207 212 215 217 208 209 204 216 215 214 218 227 223 222 218 217
175 194 196 200 200 206 204 208 212 185 177 179 205 209 208 211 208 197 201 198 198 198 195 199 197 195 196 195 194 193 194 194 195 195 196 197 197 196 195 201 217 221 215 181 186 178 134 136 222 226 233 210 215 198 213 198 207 201 200 190 216 209 212 215 222 217 224 227 228
180 190 198 198 197 197 199 204 209 207 176 178 204 203 205 206 202 197 198 195 197 200 200 198 196 197 197 196 197 194 193 193 195 195 191 196 190 193 188 195 218 218 214 190 189 174 135 131 168 231 232 232 168 209 209 199 201 198 197 207 210 209 211 217 214 226 230 233 231
191 178 189 191 195 194 196 197 204 198 196 191 196 201 201 201 197 195 194 193 194 199 199 199 197 198 197 196 195 195 194 193 192 189 186 189 187 197 193 201 215 216 209 197 189 168 152 130 180 229 230 231 192 178 199 202 202 200 195 203 216 210 212 212 217 219 228 231 239
181 179 178 182 187 192 195 193 192 188 198 198 191 198 198 198 191 189 187 191 194 195 197 198 198 196 195 196 195 193 194 189 187 181 180 183 181 194 193 203 216 216 214 186 187 176 181 178 174 228 229 230 186 180 184 207 204 205 216 215 213 219 218 217 222 227 233 227 234
180 174 174 183 188 192 191 191 193 191 193 197 194 197 197 196 186 185 188 190 195 194 197 197 197 196 196 195 193 193 190 190 190 176 178 175 189 185 196 207 215 217 213 184 188 182 183 183 157 226 228 230 204 171 185 211 209 215 223 219 221 218 223 226 224 226 226 228 229
178 173 175 178 188 188 184 186 187 190 191 193 192 192 195 192 189 186 187 190 193 196 196 195 195 195 195 194 193 190 188 184 179 173 178 180 188 202 208 211 214 216 211 198 189 186 179 179 167 227 228 231 232 215 194 211 222 222 223 227 226 222 220 227 234 221 230 235 241
177 174 174 177 184 184 184 182 186 189 190 191 191 193 195 185 182 182 185 192 193 194 194 194 194 194 193 193 193 188 186 183 180 173 173 184 187 201 212 215 216 215 207 189 190 185 184 174 166 172 229 233 234 235 180 203 227 227 229 230 229 227 227 228 235 229 240 238 243
173 174 173 175 182 182 180 182 185 189 189 190 191 190 192 186 180 182 189 192 190 191 193 193 193 193 192 192 191 188 183 185 180 163 180 183 190 202 215 217 217 213 199 191 190 184 173 173 211 218 230 234 238 237 176 220 230 228 228 227 233 232 234 235 238 243 240 243 245
173 174 172 174 178 180 179 181 175 184 187 188 189 188 191 186 182 184 190 192 192 191 191 192 192 192 191 191 189 188 185 180 182 177 192 194 207 214 217 218 213 207 193 192 190 186 169 179 222 227 233 238 245 240 189 227 228 227 224 225 233 235 235 236 237 239 242 242 243
170 168 168 171 173 175 176 178 179 182 186 186 186 188 190 191 188 189 190 190 188 189 190 190 190 190 190 190 188 188 184 183 179 181 208 195 215 217 218 215 210 199 192 190 190 188 165 197 224 232 235 242 247 235 225 228 225 224 220 226 231 233 233 235 236 236 240 241 241
173 168 167 170 171 174 175 177 178 179 183 182 185 184 187 186 187 187 188 187 186 186 188 189 189 189 189 188 186 184 179 179 172 178 215 212 215 217 217 210 203 196 191 186 188 178 166 175 229 232 237 242 245 218 227 225 218 222 219 225 230 230 229 231 235 238 238 221 238
173 170 171 173 174 172 175 176 178 179 179 179 183 177 184 187 184 187 187 185 185 187 187 187 188 188 188 186 183 184 177 172 176 205 216 217 217 219 216 211 206 192 185 184 184 179 176 187 229 232 235 238 234 221 218 220 214 212 218 223 225 227 230 225 233 234 236 237 236
170 173 172 176 173 176 175 176 176 178 179 177 179 177 178 182 181 180 182 182 185 185 186 186 186 186 184 185 182 176 172 174 179 213 215 217 220 219 215 208 197 191 186 184 182 178 182 192 227 230 232 235 222 211 216 214 197 213 181 218 208 224 225 224 230 234 238 240 235
175 174 175 177 175 174 174 179 177 178 177 173 176 175 176 177 180 177 179 181 182 182 184 183 185 186 183 178 177 175 173 175 188 211 215 219 220 219 213 203 197 192 184 184 184 186 194 188 218 228 230 231 232 229 190 166 204 199 183 206 214 216 214 230 234 235 235 239 238
176 177 174 178 176 176 177 179 179 180 178 178 178 179 175 176 177 176 179 179 181 180 180 182 182 181 176 180 172 169 172 175 203 216 218 221 221 218 212 207 198 191 193 190 192 190 200 188 207 226 228 229 230 192 186 168 201 203 168 203 213 220 229 230 235 237 236 234 236
174 176 179 180 179 180 181 181 180 181 176 179 177 180 176 173 174 176 178 177 178 177 174 178 178 174 175 174 166 166 171 171 212 214 220 222 219 215 207 201 199 194 195 196 195 194 188 190 209 224 226 228 229 177 180 187 197 200 183 199 214 217 223 229 233 231 231 233 232
174 174 176 183 181 185 181 184 182 180 181 179 181 179 177 178 174 171 174 175 173 173 171 176 175 172 167 165 167 167 168 214 216 214 222 222 217 212 206 203 201 200 199 198 192 189 191 193 207 223 226 228 229 196 206 186 194 192 192 198 217 222 222 228 228 226 228 229 227
174 177 180 184 185 185 186 186 186 183 185 184 182 183 180 178 175 173 173 174 170 165 171 170 168 168 174 175 180 175 173 219 218 220 215 221 212 214 209 205 206 202 201 199 195 194 190 186 209 221 225 228 229 211 202 181 188 190 200 217 223 226 227 225 225 225 222 223 211
174 178 180 185 184 182 188 188 186 186 185 185 183 180 179 177 174 172 168 168 171 163 160 163 163 176 179 191 202 198 200 220 221 221 210 215 213 211 209 207 206 205 204 200 197 191 183 171 197 220 226 228 230 227 204 182 196 195 208 220 221 224 225 223 216 219 214 215 212
177 180 184 182 181 184 190 188 187 188 184 181 182 180 178 174 172 171 174 173 171 164 162 167 164 170 185 209 214 196 217 222 217 216 204 214 201 206 207 203 191 205 205 201 196 189 179 172 198 215 225 229 231 227 222 191 202 211 210 216 224 226 221 220 208 206 203 206 211
180 181 184 180 180 182 185 188 187 189 183 180 180 180 175 175 177 177 177 172 169 166 162 170 168 177 196 212 207 208 223 218 215 212 210 211 204 204 204 204 198 200 202 199 193 188 183 179 186 208 223 229 233 234 233 188 197 203 211 217 221 223 220 214 210 202 204 213 216
179 183 182 183 182 183 184 188 189 188 186 186 185 182 178 177 175 176 176 173 168 166 169 170 181 201 213 212 215 222 218 205 202 205 205 204 197 198 202 200 196 202 199 196 189 188 183 185 180 190 218 229 233 235 234 184 195 200 216 218 222 220 218 215 217 214 218 221 219
183 182 184 180 180 178 186 187 188 188 188 186 185 183 181 177 177 178 179 173 171 169 174 183 195 215 209 184 221 215 212 206 206 201 198 199 198 200 201 208 197 203 198 193 186 185 179 177 168 167 181 227 232 235 234 224 200 206 214 219 221 218 217 218 221 220 221 220 223
185 184 185 183 182 180 187 188 188 188 188 187 186 183 183 182 179 177 179 176 173 165 167 180 210 211 209 223 211 212 210 202 202 196 196 199 200 201 201 199 192 203 204 187 176 182 176 171 167 162 162 223 229 226 230 228 199 204 215 220 220 217 215 218 218 217 220 222 223
185 184 184 185 183 187 186 188 188 188 187 187 186 184 182 183 182 179 181 175 172 171 173 188 217 200 221 214 208 207 198 199 200 194 196 198 202 205 206 210 211 206 211 203 188 178 174 171 168 163 164 218 223 212 213 225 205 209 217 220 219 216 218 220 220 217 219 220 222
183 182 183 184 184 179 182 184 184 187 187 187 186 184 184 184 184 181 185 183 174 198 198 212 205 184 224 217 206 203 201 192 195 197 199 201 202 205 219 219 225 212 193 211 189 176 176 178 176 176 171 196 216 212 202 225 218 208 216 219 219 217 218 220 218 220 219 220 218
183 183 183 183 179 178 178 179 183 184 185 185 184 186 186 186 187 185 211 211 210 215 214 198 218 213 216 196 200 200 193 193 198 198 192 200 204 214 220 226 230 210 223 219 198 181 182 188 180 185 174 180 190 208 207 223 220 209 216 218 217 217 221 221 222 222 217 213 210
183 180 175 178 179 180 178 178 180 182 185 184 184 184 185 186 197 212 212 215 214 214 203 183 202 219 219 215 208 191 198 197 202 197 193 193 201 205 206 232 222 230 231 225 217 200 186 199 189 191 177 172 202 209 213 220 219 213 216 217 215 219 218 217 220 200 211 206 208
