EcoCrop/data/climate/tmean_8.asc
NCOLS 660 
NROWS 360 
XLLCORNER -20 
YLLCORNER -30 
CELLSIZE 0.1666667 
NODATA_value -3.4e+38 
[rows 60 to 89 of 360, columns 276 to 344 of 660]
302 302 302 302 303 302 300 305 306 310 312 316 318 319 319 324 323 324 325 327 329 329 331 333 333 336 338 338 336 336 334 334 335 333 333 333 332 331 332 333 333 334 333 333 332 331 330 328 327 323 322 320 319 317 312 309 297 306 305 288 301 300 271 288 265 321 336 -3.4e+38 -3.4e+38
301 302 302 302 301 300 300 305 310 312 313 315 317 319 321 322 323 325 326 328 329 330 332 334 335 336 338 337 336 336 336 333 334 334 334 332 333 333 334 335 335 335 335 312 334 333 330 329 328 325 323 322 320 318 312 313 306 305 303 303 301 297 294 296 292 326 337 344 -3.4e+38
301 302 302 302 301 300 299 304 307 311 314 316 316 319 322 322 325 325 326 328 328 330 331 336 335 338 339 339 339 338 336 335 333 332 333 332 334 334 334 335 336 335 336 336 335 333 331 330 329 326 324 323 321 320 315 315 312 310 309 306 301 299 294 306 302 282 337 -3.4e+38 -3.4e+38
301 303 302 302 301 297 298 300 306 311 312 316 317 318 319 322 321 326 328 328 331 331 334 336 337 339 340 340 340 339 338 336 336 334 334 334 335 335 336 336 336 337 335 335 335 333 332 331 329 326 325 324 321 321 319 317 315 313 310 307 302 300 294 299 304 320 338 348 -3.4e+38
302 301 304 302 301 296 300 298 305 309 312 315 317 317 318 319 322 322 328 329 330 333 335 336 338 339 340 341 340 341 340 339 336 336 336 337 336 337 337 337 337 336 334 334 335 334 333 330 328 327 326 325 323 321 320 319 318 314 310 309 302 300 291 301 266 319 338 351 -3.4e+38
302 301 303 301 299 296 298 297 303 308 311 313 315 317 318 319 321 324 327 329 331 333 335 336 338 336 339 341 340 341 341 338 338 338 337 336 339 337 337 337 336 334 332 332 333 334 332 330 329 328 326 325 324 323 321 320 317 315 311 306 306 296 290 297 304 313 335 349 -3.4e+38
300 300 301 300 298 298 300 300 303 307 310 312 315 314 316 318 319 322 325 328 329 332 334 336 337 338 339 340 341 340 340 339 340 340 339 338 340 340 338 336 333 333 330 332 333 334 332 330 329 328 326 324 323 321 321 311 316 314 298 305 299 300 301 290 284 293 322 345 357
299 299 300 300 301 299 296 300 304 307 310 309 313 315 316 317 319 321 322 328 329 331 333 335 336 337 338 339 340 338 339 339 342 340 339 337 340 337 335 335 333 332 329 331 331 332 331 329 328 327 325 324 322 319 319 318 315 313 309 307 301 304 299 277 290 289 276 339 354
299 299 299 299 300 300 299 299 303 304 308 309 310 313 315 316 319 319 323 326 328 330 331 334 335 335 337 339 339 337 337 337 341 341 339 340 339 337 335 333 331 329 320 327 329 330 330 329 327 326 325 324 322 320 320 317 315 312 312 310 307 306 303 298 295 288 279 309 350
299 298 298 299 300 299 297 296 302 303 304 306 308 312 315 316 319 322 323 324 326 328 329 330 332 333 335 337 339 338 338 337 339 341 341 340 339 335 333 323 329 327 326 327 328 328 330 328 326 325 324 324 322 321 319 317 314 314 312 310 309 307 303 300 297 289 277 325 345
298 298 299 301 299 297 294 294 295 301 303 304 307 311 314 316 318 321 321 322 323 325 327 329 331 332 333 335 337 336 338 336 339 341 341 340 336 335 333 330 326 324 323 325 326 326 328 329 326 325 324 323 321 320 318 316 314 313 312 311 308 304 303 299 294 282 282 325 335
297 298 299 300 300 297 295 293 297 303 305 306 308 309 310 313 315 316 317 319 319 323 325 327 328 330 333 333 335 337 337 337 339 339 337 338 334 333 331 329 327 319 321 324 324 325 326 327 326 325 323 321 320 318 317 316 314 313 312 308 305 303 300 294 295 257 290 320 332
297 297 297 297 296 300 297 297 302 304 306 308 308 310 311 312 311 311 315 317 319 319 322 325 328 329 330 331 332 335 335 336 336 337 337 335 334 330 328 325 324 322 323 321 322 323 324 325 325 323 321 321 319 318 316 315 314 313 311 308 304 299 298 299 296 290 311 325 338
296 294 294 294 297 297 301 302 302 305 305 307 308 310 311 312 313 314 316 318 320 321 323 324 325 326 326 327 331 330 331 333 333 332 333 334 330 329 329 328 326 318 322 321 321 323 324 324 324 322 321 319 319 317 315 314 313 311 307 306 301 297 298 300 300 298 323 307 336
295 294 293 296 300 300 302 303 303 305 306 307 308 308 311 312 312 313 314 317 319 319 318 320 319 320 325 328 328 326 327 327 329 330 332 330 330 329 326 327 327 325 322 322 323 324 324 324 322 321 319 319 317 316 315 313 312 304 308 305 302 300 299 304 301 322 320 333 333
294 294 295 296 297 300 301 301 300 304 303 306 306 308 309 311 312 313 314 316 315 316 316 315 314 319 325 322 320 322 323 323 327 327 328 325 323 326 325 324 323 324 322 322 323 323 323 322 321 320 318 317 316 315 314 313 310 309 307 304 301 297 300 310 304 301 320 322 329
295 296 296 297 298 298 298 298 301 302 303 303 304 307 308 308 309 311 312 312 311 312 310 310 311 317 322 321 315 317 317 322 324 326 324 320 318 321 321 319 319 320 318 319 321 321 322 319 318 318 317 316 315 313 312 310 309 308 306 304 302 300 301 310 305 305 309 315 323
293 294 294 293 296 296 293 294 297 300 301 299 303 304 306 307 306 308 310 309 309 306 306 306 308 318 319 318 309 310 314 318 323 324 323 320 318 318 317 314 316 317 317 317 318 320 317 316 316 316 315 314 312 311 310 309 308 307 305 304 303 300 304 308 303 298 275 308 320
291 291 289 292 292 294 287 292 295 297 298 300 301 302 304 304 304 306 306 304 305 303 313 314 316 316 314 315 309 304 310 315 319 322 321 319 317 316 314 313 314 314 318 319 319 318 317 313 313 314 313 312 310 309 307 307 306 305 305 304 302 299 303 305 300 294 293 307 315
289 288 287 288 290 293 283 290 292 294 297 298 299 301 301 303 303 304 304 298 297 309 310 311 310 310 313 312 312 307 306 312 309 319 320 318 316 314 314 313 315 314 314 316 318 317 314 313 313 311 311 309 308 307 306 305 304 303 302 302 301 300 300 300 296 290 297 307 311
287 282 284 285 285 291 283 287 290 292 294 296 297 298 299 300 302 302 302 292 306 307 308 307 297 302 310 306 308 299 303 309 310 315 317 317 314 312 312 310 313 315 315 315 314 314 311 311 310 309 308 307 306 305 304 303 302 301 300 300 299 299 298 296 292 291 299 304 306
282 282 281 282 285 289 280 286 288 290 292 294 294 296 298 299 300 301 302 303 304 304 305 305 300 302 306 305 303 302 301 306 307 311 315 314 311 308 309 311 313 311 311 311 307 308 308 307 306 307 306 305 304 303 302 301 300 299 298 297 297 297 295 293 289 281 294 299 300
278 274 277 282 284 286 281 281 284 287 289 292 293 294 296 297 298 299 300 299 300 302 302 301 299 300 299 298 298 296 298 303 303 308 311 311 308 306 307 310 308 306 306 307 302 301 304 304 303 303 303 302 301 300 299 298 297 296 296 295 295 294 293 291 287 282 290 296 298
274 272 278 281 281 285 274 277 282 283 288 289 290 293 294 295 296 293 294 295 296 298 300 300 298 298 296 293 290 290 296 299 303 307 309 309 306 302 304 308 305 301 300 302 298 296 298 300 300 298 299 299 299 298 297 296 295 294 294 293 292 291 290 286 283 285 288 290 292
267 275 280 278 277 281 282 280 279 282 285 285 287 291 292 293 294 292 290 290 292 295 296 297 297 296 295 293 290 289 295 297 298 304 307 306 303 300 302 305 303 300 298 297 294 291 294 296 296 294 296 295 296 295 295 294 293 292 291 290 289 289 288 281 277 277 280 285 288
273 277 279 273 275 275 279 278 277 279 280 285 286 289 290 291 292 289 286 286 289 290 294 293 292 294 292 290 288 290 295 298 299 302 303 303 300 300 302 303 302 301 299 297 294 292 291 293 293 292 292 292 291 292 291 291 291 290 289 288 287 287 285 278 270 269 270 276 281
273 278 277 272 269 271 274 277 275 273 279 283 286 287 288 288 289 286 284 280 283 286 291 290 292 291 289 287 289 284 291 296 299 301 301 298 300 301 304 308 303 300 297 295 292 292 289 290 290 288 289 289 288 288 288 288 288 288 288 287 286 286 286 277 262 264 260 267 274
275 270 255 247 261 270 272 274 271 273 275 279 282 284 286 286 286 283 279 276 278 283 288 290 286 289 289 287 283 285 288 290 293 298 299 296 295 298 303 303 301 298 295 293 291 291 290 288 287 286 286 285 284 284 285 285 286 286 287 285 284 284 284 276 253 252 250 238 265
272 267 254 230 250 270 271 272 269 274 273 279 279 281 283 283 282 281 276 275 274 280 284 287 285 286 283 281 283 286 286 290 292 295 296 295 294 294 298 298 296 294 292 291 289 289 288 287 285 285 284 282 280 280 281 281 283 283 283 282 281 280 278 272 253 261 255 247 256
270 269 264 272 269 275 273 270 270 269 272 274 274 278 280 280 279 278 274 273 274 278 282 284 286 285 279 284 284 285 288 288 290 291 292 292 291 292 295 294 293 290 288 289 288 286 286 285 284 283 282 281 279 276 278 278 279 280 279 279 278 277 275 271 265 258 254 249 243
