EcoCrop/data/climate/tmean_11.asc
NCOLS 660 
NROWS 360 
XLLCORNER -20 
YLLCORNER -30 
CELLSIZE 0.1666667 
NODATA_value -3.4e+38 
[rows 330 to 359 of 360, columns 207 to 275 of 660]
-3.4e+38 -3.4e+38 167 166 169 168 170 174 176 179 174 181 178 192 198 206 219 228 229 225 230 235 239 243 247 250 251 249 248 246 245 244 244 244 244 245 245 245 245 245 245 244 244 243 243 244 244 244 244 244 244 244 244 243 243 242 241 240 239 238 237 235 233 230 225 228 233 234 236
-3.4e+38 -3.4e+38 167 165 166 169 168 161 168 182 183 173 180 188 186 202 212 223 226 222 228 234 237 241 245 248 249 248 248 247 245 244 244 244 244 244 245 245 245 245 245 245 244 244 243 244 244 244 243 243 243 244 243 242 242 241 241 240 239 238 238 235 233 230 228 226 225 227 233
-3.4e+38 -3.4e+38 168 162 165 165 172 163 158 183 179 187 186 185 185 193 206 219 225 228 231 233 238 240 244 246 248 247 247 246 245 244 243 243 243 244 245 245 245 245 245 244 244 244 243 243 243 243 243 243 244 243 242 241 241 240 239 239 239 238 236 234 233 230 228 223 223 219 229
-3.4e+38 -3.4e+38 167 162 162 163 165 176 179 183 174 158 169 186 184 195 210 220 226 230 233 237 237 242 242 245 246 247 245 245 245 243 242 242 243 244 244 244 245 245 244 244 244 243 243 243 243 242 242 243 242 242 241 240 239 239 239 238 237 237 236 234 232 230 229 225 223 220 217
-3.4e+38 -3.4e+38 162 161 161 164 165 175 179 177 181 180 172 188 195 197 206 219 226 232 235 239 239 241 241 243 245 246 245 245 244 242 241 241 242 243 244 245 245 244 244 244 243 243 243 242 242 242 241 242 242 241 239 238 236 236 237 237 236 236 234 233 232 231 229 228 225 222 216
-3.4e+38 -3.4e+38 163 160 160 162 166 171 174 181 168 169 172 185 200 201 208 219 227 233 238 241 242 242 242 243 245 246 245 244 243 242 241 241 242 243 244 244 245 244 244 243 243 242 242 242 241 242 241 243 241 239 239 235 232 232 233 235 235 234 233 232 230 228 226 227 225 220 212
-3.4e+38 -3.4e+38 -3.4e+38 161 159 162 167 171 174 174 164 184 179 186 201 207 208 218 226 236 240 242 243 242 244 244 243 244 243 243 242 242 241 241 242 243 244 244 244 243 243 242 242 242 242 241 241 242 241 241 239 237 237 236 233 230 232 233 232 232 230 229 229 228 226 221 220 215 208
-3.4e+38 -3.4e+38 -3.4e+38 161 160 165 172 175 181 187 183 186 189 179 202 210 209 219 225 238 241 239 239 240 241 244 244 244 243 243 241 241 241 242 242 243 245 244 244 243 242 241 241 241 241 241 241 241 241 239 237 235 237 235 235 233 231 229 229 229 227 226 226 226 224 220 217 214 209
-3.4e+38 -3.4e+38 -3.4e+38 -3.4e+38 162 161 171 174 175 167 181 187 191 181 199 215 218 221 229 240 238 240 236 241 239 245 244 243 241 241 242 242 241 241 242 243 244 244 243 242 241 241 240 240 240 241 241 240 240 238 236 232 235 233 232 231 229 227 226 226 223 220 221 220 218 215 216 212 211
-3.4e+38 -3.4e+38 -3.4e+38 -3.4e+38 166 166 166 171 174 177 165 176 166 178 201 213 221 221 227 239 235 242 243 239 245 245 242 239 241 240 240 240 240 241 242 243 243 243 243 242 241 241 240 239 240 241 240 240 239 239 237 235 234 232 230 228 225 221 219 221 220 220 220 216 215 215 215 214 209
-3.4e+38 -3.4e+38 -3.4e+38 -3.4e+38 163 163 161 165 162 157 158 157 174 182 193 206 219 221 227 238 239 243 246 246 245 241 241 238 238 239 236 238 240 245 245 243 243 242 242 242 241 241 240 240 240 240 240 239 239 237 236 234 232 230 228 227 223 219 217 219 223 222 221 217 213 213 214 211 209
-3.4e+38 -3.4e+38 -3.4e+38 -3.4e+38 161 162 168 166 162 168 168 171 173 183 188 205 219 223 227 236 242 243 239 238 240 230 230 233 234 237 238 241 241 244 246 242 242 241 241 241 240 239 239 239 240 239 238 237 237 238 236 231 227 226 227 227 220 216 218 219 222 224 221 218 213 213 213 210 207
-3.4e+38 -3.4e+38 -3.4e+38 -3.4e+38 -3.4e+38 158 159 165 167 170 173 176 176 178 187 202 216 222 225 234 238 230 222 227 229 217 210 229 231 237 240 240 240 243 241 241 241 240 240 239 239 239 239 239 238 237 235 233 233 235 237 234 229 225 219 217 220 214 212 218 223 225 223 214 211 213 211 210 211
-3.4e+38 -3.4e+38 -3.4e+38 -3.4e+38 -3.4e+38 159 161 158 163 170 175 178 180 178 182 198 214 217 226 230 234 210 223 222 217 206 208 218 228 237 240 240 239 241 239 241 239 239 239 238 236 237 236 236 235 235 234 229 224 233 235 231 221 220 219 213 211 209 209 214 218 227 214 215 215 211 213 213 211
-3.4e+38 -3.4e+38 -3.4e+38 -3.4e+38 -3.4e+38 163 162 159 164 165 170 172 181 183 172 197 209 217 214 233 230 219 221 210 205 191 218 216 231 237 238 240 241 239 239 238 238 238 237 236 235 235 234 234 233 233 232 229 226 232 234 230 218 215 211 209 207 207 210 213 219 224 216 217 210 214 216 215 215
-3.4e+38 -3.4e+38 -3.4e+38 -3.4e+38 -3.4e+38 -3.4e+38 160 161 165 166 170 174 177 175 169 183 179 213 229 223 216 211 208 211 210 211 221 223 224 235 237 239 240 239 239 238 236 236 235 234 234 233 232 232 231 231 230 229 226 231 233 229 220 195 207 203 204 207 210 214 219 230 218 214 214 217 218 218 215
-3.4e+38 -3.4e+38 -3.4e+38 -3.4e+38 -3.4e+38 -3.4e+38 164 164 169 171 174 174 177 175 168 187 203 213 234 222 205 211 217 219 219 218 221 220 228 234 234 236 239 237 236 236 235 236 233 233 232 231 230 230 230 231 229 226 213 227 233 229 220 205 202 203 204 208 211 214 223 230 217 217 217 216 217 219 211
-3.4e+38 -3.4e+38 -3.4e+38 -3.4e+38 -3.4e+38 -3.4e+38 -3.4e+38 162 161 167 171 175 178 182 186 178 197 217 217 218 218 225 223 220 223 220 224 228 233 235 235 235 234 237 234 235 232 230 232 230 230 229 228 228 227 229 228 225 215 221 227 225 220 211 195 201 205 208 212 218 229 227 218 217 216 214 215 214 212
-3.4e+38 -3.4e+38 -3.4e+38 -3.4e+38 -3.4e+38 -3.4e+38 -3.4e+38 -3.4e+38 163 167 165 173 180 180 203 205 196 210 223 229 228 220 218 222 225 221 225 230 235 233 237 233 233 234 230 231 235 232 231 228 227 226 226 225 226 229 227 226 224 210 218 215 215 203 198 202 206 207 216 223 230 218 217 216 214 214 212 209 211
-3.4e+38 -3.4e+38 -3.4e+38 -3.4e+38 -3.4e+38 -3.4e+38 -3.4e+38 -3.4e+38 -3.4e+38 165 168 171 177 192 194 191 213 220 211 220 225 229 229 224 231 231 230 231 238 230 228 230 233 233 233 230 234 230 227 226 226 228 228 230 229 230 229 224 223 218 222 217 210 199 205 204 206 208 223 233 227 222 216 210 206 209 209 209 207
-3.4e+38 -3.4e+38 -3.4e+38 -3.4e+38 -3.4e+38 -3.4e+38 -3.4e+38 -3.4e+38 -3.4e+38 -3.4e+38 167 168 173 185 192 174 193 217 208 218 229 231 227 222 230 238 231 227 232 240 240 238 244 227 234 235 231 228 224 226 230 229 232 232 230 226 227 224 219 221 222 217 202 202 202 205 206 214 235 233 224 225 220 215 212 212 210 209 207
-3.4e+38 -3.4e+38 -3.4e+38 -3.4e+38 -3.4e+38 -3.4e+38 -3.4e+38 -3.4e+38 -3.4e+38 -3.4e+38 -3.4e+38 166 171 178 176 176 188 210 209 210 227 229 225 231 240 237 225 227 234 236 244 242 234 234 237 233 231 227 229 230 230 228 226 234 231 221 226 222 219 220 223 211 200 198 201 204 208 228 226 225 226 222 218 212 209 211 208 210 207
-3.4e+38 -3.4e+38 -3.4e+38 -3.4e+38 -3.4e+38 -3.4e+38 -3.4e+38 -3.4e+38 -3.4e+38 -3.4e+38 -3.4e+38 -3.4e+38 165 167 172 179 173 203 209 229 239 224 238 242 259 245 234 228 251 250 231 232 225 225 230 232 236 233 233 232 228 226 226 229 233 228 229 220 227 224 216 202 198 198 201 205 221 227 223 222 220 218 216 212 214 214 213 211 210
-3.4e+38 -3.4e+38 -3.4e+38 -3.4e+38 -3.4e+38 -3.4e+38 -3.4e+38 -3.4e+38 -3.4e+38 -3.4e+38 -3.4e+38 -3.4e+38 -3.4e+38 161 166 173 175 185 195 210 216 234 260 259 253 244 243 242 249 241 224 220 221 221 222 224 230 231 228 225 224 223 223 229 232 234 229 228 222 212 207 208 204 199 204 219 225 221 225 218 218 218 218 216 216 214 213 212 210
-3.4e+38 -3.4e+38 -3.4e+38 -3.4e+38 -3.4e+38 -3.4e+38 -3.4e+38 -3.4e+38 -3.4e+38 -3.4e+38 -3.4e+38 -3.4e+38 -3.4e+38 -3.4e+38 158 167 176 187 181 195 207 231 244 231 233 223 226 234 226 217 224 218 214 217 220 224 224 230 227 225 225 222 221 224 224 231 231 227 220 204 212 208 216 204 219 226 222 222 219 216 217 216 219 217 215 209 209 206 207
-3.4e+38 -3.4e+38 -3.4e+38 -3.4e+38 -3.4e+38 -3.4e+38 -3.4e+38 -3.4e+38 -3.4e+38 -3.4e+38 -3.4e+38 -3.4e+38 -3.4e+38 -3.4e+38 155 166 178 186 194 190 199 212 226 230 230 227 224 223 217 209 214 213 214 216 219 220 220 227 228 230 226 225 224 224 224 229 233 228 219 212 213 220 226 223 223 224 220 213 216 210 218 219 218 215 211 208 202 205 204
-3.4e+38 -3.4e+38 -3.4e+38 -3.4e+38 -3.4e+38 -3.4e+38 -3.4e+38 -3.4e+38 -3.4e+38 -3.4e+38 -3.4e+38 -3.4e+38 -3.4e+38 -3.4e+38 -3.4e+38 164 173 184 192 194 194 206 214 216 215 220 216 219 211 207 208 212 214 216 218 219 220 222 222 227 230 226 225 225 222 228 231 230 232 217 220 231 224 220 218 220 220 214 211 213 219 216 218 221 215 209 202 201 199
-3.4e+38 -3.4e+38 -3.4e+38 -3.4e+38 -3.4e+38 -3.4e+38 -3.4e+38 -3.4e+38 -3.4e+38 -3.4e+38 -3.4e+38 -3.4e+38 -3.4e+38 -3.4e+38 -3.4e+38 165 180 188 186 195 190 198 200 203 206 210 212 214 210 206 208 211 212 215 215 215 218 219 220 223 228 225 223 224 222 220 224 222 217 217 232 227 226 223 217 214 215 220 220 219 218 219 214 210 213 209 204 204 201
-3.4e+38 -3.4e+38 -3.4e+38 -3.4e+38 -3.4e+38 -3.4e+38 -3.4e+38 -3.4e+38 -3.4e+38 -3.4e+38 -3.4e+38 -3.4e+38 -3.4e+38 -3.4e+38 -3.4e+38 169 175 184 183 191 189 203 200 200 199 205 210 210 205 205 207 207 209 210 212 215 215 219 222 226 228 227 226 225 225 223 219 219 221 219 230 231 230 220 210 212 211 213 219 220 222 220 211 206 193 195 201 197 195
-3.4e+38 -3.4e+38 -3.4e+38 -3.4e+38 -3.4e+38 -3.4e+38 -3.4e+38 -3.4e+38 -3.4e+38 -3.4e+38 -3.4e+38 -3.4e+38 -3.4e+38 -3.4e+38 -3.4e+38 -3.4e+38 175 182 188 185 199 204 198 198 198 203 205 207 204 203 206 206 206 206 210 215 216 219 222 224 227 230 229 229 228 224 222 217 217 220 219 228 227 220 218 210 210 211 214 212 221 216 213 201 191 194 195 194 188
