EcoCrop/data/climate/tmean_8.asc
NCOLS 660 
NROWS 360 
XLLCORNER -20 
YLLCORNER -30 
CELLSIZE 0.1666667 
NODATA_value -3.4e+38 
[rows 30 to 59 of 360, columns 276 to 344 of 660]
292 290 287 287 288 289 292 292 294 296 297 298 299 301 301 302 303 301 302 301 302 306 307 306 309 312 317 320 318 315 310 305 304 304 304 305 304 306 310 321 320 320 315 314 311 308 306 299 298 293 286 280 291 304 -3.4e+38 -3.4e+38 -3.4e+38 -3.4e+38 -3.4e+38 -3.4e+38 -3.4e+38 -3.4e+38 -3.4e+38 -3.4e+38 -3.4e+38 -3.4e+38 -3.4e+38 -3.4e+38 296
290 292 288 286 288 290 291 293 294 294 297 298 298 300 301 303 300 300 303 306 306 306 306 309 312 316 318 322 306 310 310 306 306 306 306 306 305 307 306 323 321 321 318 317 316 314 307 304 298 293 290 270 292 293 309 -3.4e+38 -3.4e+38 -3.4e+38 -3.4e+38 -3.4e+38 -3.4e+38 -3.4e+38 -3.4e+38 -3.4e+38 -3.4e+38 -3.4e+38 -3.4e+38 303 294
290 290 291 287 288 290 291 291 293 296 297 298 300 302 302 304 302 303 304 305 306 307 308 311 313 318 320 323 323 309 310 311 309 309 309 310 310 309 317 326 324 323 322 321 317 317 311 309 303 296 295 292 296 295 306 -3.4e+38 -3.4e+38 -3.4e+38 -3.4e+38 -3.4e+38 -3.4e+38 -3.4e+38 -3.4e+38 -3.4e+38 -3.4e+38 -3.4e+38 -3.4e+38 -3.4e+38 303
286 288 287 287 289 287 286 290 294 297 300 301 300 302 304 307 306 309 307 305 305 307 309 312 316 317 318 322 324 313 313 316 312 312 313 313 313 316 328 314 329 332 330 327 325 321 310 309 306 301 297 290 285 284 297 -3.4e+38 -3.4e+38 -3.4e+38 -3.4e+38 -3.4e+38 -3.4e+38 -3.4e+38 -3.4e+38 -3.4e+38 -3.4e+38 -3.4e+38 -3.4e+38 -3.4e+38 -3.4e+38
283 286 287 285 288 285 287 299 303 301 301 301 303 305 305 308 308 307 306 305 306 308 309 313 316 316 317 322 314 315 320 314 313 314 314 315 316 314 330 334 335 335 331 327 325 320 316 315 308 303 300 294 276 267 293 300 309 -3.4e+38 -3.4e+38 -3.4e+38 -3.4e+38 -3.4e+38 -3.4e+38 -3.4e+38 -3.4e+38 -3.4e+38 -3.4e+38 -3.4e+38 -3.4e+38
281 283 289 284 285 287 288 298 300 302 301 303 303 308 307 310 309 308 307 309 309 310 312 314 317 321 321 325 322 320 321 317 316 316 316 318 316 318 321 337 339 343 334 327 322 318 319 314 312 307 304 299 295 288 261 300 303 309 -3.4e+38 -3.4e+38 -3.4e+38 -3.4e+38 -3.4e+38 -3.4e+38 -3.4e+38 -3.4e+38 -3.4e+38 -3.4e+38 -3.4e+38
280 275 285 286 291 289 293 298 301 303 304 304 307 308 309 310 310 309 308 312 312 315 316 315 317 321 322 325 321 324 317 319 319 321 319 319 319 327 334 339 342 340 334 328 322 315 320 319 313 308 304 301 296 293 288 292 309 -3.4e+38 -3.4e+38 -3.4e+38 -3.4e+38 -3.4e+38 -3.4e+38 -3.4e+38 -3.4e+38 -3.4e+38 -3.4e+38 -3.4e+38 -3.4e+38
276 275 280 292 296 297 297 300 300 303 305 307 307 309 310 311 312 311 312 313 314 316 318 317 319 323 324 324 323 322 319 321 322 323 324 320 321 322 336 339 339 340 336 323 323 318 313 313 315 312 306 300 300 295 290 296 303 -3.4e+38 -3.4e+38 -3.4e+38 -3.4e+38 -3.4e+38 -3.4e+38 -3.4e+38 -3.4e+38 -3.4e+38 -3.4e+38 -3.4e+38 -3.4e+38
273 274 276 288 295 294 297 298 301 304 307 308 309 310 312 314 314 313 315 314 316 318 318 319 322 326 324 323 324 321 326 325 323 321 322 321 321 323 337 339 340 339 334 330 324 319 317 316 311 312 309 303 297 298 277 289 309 -3.4e+38 -3.4e+38 -3.4e+38 -3.4e+38 -3.4e+38 -3.4e+38 -3.4e+38 -3.4e+38 -3.4e+38 -3.4e+38 -3.4e+38 -3.4e+38
272 276 277 287 297 292 294 294 298 305 309 310 311 312 313 314 315 316 315 316 317 319 320 321 323 324 327 327 327 324 325 328 329 330 328 326 331 333 336 337 337 338 333 325 324 320 314 308 311 310 308 302 296 306 303 305 296 -3.4e+38 -3.4e+38 -3.4e+38 -3.4e+38 -3.4e+38 -3.4e+38 -3.4e+38 -3.4e+38 -3.4e+38 -3.4e+38 -3.4e+38 -3.4e+38
274 278 289 295 300 304 300 297 302 304 312 311 312 313 314 315 317 318 317 318 319 321 322 323 324 325 325 328 326 328 327 325 331 332 330 328 329 332 333 334 337 337 333 328 322 318 315 310 310 307 304 294 304 310 310 304 312 -3.4e+38 -3.4e+38 -3.4e+38 -3.4e+38 -3.4e+38 -3.4e+38 -3.4e+38 -3.4e+38 -3.4e+38 -3.4e+38 -3.4e+38 -3.4e+38
284 291 291 299 301 304 305 309 309 309 312 313 314 315 316 317 318 318 318 319 320 322 323 324 325 326 325 325 325 329 330 330 331 330 329 328 326 329 331 336 337 336 330 328 322 322 314 305 304 303 297 304 308 305 305 305 314 315 -3.4e+38 -3.4e+38 -3.4e+38 -3.4e+38 -3.4e+38 -3.4e+38 -3.4e+38 -3.4e+38 -3.4e+38 -3.4e+38 -3.4e+38
286 288 286 296 302 304 306 308 310 311 312 314 315 316 317 318 319 319 320 321 321 322 323 324 323 325 324 324 323 328 330 330 330 329 328 326 330 333 329 336 335 335 335 331 328 321 318 299 307 306 304 306 304 302 303 300 307 315 316 -3.4e+38 -3.4e+38 -3.4e+38 -3.4e+38 -3.4e+38 -3.4e+38 -3.4e+38 -3.4e+38 -3.4e+38 -3.4e+38
283 293 295 299 303 306 307 309 310 312 313 314 316 317 318 319 319 320 321 322 321 323 322 323 326 326 327 327 329 327 328 326 329 329 330 330 333 334 333 335 332 331 329 332 328 325 318 314 311 307 303 301 300 300 294 295 308 310 315 -3.4e+38 -3.4e+38 -3.4e+38 -3.4e+38 -3.4e+38 -3.4e+38 -3.4e+38 -3.4e+38 -3.4e+38 -3.4e+38
292 292 299 303 306 307 308 310 311 312 314 315 316 317 318 319 320 321 321 322 323 323 323 325 326 327 326 326 327 324 325 325 327 330 331 332 329 331 334 331 329 325 325 332 330 324 320 315 314 309 307 302 298 297 290 293 302 309 312 313 314 314 -3.4e+38 -3.4e+38 -3.4e+38 -3.4e+38 -3.4e+38 -3.4e+38 -3.4e+38
297 300 303 301 302 305 308 310 312 313 314 315 317 317 319 320 320 321 321 322 322 322 324 325 326 325 323 324 327 326 324 325 328 329 331 330 327 328 330 328 322 324 327 332 327 327 323 321 317 313 311 307 301 295 292 273 303 298 304 310 311 310 314 -3.4e+38 -3.4e+38 -3.4e+38 -3.4e+38 -3.4e+38 -3.4e+38
299 299 300 298 302 302 307 311 313 314 315 316 317 318 319 320 320 321 321 321 323 324 325 324 324 324 323 325 323 323 325 325 328 330 330 327 327 327 326 326 321 324 330 327 325 320 323 322 319 316 312 305 302 287 289 290 295 290 302 305 296 301 305 312 -3.4e+38 -3.4e+38 -3.4e+38 -3.4e+38 -3.4e+38
298 298 298 300 301 307 309 311 313 314 315 316 317 318 319 320 320 321 321 322 324 324 324 323 322 322 321 322 321 322 325 325 329 324 326 327 323 324 323 324 323 324 330 321 320 318 319 318 316 317 314 310 307 292 290 287 265 277 293 307 304 288 289 305 311 -3.4e+38 -3.4e+38 -3.4e+38 -3.4e+38
302 303 303 304 307 309 310 311 313 314 316 317 317 318 319 320 321 321 323 323 323 323 324 324 320 319 318 319 318 321 325 328 325 320 320 325 321 318 317 317 323 326 329 324 324 322 316 313 314 314 310 311 304 298 294 285 253 289 296 303 305 296 264 281 309 -3.4e+38 -3.4e+38 -3.4e+38 -3.4e+38
301 301 302 305 306 309 311 312 313 315 316 317 317 318 319 320 321 321 321 322 324 323 323 322 319 317 316 319 323 325 327 329 328 324 317 318 320 315 311 318 319 324 330 328 326 323 319 316 311 311 310 306 306 297 292 284 294 298 304 304 304 287 285 292 308 -3.4e+38 -3.4e+38 -3.4e+38 -3.4e+38
295 291 297 299 303 307 310 312 313 314 315 316 317 319 319 320 321 321 321 322 323 323 321 321 319 320 323 324 325 326 330 322 326 326 326 322 319 320 315 313 320 321 326 330 327 324 318 314 305 311 308 308 306 288 278 282 288 297 296 299 296 296 277 289 305 318 -3.4e+38 -3.4e+38 -3.4e+38
294 293 298 302 304 308 310 312 313 314 315 316 318 318 319 320 321 320 320 323 324 323 323 321 323 324 326 327 328 329 328 325 323 327 326 324 322 320 314 316 320 318 326 329 326 324 319 313 306 309 305 307 298 289 284 295 294 296 289 299 303 294 282 291 304 318 -3.4e+38 -3.4e+38 -3.4e+38
297 295 295 300 304 308 311 312 313 314 315 317 316 318 319 320 320 322 323 324 320 325 324 319 323 325 326 328 332 331 326 325 321 324 325 321 323 320 314 313 313 323 327 329 328 325 320 312 305 306 305 304 299 295 297 300 300 301 301 302 288 294 284 263 298 315 322 -3.4e+38 -3.4e+38
297 302 298 302 305 307 310 311 313 315 315 315 316 318 319 319 320 321 323 321 320 325 324 323 327 329 329 331 326 327 329 327 323 322 319 322 322 316 313 318 323 324 327 329 328 325 324 321 314 305 307 303 301 295 293 302 302 303 304 304 293 287 285 281 287 311 324 -3.4e+38 -3.4e+38
299 301 302 305 307 308 309 310 313 313 315 314 315 316 318 319 321 322 322 323 323 323 324 326 329 331 331 334 330 327 327 328 326 322 321 321 320 318 317 317 323 326 329 329 325 326 323 322 316 314 309 304 301 292 296 300 301 302 305 304 286 291 289 287 288 296 321 -3.4e+38 -3.4e+38
300 301 303 306 304 305 307 310 310 312 313 315 314 316 317 319 320 320 321 322 321 323 326 328 329 333 332 331 330 325 325 327 325 323 324 320 322 321 322 323 322 327 329 330 329 327 324 320 320 314 312 308 305 300 295 298 302 303 305 304 288 298 293 289 282 279 322 -3.4e+38 -3.4e+38
300 301 301 301 302 304 306 306 308 312 312 312 312 314 316 318 318 319 321 324 321 322 327 325 330 334 333 330 330 331 329 327 327 327 327 326 326 325 325 326 323 328 329 327 328 327 325 324 320 314 314 312 309 304 297 302 305 304 305 305 279 299 295 289 284 310 321 -3.4e+38 -3.4e+38
301 301 301 301 302 304 306 306 307 308 309 311 311 312 313 318 319 324 325 323 322 327 326 330 331 332 335 334 334 332 331 330 331 330 330 328 328 327 328 328 326 329 327 331 330 329 327 326 323 319 317 314 311 307 302 303 304 307 307 304 299 291 295 289 280 310 326 -3.4e+38 -3.4e+38
301 301 301 301 301 302 305 305 305 307 307 309 311 314 316 316 320 322 325 326 327 328 331 329 331 334 334 336 335 334 333 333 333 332 331 331 330 329 329 330 331 331 330 331 331 330 328 326 324 321 312 316 312 310 308 305 306 308 306 305 301 295 294 273 287 304 329 -3.4e+38 -3.4e+38
302 302 302 303 303 304 303 303 304 310 308 316 313 315 317 317 319 325 324 326 329 328 331 332 332 334 335 338 336 335 336 334 334 333 332 331 330 330 330 331 332 333 332 332 331 329 328 327 323 323 320 318 316 314 311 306 307 307 308 305 301 299 298 291 295 315 333 -3.4e+38 -3.4e+38
