EcoCrop/data/climate/tmean_9.asc
NCOLS 660 
NROWS 360 
XLLCORNER -20 
YLLCORNER -30 
CELLSIZE 0.1666667 
NODATA_value -3.4e+38 
[rows 330 to 359 of 360, columns 207 to 275 of 660]
-3.4e+38 -3.4e+38 143 140 140 137 136 138 138 139 131 137 131 144 148 154 165 173 176 173 176 179 181 183 186 188 189 187 186 185 184 184 184 185 185 187 187 187 188 188 188 187 187 186 186 187 187 187 187 187 188 189 189 190 190 190 190 189 189 189 189 188 186 184 181 183 185 186 189
-3.4e+38 -3.4e+38 143 138 137 137 134 123 128 141 141 127 132 139 135 150 158 169 174 170 174 178 179 182 185 186 186 186 185 185 184 183 183 183 184 185 186 187 187 187 186 186 186 185 185 185 185 185 186 186 186 187 188 188 188 188 188 188 188 188 188 186 185 183 181 179 177 179 186
-3.4e+38 -3.4e+38 145 136 136 133 139 125 118 142 135 141 138 135 133 140 153 166 172 175 177 177 180 181 183 185 186 185 185 184 183 181 181 181 182 184 185 186 186 186 185 185 185 184 184 184 184 184 184 184 186 185 186 186 186 186 186 187 187 187 186 185 185 183 180 176 175 172 180
-3.4e+38 -3.4e+38 143 136 133 130 130 139 140 141 129 110 120 135 132 142 157 166 173 177 179 181 180 183 182 184 185 184 183 182 181 180 179 179 180 182 184 184 184 184 184 183 183 182 182 182 182 182 182 183 183 183 184 184 184 184 185 185 185 186 185 185 183 182 181 177 176 173 171
-3.4e+38 -3.4e+38 138 135 132 132 131 139 140 135 136 133 122 136 143 144 152 165 172 178 180 183 182 183 181 183 183 183 183 181 180 178 177 177 179 181 182 183 183 183 183 182 182 181 181 180 179 179 179 181 182 182 181 181 180 181 182 183 184 184 183 182 182 182 182 181 181 177 171
-3.4e+38 -3.4e+38 141 134 132 131 131 134 135 139 121 120 122 133 147 147 153 164 172 178 183 184 185 184 183 183 183 183 182 180 179 178 177 176 178 180 181 182 182 182 181 181 180 180 179 178 177 178 178 181 180 180 180 178 176 177 179 181 182 181 181 181 180 180 178 181 181 176 169
-3.4e+38 -3.4e+38 -3.4e+38 136 131 131 133 134 134 131 117 136 129 134 147 153 153 163 170 181 185 186 186 184 184 184 182 182 180 180 178 177 176 177 178 179 180 181 181 180 180 179 179 178 178 177 176 177 177 178 178 177 178 178 176 175 177 179 179 179 178 178 178 179 178 175 175 172 167
-3.4e+38 -3.4e+38 -3.4e+38 138 132 134 140 140 143 146 138 138 139 127 148 156 154 164 170 183 185 182 182 181 181 183 183 181 180 179 177 177 177 177 178 179 181 181 180 180 179 178 177 177 177 176 176 177 177 176 176 175 177 177 178 177 176 175 175 176 174 174 175 175 175 173 173 172 169
-3.4e+38 -3.4e+38 -3.4e+38 -3.4e+38 136 131 139 139 136 123 136 139 141 128 145 161 162 165 174 184 182 183 179 182 180 184 183 180 178 178 178 177 177 177 177 178 180 180 179 178 178 177 176 175 176 176 176 176 176 176 175 172 176 175 175 175 174 173 172 172 171 168 169 170 169 168 170 170 170
-3.4e+38 -3.4e+38 -3.4e+38 -3.4e+38 141 137 133 136 136 135 117 127 115 125 147 158 167 165 171 184 179 185 185 181 185 184 180 177 178 177 176 176 176 177 178 179 179 179 179 178 177 176 176 175 176 176 176 176 176 176 176 175 175 174 174 173 171 168 166 168 167 167 167 165 165 166 169 169 168
-3.4e+38 -3.4e+38 -3.4e+38 -3.4e+38 139 134 129 129 122 113 110 108 124 130 140 151 164 166 171 182 183 185 187 187 185 180 179 176 175 175 172 173 176 180 180 178 179 178 178 178 177 176 176 176 176 176 176 176 176 175 175 174 174 172 171 171 169 166 165 166 169 166 166 164 162 164 166 164 165
-3.4e+38 -3.4e+38 -3.4e+38 -3.4e+38 137 135 138 133 123 127 124 124 124 132 136 152 165 169 172 180 185 185 181 178 180 169 169 170 171 173 174 177 177 179 181 177 178 177 177 176 176 175 175 175 176 175 174 174 175 177 175 172 169 169 171 172 166 163 165 167 170 165 165 164 161 162 162 161 159
-3.4e+38 -3.4e+38 -3.4e+38 -3.4e+38 -3.4e+38 131 128 133 131 131 131 131 128 128 136 150 163 169 170 179 182 172 164 168 168 156 149 166 168 173 176 176 176 179 176 176 176 176 176 175 175 175 175 174 174 173 172 170 171 173 177 175 172 169 163 163 166 161 161 166 170 168 166 160 158 161 159 158 159
-3.4e+38 -3.4e+38 -3.4e+38 -3.4e+38 -3.4e+38 134 132 125 129 133 135 135 134 130 132 147 163 164 172 175 178 152 164 163 156 145 147 156 165 174 176 176 175 176 175 176 175 175 175 174 173 173 172 172 171 171 170 166 162 172 175 173 164 165 164 159 158 157 158 162 165 171 160 161 161 158 159 159 157
-3.4e+38 -3.4e+38 -3.4e+38 -3.4e+38 -3.4e+38 140 135 128 131 129 132 130 137 137 123 147 158 165 160 178 173 161 162 150 145 131 156 153 168 173 174 176 176 175 175 174 174 174 173 173 171 171 171 170 169 169 169 166 164 171 175 173 162 160 157 155 154 154 157 161 166 170 163 162 156 160 161 160 161
-3.4e+38 -3.4e+38 -3.4e+38 -3.4e+38 -3.4e+38 -3.4e+38 135 133 135 133 134 135 135 130 121 134 128 162 177 169 159 153 150 151 149 149 158 160 161 171 173 174 175 174 175 174 173 172 172 171 170 170 169 168 168 168 166 165 163 170 175 173 165 141 153 150 151 154 157 161 166 176 164 160 159 162 163 163 160
-3.4e+38 -3.4e+38 -3.4e+38 -3.4e+38 -3.4e+38 -3.4e+38 141 138 141 140 140 138 137 132 122 139 155 163 184 168 148 153 157 159 158 156 159 157 164 170 170 172 174 173 172 172 172 172 170 170 169 168 167 167 166 167 165 162 149 165 175 173 165 150 148 149 151 154 157 160 168 176 163 161 160 160 161 162 156
-3.4e+38 -3.4e+38 -3.4e+38 -3.4e+38 -3.4e+38 -3.4e+38 -3.4e+38 138 134 138 140 141 141 143 144 131 149 168 166 164 162 167 163 160 162 158 161 165 169 171 171 171 170 173 171 172 169 167 169 168 168 167 166 166 164 166 165 160 149 156 167 169 165 156 142 148 151 154 157 162 172 170 161 158 157 156 158 157 157
-3.4e+38 -3.4e+38 -3.4e+38 -3.4e+38 -3.4e+38 -3.4e+38 -3.4e+38 -3.4e+38 138 140 135 141 146 143 167 165 150 162 173 176 172 161 158 161 163 159 162 166 171 169 173 170 169 170 167 168 172 169 169 167 166 165 164 163 164 166 164 163 160 146 159 159 161 149 144 148 151 153 160 165 171 160 158 157 154 155 154 153 156
-3.4e+38 -3.4e+38 -3.4e+38 -3.4e+38 -3.4e+38 -3.4e+38 -3.4e+38 -3.4e+38 -3.4e+38 141 141 142 145 160 159 151 172 176 160 167 169 170 169 162 167 166 165 166 174 166 165 166 169 169 170 168 171 168 165 165 166 167 167 169 167 168 167 162 162 158 165 162 156 145 151 150 151 152 164 172 167 163 157 151 147 150 151 152 152
-3.4e+38 -3.4e+38 -3.4e+38 -3.4e+38 -3.4e+38 -3.4e+38 -3.4e+38 -3.4e+38 -3.4e+38 -3.4e+38 143 142 145 155 159 132 150 174 158 165 174 173 166 160 165 172 166 163 168 176 176 175 180 164 171 172 168 166 162 165 169 169 171 171 169 165 166 163 159 163 166 163 148 148 148 150 151 156 172 171 165 166 162 155 151 152 152 152 151
-3.4e+38 -3.4e+38 -3.4e+38 -3.4e+38 -3.4e+38 -3.4e+38 -3.4e+38 -3.4e+38 -3.4e+38 -3.4e+38 -3.4e+38 142 145 150 142 137 147 167 160 157 172 170 165 169 176 172 161 163 170 173 181 179 171 171 174 170 168 165 167 168 169 167 165 173 171 161 167 163 160 163 166 156 146 143 147 148 151 168 165 165 168 166 161 154 150 152 151 153 152
-3.4e+38 -3.4e+38 -3.4e+38 -3.4e+38 -3.4e+38 -3.4e+38 -3.4e+38 -3.4e+38 -3.4e+38 -3.4e+38 -3.4e+38 -3.4e+38 142 140 141 144 130 161 162 179 184 166 178 180 196 181 170 165 188 187 169 169 163 163 167 169 173 170 170 169 166 164 164 168 173 169 170 161 168 166 160 147 144 143 145 149 162 167 163 164 164 165 161 156 156 156 156 155 156
-3.4e+38 -3.4e+38 -3.4e+38 -3.4e+38 -3.4e+38 -3.4e+38 -3.4e+38 -3.4e+38 -3.4e+38 -3.4e+38 -3.4e+38 -3.4e+38 -3.4e+38 138 138 140 135 142 147 159 161 176 201 198 191 181 180 180 187 179 163 159 159 159 159 162 167 168 164 162 161 160 161 168 172 175 171 169 163 154 150 151 148 143 148 161 165 162 165 160 162 165 164 160 160 158 156 156 156
-3.4e+38 -3.4e+38 -3.4e+38 -3.4e+38 -3.4e+38 -3.4e+38 -3.4e+38 -3.4e+38 -3.4e+38 -3.4e+38 -3.4e+38 -3.4e+38 -3.4e+38 -3.4e+38 133 137 139 146 134 144 153 174 185 171 173 163 165 173 166 158 164 157 153 155 158 161 160 165 163 161 161 159 158 162 163 172 172 168 160 146 153 150 158 147 161 167 162 162 158 157 159 160 163 162 159 153 153 151 153
-3.4e+38 -3.4e+38 -3.4e+38 -3.4e+38 -3.4e+38 -3.4e+38 -3.4e+38 -3.4e+38 -3.4e+38 -3.4e+38 -3.4e+38 -3.4e+38 -3.4e+38 -3.4e+38 134 138 145 146 149 140 146 156 168 172 171 167 164 163 158 151 155 153 153 155 157 157 157 162 162 164 161 161 161 161 162 168 172 167 158 152 153 160 166 164 164 164 159 152 155 150 157 161 161 159 155 152 147 151 151
-3.4e+38 -3.4e+38 -3.4e+38 -3.4e+38 -3.4e+38 -3.4e+38 -3.4e+38 -3.4e+38 -3.4e+38 -3.4e+38 -3.4e+38 -3.4e+38 -3.4e+38 -3.4e+38 -3.4e+38 137 140 146 149 145 142 152 158 159 157 162 158 160 153 149 149 152 153 155 156 156 156 157 157 160 164 161 161 161 160 165 168 166 168 154 158 169 164 161 159 159 159 151 148 150 157 157 160 164 159 153 147 147 147
-3.4e+38 -3.4e+38 -3.4e+38 -3.4e+38 -3.4e+38 -3.4e+38 -3.4e+38 -3.4e+38 -3.4e+38 -3.4e+38 -3.4e+38 -3.4e+38 -3.4e+38 -3.4e+38 -3.4e+38 138 149 152 142 148 139 144 146 147 149 152 154 156 152 148 149 151 152 154 153 153 154 154 155 157 162 160 159 160 158 157 160 158 152 152 166 165 165 163 157 153 153 155 153 154 156 159 156 154 157 153 149 150 148
-3.4e+38 -3.4e+38 -3.4e+38 -3.4e+38 -3.4e+38 -3.4e+38 -3.4e+38 -3.4e+38 -3.4e+38 -3.4e+38 -3.4e+38 -3.4e+38 -3.4e+38 -3.4e+38 -3.4e+38 142 143 148 141 145 139 150 147 146 144 148 153 153 147 147 149 147 149 150 150 152 151 155 157 160 162 161 161 160 160 159 155 154 155 154 164 167 168 161 149 150 148 147 150 154 160 161 153 149 136 139 146 143 142
-3.4e+38 -3.4e+38 -3.4e+38 -3.4e+38 -3.4e+38 -3.4e+38 -3.4e+38 -3.4e+38 -3.4e+38 -3.4e+38 -3.4e+38 -3.4e+38 -3.4e+38 -3.4e+38 -3.4e+38 -3.4e+38 144 147 148 140 152 154 145 144 143 148 149 150 147 145 148 147 146 146 149 152 153 155 157 160 162 164 164 164 162 159 156 152 152 155 154 164 165 159 156 147 145 146 147 148 159 158 156 144 134 138 139 139 135
