EcoCrop/data/climate/tmin_10.asc
NCOLS 660 
NROWS 360 
XLLCORNER -20 
YLLCORNER -30 
CELLSIZE 0.1666667 
NODATA_value -3.4e+38 
[rows 180 to 209 of 360, columns 207 to 275 of 660]
198 195 199 201 199 201 203 203 202 204 204 205 205 205 205 205 206 207 206 206 205 206 206 205 205 203 200 200 201 204 207 209 211 212 211 209 206 203 202 198 196 196 195 194 195 197 195 196 192 192 194 193 193 192 194 196 198 197 196 196 195 193 197 197 197 199 198 196 196
197 196 198 199 201 201 202 202 203 204 205 205 206 206 206 206 207 207 206 206 206 206 206 205 204 201 203 203 205 206 209 211 214 216 214 212 207 205 203 200 199 196 193 193 192 193 192 192 192 190 192 194 194 195 195 195 196 198 196 194 192 194 197 198 196 196 198 197 195
199 198 201 200 203 204 205 205 205 205 206 206 207 207 208 207 208 208 207 207 207 205 205 203 204 204 201 204 205 208 209 211 214 217 214 210 207 204 200 197 197 195 196 195 194 193 192 193 194 194 195 194 195 195 195 193 195 195 197 196 194 196 196 197 196 199 194 195 195
197 202 201 203 203 205 203 203 205 206 206 207 209 208 208 210 209 209 208 208 206 206 205 204 202 203 203 204 205 207 209 210 211 214 212 208 205 201 201 198 195 193 192 194 195 195 194 194 193 196 195 194 195 195 194 194 194 195 196 196 197 196 196 196 196 199 197 194 196
198 202 202 201 204 203 205 205 206 206 207 207 210 210 210 212 212 211 210 209 206 206 205 204 204 203 203 205 206 206 209 210 209 209 210 207 203 199 199 198 196 194 192 192 191 193 193 195 196 195 194 195 193 194 193 192 193 192 195 196 195 196 196 197 196 197 196 197 195
199 201 199 203 202 206 206 206 207 207 209 208 209 210 210 212 212 212 211 209 209 209 206 205 204 204 204 203 206 207 208 208 208 208 207 204 203 200 196 195 194 192 193 194 192 193 191 192 194 194 195 194 193 193 191 192 192 191 194 194 197 197 197 196 196 197 197 196 196
203 198 201 202 206 204 206 206 207 207 208 209 210 212 213 214 213 213 211 209 209 209 208 206 207 206 206 205 205 206 206 207 206 205 203 202 201 199 198 196 193 192 192 194 192 191 191 192 193 193 193 195 194 195 193 190 193 190 192 192 195 196 196 196 195 196 196 195 195
195 199 198 206 206 206 202 203 206 207 209 210 211 213 214 212 212 213 212 212 211 210 209 209 207 208 207 206 206 206 205 205 203 201 201 198 196 198 197 195 195 194 191 192 195 192 192 191 189 192 192 193 194 191 193 192 192 191 193 190 193 195 197 196 196 196 196 198 193
200 201 204 209 202 205 204 204 205 208 210 210 212 212 212 209 211 212 213 213 214 212 211 210 209 210 208 207 207 206 204 204 204 201 198 198 195 194 197 194 195 192 191 192 191 193 194 194 194 193 193 192 194 192 193 193 192 192 195 191 189 195 196 197 197 196 196 196 195
204 211 207 207 206 201 202 203 204 209 210 210 212 212 213 211 209 212 213 213 215 214 215 214 212 210 210 207 208 205 203 203 202 200 198 197 195 195 195 194 192 192 192 193 191 191 190 196 191 195 195 193 191 190 192 195 192 191 193 193 195 196 196 197 196 196 196 195 195
200 204 210 203 203 199 203 200 202 208 211 211 211 212 212 210 209 211 213 213 215 217 217 215 213 211 210 209 208 206 205 203 202 201 199 196 196 195 194 193 192 190 194 192 191 190 191 194 195 192 191 192 194 191 193 193 193 195 194 191 191 187 196 198 197 196 196 197 195
204 200 204 203 202 202 210 202 208 207 210 210 211 211 210 208 208 211 213 214 214 217 218 216 213 213 210 209 208 206 205 202 201 198 198 197 192 196 196 194 194 191 192 191 190 192 193 195 194 196 194 195 193 192 194 194 195 195 191 192 195 194 196 198 197 197 197 198 196
194 202 213 192 205 209 193 203 200 205 210 208 210 210 211 209 210 213 213 213 215 216 218 215 214 213 211 211 209 206 206 203 201 199 200 194 194 194 194 196 193 190 189 190 188 191 192 192 191 195 196 197 192 197 195 195 194 193 198 196 190 186 198 198 200 198 198 198 197
197 208 196 208 193 193 197 201 208 210 210 208 208 207 208 208 211 212 212 214 213 214 215 216 214 212 210 209 209 207 206 204 201 200 198 197 196 195 194 193 195 194 194 190 192 190 193 192 192 194 194 193 196 195 195 193 195 195 196 193 192 195 197 199 199 198 199 197 198
188 187 190 192 193 194 193 197 206 204 207 205 202 207 207 209 210 211 213 213 213 212 214 213 211 212 210 209 208 207 206 204 203 200 199 198 199 195 192 195 195 190 186 189 186 188 192 190 189 194 195 193 194 197 195 192 194 193 196 195 198 197 198 201 199 199 199 199 198
206 216 195 196 195 200 194 191 197 204 208 198 204 205 208 209 211 211 210 212 211 212 214 211 212 211 208 209 208 207 205 204 204 201 201 198 196 195 193 193 193 191 192 192 187 189 186 193 190 194 195 195 195 197 195 197 193 193 195 192 199 197 199 201 200 200 200 201 199
187 201 221 204 190 192 198 204 200 198 204 199 204 204 206 210 212 211 211 211 212 211 210 211 210 208 208 206 207 205 204 204 202 201 201 198 198 197 194 192 192 191 190 194 192 192 188 185 190 190 192 193 193 196 195 198 196 197 197 195 200 198 200 201 201 201 201 201 202
216 208 218 221 217 191 211 201 203 201 200 199 205 204 209 208 209 211 209 208 210 209 210 210 208 207 206 205 205 205 202 200 200 199 199 199 196 194 194 194 193 187 192 192 189 186 188 190 188 185 188 191 194 195 194 198 194 198 196 193 197 199 200 201 200 201 202 203 203
194 204 209 197 218 214 200 191 192 197 204 210 211 211 212 213 210 209 208 207 206 207 206 208 209 208 205 204 206 203 203 202 202 200 198 195 196 190 196 195 193 193 191 191 187 190 192 191 191 191 191 191 191 192 193 195 198 199 195 194 197 198 200 202 201 201 202 203 204
200 206 196 199 192 209 189 191 195 206 205 198 204 208 211 212 214 214 210 209 205 207 207 207 206 207 208 206 204 204 204 203 201 203 199 200 200 198 199 194 194 189 190 195 192 191 193 188 193 185 189 190 198 195 199 195 196 193 196 194 196 201 201 202 202 202 203 203 205
207 210 196 196 185 187 190 192 193 196 207 201 203 207 206 211 212 212 210 210 210 209 210 206 202 205 204 206 206 206 206 206 205 201 205 203 202 199 199 198 197 195 195 197 190 191 189 195 196 194 197 196 197 191 196 197 195 196 198 198 195 198 202 203 202 203 202 203 203
206 204 214 208 186 189 194 204 193 212 201 194 200 208 207 210 211 209 210 210 207 206 207 208 208 207 203 205 205 206 205 203 201 201 200 199 197 197 199 194 195 197 193 197 193 195 192 189 187 191 193 189 192 193 199 197 196 199 198 198 196 203 201 201 201 201 201 202 201
202 210 210 198 186 188 190 192 204 197 194 197 194 204 206 208 211 209 207 207 207 206 205 204 206 205 206 207 205 205 199 200 199 196 202 196 197 194 197 193 193 193 195 187 188 189 193 187 182 185 186 193 191 195 195 198 197 197 199 200 200 203 199 201 201 201 202 202 202
201 202 207 190 196 188 190 190 215 191 194 193 196 201 205 206 208 205 205 205 206 206 205 204 203 204 205 203 204 205 203 202 201 198 196 195 197 190 196 196 195 191 187 195 192 190 191 191 192 190 191 195 194 192 195 196 196 199 194 198 199 202 200 200 201 201 201 200 200
207 203 213 211 204 213 200 198 211 195 198 193 198 205 201 204 202 202 201 203 205 203 206 201 201 201 205 205 204 207 206 207 201 200 199 202 199 202 202 194 194 194 195 190 195 192 192 192 194 196 193 198 196 197 195 198 196 196 196 198 200 203 200 200 201 202 200 201 200
206 209 210 212 212 213 214 190 191 192 195 191 192 200 196 203 203 200 197 202 203 197 199 204 202 200 202 204 202 205 203 198 198 205 199 205 200 199 201 196 194 196 193 194 194 192 192 193 192 194 195 201 197 198 197 199 198 196 194 195 198 199 200 199 199 200 200 202 201
208 208 202 209 196 212 207 196 196 191 192 192 192 199 204 204 204 198 196 199 199 198 199 201 198 204 200 199 206 201 202 205 205 205 200 192 205 198 191 199 195 194 184 194 194 193 192 192 190 194 194 195 199 198 195 195 197 196 196 196 198 198 199 202 198 200 199 201 201
201 200 207 207 204 210 204 188 195 190 190 191 194 205 200 205 204 193 203 198 198 200 198 201 201 204 201 201 207 195 204 207 205 205 202 204 203 205 197 199 198 194 194 189 193 192 197 196 195 193 195 197 198 199 193 195 196 194 198 199 195 196 201 200 197 201 200 201 202
202 201 205 199 205 207 209 199 188 190 197 193 193 202 200 204 198 196 202 197 201 195 199 196 199 205 203 202 200 193 195 203 201 204 200 202 199 199 198 194 199 191 192 190 194 194 197 196 195 196 191 196 201 196 196 202 196 196 196 198 198 194 200 200 197 198 199 200 201
206 199 201 202 198 203 201 186 190 188 195 189 190 205 202 197 194 200 198 199 198 199 196 193 201 203 199 199 195 193 193 193 193 199 201 200 198 191 200 196 200 195 190 191 194 192 197 194 190 195 192 196 200 200 200 199 195 194 194 196 198 192 197 197 196 192 200 201 203
