EcoCrop/data/climate/tmin_6.asc
NCOLS 660 
NROWS 360 
XLLCORNER -20 
YLLCORNER -30 
CELLSIZE 0.1666667 
NODATA_value -3.4e+38 
[rows 124 to 154 of 360, columns 69 to 137 of 660]
189 199 200 203 199 202 207 209 210 203 206 208 208 209 210 210 213 213 215 213 215 215 215 218 219 222 224 223 221 219 216 216 215 214 220 219 215 219 220 223 223 228 229 232 228 228 226 227 224 220 219 222 224 220 212 213 207 196 185 201 204 203 207 207 212 208 203 208 206
190 197 197 201 203 204 206 211 210 206 207 207 208 207 210 212 210 212 215 214 214 218 216 216 220 220 221 224 223 222 213 214 216 216 221 219 213 219 217 221 222 225 229 229 231 229 228 226 222 223 222 222 226 223 216 220 201 210 203 207 204 204 209 213 212 211 205 209 207
173 190 190 195 181 204 205 209 209 206 207 209 212 210 209 210 212 211 215 210 215 217 213 216 217 219 218 223 220 216 210 214 216 208 219 220 218 218 217 218 216 225 230 229 229 226 229 227 225 225 222 223 221 221 223 216 213 207 207 208 205 206 210 212 218 215 209 210 206
189 184 191 196 203 202 206 207 208 206 208 210 212 209 210 210 214 214 215 212 214 218 214 211 220 220 218 222 222 220 214 214 209 215 217 219 220 220 223 228 224 227 230 228 227 227 224 225 224 221 223 219 226 222 221 185 198 209 213 210 209 209 211 213 215 217 210 213 206
190 194 196 196 198 199 204 208 205 204 207 210 211 210 209 210 212 217 212 216 218 219 212 208 219 218 218 223 218 218 220 214 209 212 219 218 223 220 225 228 228 229 228 227 228 229 228 224 226 226 222 226 223 222 217 198 206 211 214 210 210 209 213 215 216 216 211 213 207
179 189 192 195 198 202 202 207 207 205 206 206 212 209 210 213 212 218 217 217 216 220 212 211 218 220 220 221 218 213 210 215 208 213 215 220 222 222 227 229 224 226 226 228 225 226 228 226 222 224 222 228 224 224 213 194 207 210 215 210 212 211 213 215 217 216 211 212 207
187 189 192 191 192 198 199 204 208 202 208 208 210 209 213 210 213 213 217 215 215 219 214 218 217 217 218 221 218 219 217 214 211 204 214 214 215 225 224 228 229 224 225 226 227 225 227 228 228 227 221 224 225 220 191 186 198 208 216 213 215 213 214 213 217 215 214 214 208
186 188 191 193 194 198 199 204 208 205 208 209 207 209 212 212 214 218 219 217 217 220 221 217 221 222 221 221 219 219 218 219 214 190 213 214 215 224 225 224 219 212 214 223 224 227 228 224 226 229 226 228 227 192 186 193 210 209 217 216 212 214 214 215 216 216 212 214 211
183 185 187 189 193 197 198 199 210 205 204 208 210 213 212 214 216 221 220 218 218 218 221 220 220 223 221 222 219 221 222 218 216 219 216 214 216 217 221 214 204 217 221 225 224 224 224 224 225 227 225 227 228 195 214 197 212 214 216 213 212 216 215 215 214 217 217 213 213
180 190 185 186 190 187 188 194 209 208 206 206 207 212 213 214 220 219 218 216 212 216 217 220 222 220 220 220 223 219 219 218 219 217 218 215 216 217 212 195 213 216 224 221 223 222 221 223 224 224 227 226 228 206 215 195 191 212 215 212 212 214 217 215 216 216 217 215 214
164 190 171 168 186 177 196 205 208 207 208 207 210 212 217 214 217 218 219 216 214 218 220 221 223 222 221 220 220 223 220 218 219 217 213 213 217 220 203 200 214 220 223 220 221 222 221 224 224 223 223 227 227 209 218 193 197 212 216 216 213 215 216 219 217 218 216 214 215
191 193 175 173 192 199 203 207 208 208 208 207 212 210 216 212 220 217 219 217 216 219 218 221 222 222 219 218 219 223 218 220 219 216 210 213 213 215 207 205 217 217 217 219 222 221 219 221 216 221 224 227 228 222 217 182 214 217 217 217 213 216 217 218 221 222 218 212 213
195 197 197 200 203 205 208 204 211 206 210 210 210 209 216 217 217 214 215 215 214 220 216 223 221 220 216 216 222 223 220 218 216 216 216 211 213 215 210 212 208 202 215 221 217 219 220 217 220 222 224 219 227 195 212 171 206 215 217 220 217 217 219 215 223 223 221 218 220
197 201 202 203 204 207 206 187 211 207 209 210 210 211 213 216 218 215 213 213 216 220 221 223 221 222 220 218 219 223 219 219 217 216 219 211 215 215 214 201 207 203 185 208 222 220 220 218 219 220 220 225 227 223 217 215 216 216 216 217 220 219 220 223 225 225 222 222 222
203 204 204 203 206 208 207 208 211 210 212 212 211 212 210 217 220 218 213 212 216 218 222 223 225 221 216 221 223 218 217 219 216 221 217 218 218 221 213 213 216 211 201 194 216 222 223 220 220 213 222 221 221 222 206 214 217 217 219 219 222 218 223 225 225 226 215 220 224
204 203 204 206 209 211 208 210 212 211 212 212 213 212 214 213 216 216 216 213 212 220 223 223 226 222 220 220 220 220 217 219 216 219 218 219 219 216 189 219 220 219 213 220 202 207 220 223 221 221 221 221 212 216 216 222 220 218 220 218 224 223 224 220 223 229 222 222 227
201 205 206 208 209 211 211 211 213 213 214 213 215 214 214 213 216 214 216 205 218 221 226 224 223 220 222 221 221 219 219 221 217 220 219 215 220 214 216 197 214 220 215 220 220 216 187 195 189 220 220 221 211 218 224 224 223 219 221 217 223 226 223 225 225 231 229 231 230
207 207 211 214 213 211 213 213 215 214 214 215 216 215 218 215 213 216 219 218 220 221 224 225 222 222 223 221 220 224 222 222 221 206 221 220 223 216 210 213 212 219 195 218 221 211 213 211 187 208 208 217 220 225 224 225 221 223 218 224 222 229 231 229 231 231 233 234 234
210 212 216 218 215 213 214 212 215 215 217 216 216 216 220 217 216 216 215 219 222 225 227 224 223 226 224 223 223 221 223 222 222 223 223 226 218 219 213 216 214 208 220 225 223 215 214 177 210 197 216 224 224 227 226 227 226 222 225 227 228 -3.4e+38 -3.4e+38 -3.4e+38 -3.4e+38 -3.4e+38 -3.4e+38 -3.4e+38 -3.4e+38
215 221 221 220 218 216 217 214 214 216 217 216 217 219 218 219 217 218 218 219 222 227 229 225 224 226 225 222 224 223 226 225 225 225 213 228 224 222 219 212 203 217 221 226 219 216 215 202 209 207 204 222 227 229 230 231 230 230 -3.4e+38 -3.4e+38 -3.4e+38 -3.4e+38 -3.4e+38 -3.4e+38 -3.4e+38 -3.4e+38 -3.4e+38 -3.4e+38 -3.4e+38
213 220 223 221 220 218 218 218 215 217 219 218 219 218 220 217 216 219 222 221 226 227 229 225 227 229 225 225 226 223 224 226 225 225 225 220 227 224 223 216 210 222 226 227 224 222 215 218 222 216 202 225 227 229 233 234 234 -3.4e+38 -3.4e+38 -3.4e+38 -3.4e+38 -3.4e+38 -3.4e+38 -3.4e+38 -3.4e+38 -3.4e+38 -3.4e+38 -3.4e+38 -3.4e+38
215 216 220 223 221 218 218 218 216 217 217 222 221 221 221 219 219 217 222 226 227 226 230 225 224 228 224 226 222 224 223 225 222 219 227 232 226 227 230 225 218 225 223 222 221 218 221 223 226 223 227 230 -3.4e+38 -3.4e+38 -3.4e+38 -3.4e+38 -3.4e+38 -3.4e+38 -3.4e+38 -3.4e+38 -3.4e+38 -3.4e+38 -3.4e+38 -3.4e+38 -3.4e+38 -3.4e+38 -3.4e+38 -3.4e+38 -3.4e+38
213 209 214 218 217 219 220 218 217 218 216 222 222 223 213 219 222 220 224 228 230 231 230 224 227 228 224 226 223 227 226 226 227 223 229 231 226 230 230 223 222 226 222 223 224 228 228 226 230 229 -3.4e+38 -3.4e+38 -3.4e+38 -3.4e+38 -3.4e+38 -3.4e+38 -3.4e+38 -3.4e+38 -3.4e+38 -3.4e+38 -3.4e+38 -3.4e+38 -3.4e+38 -3.4e+38 -3.4e+38 -3.4e+38 -3.4e+38 -3.4e+38 -3.4e+38
208 209 211 213 215 218 219 218 218 216 220 221 223 221 220 220 220 224 230 231 232 229 231 228 228 228 223 225 225 223 221 228 229 230 231 231 224 225 230 222 224 227 220 224 229 228 229 231 -3.4e+38 -3.4e+38 -3.4e+38 -3.4e+38 -3.4e+38 -3.4e+38 -3.4e+38 -3.4e+38 -3.4e+38 -3.4e+38 -3.4e+38 -3.4e+38 -3.4e+38 -3.4e+38 -3.4e+38 -3.4e+38 -3.4e+38 -3.4e+38 -3.4e+38 -3.4e+38 -3.4e+38
209 210 208 208 212 217 220 216 215 218 223 222 222 225 223 225 224 227 230 232 232 232 231 231 231 229 228 228 227 225 223 227 224 227 233 227 227 229 229 224 223 225 223 227 228 230 -3.4e+38 -3.4e+38 -3.4e+38 -3.4e+38 -3.4e+38 -3.4e+38 -3.4e+38 -3.4e+38 -3.4e+38 -3.4e+38 -3.4e+38 -3.4e+38 -3.4e+38 -3.4e+38 -3.4e+38 -3.4e+38 -3.4e+38 -3.4e+38 -3.4e+38 -3.4e+38 -3.4e+38 -3.4e+38 -3.4e+38
205 206 207 206 208 217 218 215 216 218 224 226 222 224 226 226 226 229 -3.4e+38 -3.4e+38 -3.4e+38 -3.4e+38 -3.4e+38 -3.4e+38 -3.4e+38 -3.4e+38 -3.4e+38 -3.4e+38 -3.4e+38 -3.4e+38 -3.4e+38 -3.4e+38 -3.4e+38 233 233 232 230 231 225 224 225 228 230 -3.4e+38 -3.4e+38 -3.4e+38 -3.4e+38 -3.4e+38 -3.4e+38 -3.4e+38 -3.4e+38 -3.4e+38 -3.4e+38 -3.4e+38 -3.4e+38 -3.4e+38 -3.4e+38 -3.4e+38 -3.4e+38 -3.4e+38 -3.4e+38 -3.4e+38 -3.4e+38 -3.4e+38 -3.4e+38 -3.4e+38 -3.4e+38 -3.4e+38 -3.4e+38
205 205 202 205 208 215 218 213 217 225 227 226 225 222 -3.4e+38 -3.4e+38 -3.4e+38 -3.4e+38 -3.4e+38 -3.4e+38 -3.4e+38 -3.4e+38 -3.4e+38 -3.4e+38 -3.4e+38 -3.4e+38 -3.4e+38 -3.4e+38 -3.4e+38 -3.4e+38 -3.4e+38 -3.4e+38 -3.4e+38 -3.4e+38 -3.4e+38 -3.4e+38 -3.4e+38 231 229 228 228 -3.4e+38 -3.4e+38 -3.4e+38 -3.4e+38 -3.4e+38 -3.4e+38 -3.4e+38 -3.4e+38 -3.4e+38 -3.4e+38 -3.4e+38 -3.4e+38 -3.4e+38 -3.4e+38 -3.4e+38 -3.4e+38 -3.4e+38 -3.4e+38 -3.4e+38 -3.4e+38 -3.4e+38 -3.4e+38 -3.4e+38 -3.4e+38 -3.4e+38 -3.4e+38 -3.4e+38 -3.4e+38
203 203 200 205 205 213 216 216 223 226 227 -3.4e+38 -3.4e+38 -3.4e+38 -3.4e+38 -3.4e+38 -3.4e+38 -3.4e+38 -3.4e+38 -3.4e+38 -3.4e+38 -3.4e+38 -3.4e+38 -3.4e+38 -3.4e+38 -3.4e+38 -3.4e+38 -3.4e+38 -3.4e+38 -3.4e+38 -3.4e+38 -3.4e+38 -3.4e+38 -3.4e+38 -3.4e+38 -3.4e+38 -3.4e+38 -3.4e+38 231 -3.4e+38 -3.4e+38 -3.4e+38 -3.4e+38 -3.4e+38 -3.4e+38 -3.4e+38 -3.4e+38 -3.4e+38 -3.4e+38 -3.4e+38 -3.4e+38 -3.4e+38 -3.4e+38 -3.4e+38 -3.4e+38 -3.4e+38 -3.4e+38 -3.4e+38 -3.4e+38 -3.4e+38 -3.4e+38 -3.4e+38 -3.4e+38 -3.4e+38 -3.4e+38 -3.4e+38 -3.4e+38 -3.4e+38 -3.4e+38
-3.4e+38 -3.4e+38 200 200 205 213 220 224 226 -3.4e+38 -3.4e+38 -3.4e+38 -3.4e+38 -3.4e+38 -3.4e+38 -3.4e+38 -3.4e+38 -3.4e+38 -3.4e+38 -3.4e+38 -3.4e+38 -3.4e+38 -3.4e+38 -3.4e+38 -3.4e+38 -3.4e+38 -3.4e+38 -3.4e+38 -3.4e+38 -3.4e+38 -3.4e+38 -3.4e+38 -3.4e+38 -3.4e+38 -3.4e+38 -3.4e+38 -3.4e+38 -3.4e+38 -3.4e+38 -3.4e+38 -3.4e+38 -3.4e+38 -3.4e+38 -3.4e+38 -3.4e+38 -3.4e+38 -3.4e+38 -3.4e+38 -3.4e+38 -3.4e+38 -3.4e+38 -3.4e+38 -3.4e+38 -3.4e+38 -3.4e+38 -3.4e+38 -3.4e+38 -3.4e+38 -3.4e+38 -3.4e+38 -3.4e+38 -3.4e+38 -3.4e+38 -3.4e+38 -3.4e+38 -3.4e+38 -3.4e+38 -3.4e+38 -3.4e+38
-3.4e+38 -3.4e+38 -3.4e+38 -3.4e+38 205 214 222 -3.4e+38 -3.4e+38 -3.4e+38 -3.4e+38 -3.4e+38 -3.4e+38 -3.4e+38 -3.4e+38 -3.4e+38 -3.4e+38 -3.4e+38 -3.4e+38 -3.4e+38 -3.4e+38 -3.4e+38 -3.4e+38 -3.4e+38 -3.4e+38 -3.4e+38 -3.4e+38 -3.4e+38 -3.4e+38 -3.4e+38 -3.4e+38 -3.4e+38 -3.4e+38 -3.4e+38 -3.4e+38 -3.4e+38 -3.4e+38 -3.4e+38 -3.4e+38 -3.4e+38 -3.4e+38 -3.4e+38 -3.4e+38 -3.4e+38 -3.4e+38 -3.4e+38 -3.4e+38 -3.4e+38 -3.4e+38 -3.4e+38 -3.4e+38 -3.4e+38 -3.4e+38 -3.4e+38 -3.4e+38 -3.4e+38 -3.4e+38 -3.4e+38 -3.4e+38 -3.4e+38 -3.4e+38 -3.4e+38 -3.4e+38 -3.4e+38 -3.4e+38 -3.4e+38 -3.4e+38 -3.4e+38 -3.4e+38
-3.4e+38 -3.4e+38 -3.4e+38 -3.4e+38 -3.4e+38 -3.4e+38 -3.4e+38 -3.4e+38 -3.4e+38 -3.4e+38 -3.4e+38 -3.4e+38 -3.4e+38 -3.4e+38 -3.4e+38 -3.4e+38 -3.4e+38 -3.4e+38 -3.4e+38 -3.4e+38 -3.4e+38 -3.4e+38 -3.4e+38 -3.4e+38 -3.4e+38 -3.4e+38 -3.4e+38 -3.4e+38 -3.4e+38 -3.4e+38 -3.4e+38 -3.4e+38 -3.4e+38 -3.4e+38 -3.4e+38 -3.4e+38 -3.4e+38 -3.4e+38 -3.4e+38 -3.4e+38 -3.4e+38 -3.4e+38 -3.4e+38 -3.4e+38 -3.4e+38 -3.4e+38 -3.4e+38 -3.4e+38 -3.4e+38 -3.4e+38 -3.4e+38 -3.4e+38 -3.4e+38 -3.4e+38 -3.4e+38 -3.4e+38 -3.4e+38 -3.4e+38 -3.4e+38 -3.4e+38 -3.4e+38 -3.4e+38 -3.4e+38 -3.4e+38 -3.4e+38 -3.4e+38 -3.4e+38 -3.4e+38 -3.4e+38
