EcoCrop/data/climate/tmin_4.asc
NCOLS 660 
NROWS 360 
XLLCORNER -20 
YLLCORNER -30 
CELLSIZE 0.1666667 
NODATA_value -3.4e+38 
[rows 30 to 59 of 360, columns 0 to 68 of 660]
-3.4e+38 -3.4e+38 -3.4e+38 -3.4e+38 -3.4e+38 -3.4e+38 -3.4e+38 -3.4e+38 -3.4e+38 -3.4e+38 -3.4e+38 -3.4e+38 -3.4e+38 -3.4e+38 -3.4e+38 -3.4e+38 -3.4e+38 -3.4e+38 -3.4e+38 -3.4e+38 -3.4e+38 -3.4e+38 -3.4e+38 -3.4e+38 -3.4e+38 -3.4e+38 -3.4e+38 -3.4e+38 -3.4e+38 -3.4e+38 -3.4e+38 148 149 148 147 145 143 142 143 145 146 145 144 142 142 141 140 141 142 142 143 144 145 145 148 147 150 149 150 151 151 153 153 154 154 154 155 156 157
-3.4e+38 -3.4e+38 -3.4e+38 -3.4e+38 -3.4e+38 -3.4e+38 -3.4e+38 -3.4e+38 -3.4e+38 -3.4e+38 -3.4e+38 -3.4e+38 -3.4e+38 -3.4e+38 -3.4e+38 -3.4e+38 -3.4e+38 -3.4e+38 -3.4e+38 -3.4e+38 -3.4e+38 -3.4e+38 -3.4e+38 -3.4e+38 -3.4e+38 -3.4e+38 -3.4e+38 -3.4e+38 -3.4e+38 -3.4e+38 -3.4e+38 149 148 148 145 145 144 143 144 145 146 146 146 147 145 145 144 144 145 146 147 146 147 148 148 150 151 151 152 153 153 155 155 156 157 157 158 158 158
-3.4e+38 -3.4e+38 -3.4e+38 -3.4e+38 -3.4e+38 -3.4e+38 -3.4e+38 -3.4e+38 -3.4e+38 -3.4e+38 -3.4e+38 -3.4e+38 -3.4e+38 -3.4e+38 -3.4e+38 -3.4e+38 -3.4e+38 -3.4e+38 -3.4e+38 -3.4e+38 -3.4e+38 -3.4e+38 -3.4e+38 -3.4e+38 -3.4e+38 -3.4e+38 -3.4e+38 -3.4e+38 -3.4e+38 -3.4e+38 151 150 149 148 147 145 144 142 142 144 145 147 149 147 148 147 147 148 148 148 149 150 149 150 151 152 153 154 154 154 155 156 158 158 159 159 160 160 160
-3.4e+38 -3.4e+38 -3.4e+38 -3.4e+38 -3.4e+38 -3.4e+38 -3.4e+38 -3.4e+38 -3.4e+38 -3.4e+38 -3.4e+38 -3.4e+38 -3.4e+38 -3.4e+38 -3.4e+38 -3.4e+38 -3.4e+38 -3.4e+38 -3.4e+38 -3.4e+38 -3.4e+38 -3.4e+38 -3.4e+38 -3.4e+38 -3.4e+38 -3.4e+38 -3.4e+38 -3.4e+38 -3.4e+38 155 149 151 149 147 147 145 143 144 142 142 143 146 151 151 149 150 151 151 152 154 154 154 154 155 155 155 155 156 156 157 158 158 159 159 161 162 162 162 162
-3.4e+38 -3.4e+38 -3.4e+38 -3.4e+38 -3.4e+38 -3.4e+38 -3.4e+38 -3.4e+38 -3.4e+38 -3.4e+38 -3.4e+38 -3.4e+38 -3.4e+38 -3.4e+38 -3.4e+38 -3.4e+38 -3.4e+38 -3.4e+38 -3.4e+38 -3.4e+38 -3.4e+38 -3.4e+38 -3.4e+38 -3.4e+38 -3.4e+38 -3.4e+38 -3.4e+38 -3.4e+38 155 154 148 150 149 147 146 144 145 145 142 145 146 149 152 154 152 153 154 155 155 154 155 156 157 156 156 158 158 159 159 161 161 161 162 162 164 164 164 164 164
-3.4e+38 -3.4e+38 -3.4e+38 -3.4e+38 -3.4e+38 -3.4e+38 -3.4e+38 -3.4e+38 -3.4e+38 -3.4e+38 -3.4e+38 -3.4e+38 -3.4e+38 -3.4e+38 -3.4e+38 -3.4e+38 -3.4e+38 -3.4e+38 -3.4e+38 -3.4e+38 -3.4e+38 -3.4e+38 -3.4e+38 -3.4e+38 -3.4e+38 -3.4e+38 -3.4e+38 154 154 152 150 150 150 148 146 146 146 147 148 149 146 144 153 155 155 156 154 155 155 157 159 156 157 160 159 160 161 161 162 162 163 164 164 164 165 166 166 166 166
-3.4e+38 -3.4e+38 -3.4e+38 -3.4e+38 -3.4e+38 -3.4e+38 -3.4e+38 -3.4e+38 -3.4e+38 -3.4e+38 -3.4e+38 -3.4e+38 -3.4e+38 -3.4e+38 -3.4e+38 -3.4e+38 -3.4e+38 -3.4e+38 -3.4e+38 -3.4e+38 -3.4e+38 -3.4e+38 -3.4e+38 -3.4e+38 -3.4e+38 156 154 154 154 148 149 149 151 150 149 145 143 146 149 151 153 152 155 156 156 156 156 156 157 157 159 161 159 161 162 163 164 163 163 164 165 167 166 166 167 168 169 168 168
-3.4e+38 -3.4e+38 -3.4e+38 -3.4e+38 -3.4e+38 -3.4e+38 -3.4e+38 -3.4e+38 -3.4e+38 -3.4e+38 -3.4e+38 -3.4e+38 -3.4e+38 -3.4e+38 -3.4e+38 -3.4e+38 -3.4e+38 -3.4e+38 -3.4e+38 -3.4e+38 -3.4e+38 -3.4e+38 -3.4e+38 -3.4e+38 156 155 153 153 150 148 148 147 146 151 147 146 147 147 149 150 151 153 157 157 156 156 157 158 158 159 160 160 162 163 164 163 163 165 165 166 168 168 168 169 169 170 171 170 170
-3.4e+38 -3.4e+38 -3.4e+38 -3.4e+38 -3.4e+38 -3.4e+38 -3.4e+38 -3.4e+38 -3.4e+38 -3.4e+38 -3.4e+38 -3.4e+38 -3.4e+38 -3.4e+38 -3.4e+38 -3.4e+38 -3.4e+38 -3.4e+38 -3.4e+38 -3.4e+38 -3.4e+38 -3.4e+38 -3.4e+38 -3.4e+38 -3.4e+38 153 154 150 150 149 147 145 148 152 150 149 149 147 148 149 153 156 157 159 159 158 158 159 159 160 161 162 164 164 166 166 166 167 167 167 168 171 171 170 171 173 173 172 171
-3.4e+38 -3.4e+38 -3.4e+38 -3.4e+38 -3.4e+38 -3.4e+38 -3.4e+38 -3.4e+38 -3.4e+38 -3.4e+38 -3.4e+38 -3.4e+38 -3.4e+38 -3.4e+38 -3.4e+38 -3.4e+38 -3.4e+38 -3.4e+38 -3.4e+38 -3.4e+38 -3.4e+38 -3.4e+38 -3.4e+38 -3.4e+38 154 154 151 153 149 147 148 149 151 153 153 152 151 151 150 151 154 157 157 159 162 160 160 159 160 161 162 165 166 166 167 167 167 167 169 169 169 170 173 172 173 173 175 174 173
-3.4e+38 -3.4e+38 -3.4e+38 -3.4e+38 -3.4e+38 -3.4e+38 -3.4e+38 -3.4e+38 -3.4e+38 -3.4e+38 -3.4e+38 -3.4e+38 -3.4e+38 -3.4e+38 -3.4e+38 -3.4e+38 -3.4e+38 -3.4e+38 -3.4e+38 -3.4e+38 -3.4e+38 -3.4e+38 -3.4e+38 154 156 151 149 149 152 153 152 153 151 154 154 153 153 154 154 155 155 158 161 162 164 163 162 161 163 164 165 166 168 168 168 169 170 170 170 172 173 172 174 175 175 176 175 175 176
-3.4e+38 -3.4e+38 -3.4e+38 -3.4e+38 -3.4e+38 -3.4e+38 -3.4e+38 -3.4e+38 -3.4e+38 -3.4e+38 -3.4e+38 -3.4e+38 -3.4e+38 -3.4e+38 -3.4e+38 -3.4e+38 -3.4e+38 -3.4e+38 -3.4e+38 -3.4e+38 -3.4e+38 -3.4e+38 -3.4e+38 154 153 151 149 148 151 152 153 152 153 153 150 156 156 156 156 157 157 160 161 164 164 164 162 162 163 165 166 169 170 170 171 170 171 172 172 172 174 174 175 176 176 177 176 176 176
-3.4e+38 -3.4e+38 -3.4e+38 -3.4e+38 -3.4e+38 -3.4e+38 -3.4e+38 -3.4e+38 -3.4e+38 -3.4e+38 -3.4e+38 -3.4e+38 -3.4e+38 -3.4e+38 -3.4e+38 -3.4e+38 -3.4e+38 -3.4e+38 -3.4e+38 -3.4e+38 -3.4e+38 -3.4e+38 -3.4e+38 154 150 151 150 150 151 153 152 150 153 152 155 156 156 156 157 158 159 162 165 165 166 166 166 164 166 167 169 169 169 171 172 172 173 172 173 174 175 176 177 177 178 177 177 177 177
-3.4e+38 -3.4e+38 -3.4e+38 -3.4e+38 -3.4e+38 -3.4e+38 -3.4e+38 -3.4e+38 -3.4e+38 -3.4e+38 -3.4e+38 -3.4e+38 -3.4e+38 -3.4e+38 -3.4e+38 -3.4e+38 -3.4e+38 -3.4e+38 -3.4e+38 -3.4e+38 -3.4e+38 -3.4e+38 155 151 150 150 149 149 151 155 154 153 153 152 155 158 159 159 160 160 162 164 168 166 167 166 165 167 167 169 171 172 173 172 173 173 173 175 175 175 176 178 178 178 180 181 179 178 180
-3.4e+38 -3.4e+38 -3.4e+38 -3.4e+38 -3.4e+38 -3.4e+38 -3.4e+38 -3.4e+38 -3.4e+38 -3.4e+38 -3.4e+38 -3.4e+38 -3.4e+38 -3.4e+38 -3.4e+38 -3.4e+38 -3.4e+38 -3.4e+38 -3.4e+38 -3.4e+38 -3.4e+38 -3.4e+38 154 150 150 149 149 149 151 153 154 153 156 156 153 160 160 161 163 163 164 167 168 170 168 165 169 169 171 171 173 171 171 172 173 175 176 177 176 177 178 178 179 180 181 181 180 181 181
-3.4e+38 -3.4e+38 -3.4e+38 -3.4e+38 -3.4e+38 -3.4e+38 -3.4e+38 -3.4e+38 -3.4e+38 -3.4e+38 -3.4e+38 -3.4e+38 -3.4e+38 -3.4e+38 -3.4e+38 -3.4e+38 -3.4e+38 -3.4e+38 -3.4e+38 -3.4e+38 -3.4e+38 155 152 150 150 151 153 154 153 152 154 156 159 158 159 163 163 165 164 166 166 166 169 170 170 171 172 173 175 172 174 174 175 176 175 176 176 176 177 176 179 180 180 180 180 182 184 184 181
-3.4e+38 -3.4e+38 -3.4e+38 -3.4e+38 -3.4e+38 -3.4e+38 -3.4e+38 -3.4e+38 -3.4e+38 -3.4e+38 -3.4e+38 -3.4e+38 -3.4e+38 -3.4e+38 -3.4e+38 -3.4e+38 -3.4e+38 -3.4e+38 -3.4e+38 -3.4e+38 155 154 152 150 150 153 154 153 152 155 156 160 159 159 162 164 166 166 167 168 167 167 169 169 170 172 175 174 173 173 178 177 176 176 175 176 176 177 177 179 179 181 180 181 181 182 184 184 184
-3.4e+38 -3.4e+38 -3.4e+38 -3.4e+38 -3.4e+38 -3.4e+38 -3.4e+38 -3.4e+38 -3.4e+38 -3.4e+38 -3.4e+38 -3.4e+38 -3.4e+38 -3.4e+38 -3.4e+38 -3.4e+38 -3.4e+38 -3.4e+38 -3.4e+38 152 154 154 152 152 152 153 154 154 155 157 159 162 161 162 165 167 168 167 168 171 171 171 170 170 172 175 174 177 174 174 175 175 175 176 175 177 177 178 178 179 179 181 180 183 182 183 183 184 184
-3.4e+38 -3.4e+38 -3.4e+38 -3.4e+38 -3.4e+38 -3.4e+38 -3.4e+38 -3.4e+38 -3.4e+38 -3.4e+38 -3.4e+38 -3.4e+38 -3.4e+38 -3.4e+38 -3.4e+38 -3.4e+38 -3.4e+38 -3.4e+38 -3.4e+38 152 152 152 152 152 154 154 155 154 156 158 162 161 162 165 168 167 168 170 172 172 172 172 171 170 174 177 177 168 174 176 175 176 176 176 176 178 177 178 179 180 180 181 183 183 183 184 184 184 186
-3.4e+38 -3.4e+38 -3.4e+38 -3.4e+38 -3.4e+38 -3.4e+38 -3.4e+38 -3.4e+38 -3.4e+38 -3.4e+38 -3.4e+38 -3.4e+38 -3.4e+38 -3.4e+38 -3.4e+38 -3.4e+38 -3.4e+38 -3.4e+38 150 152 152 153 154 153 156 157 156 159 160 161 163 164 165 167 169 169 171 173 173 173 173 174 175 172 175 175 176 174 176 177 176 176 175 176 176 177 179 177 179 180 180 182 184 183 183 185 185 184 186
-3.4e+38 -3.4e+38 -3.4e+38 -3.4e+38 -3.4e+38 -3.4e+38 -3.4e+38 -3.4e+38 -3.4e+38 -3.4e+38 -3.4e+38 -3.4e+38 -3.4e+38 -3.4e+38 -3.4e+38 -3.4e+38 -3.4e+38 -3.4e+38 149 152 153 153 153 154 155 157 159 160 161 162 165 166 168 169 171 171 173 175 175 176 176 177 176 174 175 176 173 176 177 178 177 176 175 176 178 183 176 179 181 182 183 184 185 185 186 187 187 187 188
-3.4e+38 -3.4e+38 -3.4e+38 -3.4e+38 -3.4e+38 -3.4e+38 -3.4e+38 -3.4e+38 -3.4e+38 -3.4e+38 -3.4e+38 -3.4e+38 -3.4e+38 -3.4e+38 -3.4e+38 -3.4e+38 -3.4e+38 -3.4e+38 150 151 153 154 153 154 155 157 160 162 162 165 167 170 171 172 172 173 175 177 178 178 179 180 176 176 176 179 176 177 182 182 165 170 172 171 173 176 180 182 183 184 185 186 186 186 187 188 188 189 190
-3.4e+38 -3.4e+38 -3.4e+38 -3.4e+38 -3.4e+38 -3.4e+38 -3.4e+38 -3.4e+38 -3.4e+38 -3.4e+38 -3.4e+38 -3.4e+38 -3.4e+38 -3.4e+38 -3.4e+38 -3.4e+38 -3.4e+38 -3.4e+38 -3.4e+38 151 152 154 154 154 157 159 160 163 166 168 170 171 172 173 173 177 178 180 179 180 180 180 173 176 175 173 177 184 171 168 167 180 183 175 178 181 182 184 185 186 186 187 188 189 189 190 190 190 190
-3.4e+38 -3.4e+38 -3.4e+38 -3.4e+38 -3.4e+38 -3.4e+38 -3.4e+38 -3.4e+38 -3.4e+38 -3.4e+38 -3.4e+38 -3.4e+38 -3.4e+38 -3.4e+38 -3.4e+38 -3.4e+38 -3.4e+38 -3.4e+38 -3.4e+38 151 153 154 155 157 158 160 162 166 167 169 171 172 175 176 177 178 181 181 182 181 182 170 172 176 176 178 184 186 174 173 176 182 185 178 182 184 185 186 187 188 188 189 189 190 190 191 192 191 193
-3.4e+38 -3.4e+38 -3.4e+38 -3.4e+38 -3.4e+38 -3.4e+38 -3.4e+38 -3.4e+38 -3.4e+38 -3.4e+38 -3.4e+38 -3.4e+38 -3.4e+38 -3.4e+38 -3.4e+38 -3.4e+38 -3.4e+38 -3.4e+38 -3.4e+38 151 153 155 156 157 160 162 165 167 170 172 173 175 177 177 180 183 182 183 184 182 185 165 176 175 179 183 186 172 173 173 181 179 183 183 186 186 187 187 189 189 190 191 191 191 192 193 193 194 194
-3.4e+38 -3.4e+38 -3.4e+38 -3.4e+38 -3.4e+38 -3.4e+38 -3.4e+38 -3.4e+38 -3.4e+38 -3.4e+38 -3.4e+38 -3.4e+38 -3.4e+38 -3.4e+38 -3.4e+38 -3.4e+38 -3.4e+38 -3.4e+38 -3.4e+38 -3.4e+38 154 156 159 160 162 164 167 168 171 174 176 178 180 181 183 184 184 184 187 185 185 181 178 179 183 185 171 175 179 181 183 183 184 186 187 189 189 190 189 191 193 192 193 192 194 194 195 195 196
-3.4e+38 -3.4e+38 -3.4e+38 -3.4e+38 -3.4e+38 -3.4e+38 -3.4e+38 -3.4e+38 -3.4e+38 -3.4e+38 -3.4e+38 -3.4e+38 -3.4e+38 -3.4e+38 -3.4e+38 -3.4e+38 -3.4e+38 -3.4e+38 -3.4e+38 -3.4e+38 -3.4e+38 -3.4e+38 160 162 163 166 168 171 174 174 177 181 182 184 185 186 187 188 189 188 189 180 184 173 185 171 176 181 182 183 185 186 187 188 189 190 191 191 192 194 194 193 194 195 195 196 196 197 197
-3.4e+38 -3.4e+38 -3.4e+38 -3.4e+38 -3.4e+38 -3.4e+38 -3.4e+38 -3.4e+38 -3.4e+38 -3.4e+38 -3.4e+38 -3.4e+38 -3.4e+38 -3.4e+38 -3.4e+38 -3.4e+38 -3.4e+38 -3.4e+38 -3.4e+38 -3.4e+38 -3.4e+38 -3.4e+38 162 163 165 167 170 172 175 177 180 183 184 187 188 189 190 192 192 192 192 186 164 169 172 177 179 183 185 187 188 189 190 191 191 192 193 194 194 195 194 195 196 196 197 196 198 198 200
-3.4e+38 -3.4e+38 -3.4e+38 -3.4e+38 -3.4e+38 -3.4e+38 -3.4e+38 -3.4e+38 -3.4e+38 -3.4e+38 -3.4e+38 -3.4e+38 -3.4e+38 -3.4e+38 -3.4e+38 -3.4e+38 -3.4e+38 -3.4e+38 -3.4e+38 -3.4e+38 -3.4e+38 -3.4e+38 -3.4e+38 166 167 170 172 175 177 180 183 185 186 188 191 193 194 193 195 195 194 175 181 175 175 177 180 186 188 190 190 192 191 192 194 194 194 195 196 196 197 197 197 198 198 200 200 201 200
-3.4e+38 -3.4e+38 -3.4e+38 -3.4e+38 -3.4e+38 -3.4e+38 -3.4e+38 -3.4e+38 -3.4e+38 -3.4e+38 -3.4e+38 -3.4e+38 -3.4e+38 -3.4e+38 -3.4e+38 -3.4e+38 -3.4e+38 -3.4e+38 -3.4e+38 -3.4e+38 -3.4e+38 -3.4e+38 -3.4e+38 166 169 171 174 177 181 181 184 186 189 194 196 195 197 196 198 197 186 190 185 180 184 185 186 191 193 194 195 195 192 194 195 196 197 196 197 197 198 199 200 200 201 201 203 202 204
