EcoCrop/data/climate/tmin_7.asc
NCOLS 660 
NROWS 360 
XLLCORNER -20 
YLLCORNER -30 
CELLSIZE 0.1666667 
NODATA_value -3.4e+38 
[rows 93 to 123 of 360, columns 276 to 344 of 660]
219 220 218 220 225 222 224 222 221 220 217 217 222 222 222 221 218 216 216 217 220 223 226 228 230 231 232 234 235 237 238 239 238 238 240 240 240 239 238 237 236 234 233 231 230 228 227 227 226 226 225 223 222 221 219 217 218 217 216 216 214 213 213 213 209 199 201 199 188
219 219 222 224 224 223 223 225 222 218 215 220 222 224 222 220 218 218 216 219 218 224 226 229 229 229 230 233 235 236 237 238 239 239 239 238 238 239 237 237 235 233 231 230 227 226 226 225 225 224 223 223 222 218 218 216 214 213 215 215 213 211 209 208 206 202 201 190 189
221 223 223 223 223 225 221 225 223 221 217 221 223 223 222 219 219 219 218 219 221 224 226 228 229 229 231 234 236 236 236 237 238 239 238 238 239 240 238 236 234 232 228 227 226 225 224 224 224 224 223 221 221 220 219 217 211 212 213 212 210 208 204 201 201 197 187 189 180
226 225 224 219 224 219 218 223 225 223 219 223 224 222 220 218 220 219 219 219 221 224 226 227 229 230 232 234 235 236 236 237 237 236 236 236 238 238 238 235 234 231 226 225 224 223 223 222 223 223 223 222 222 220 218 215 210 211 210 210 210 207 203 197 194 187 157 169 178
224 226 226 226 224 219 221 224 224 224 221 222 224 221 220 219 221 220 219 219 220 224 227 228 230 231 233 234 234 234 235 236 235 235 234 235 236 237 235 235 232 229 226 223 221 222 221 221 222 223 223 222 221 219 218 214 212 207 208 208 206 206 204 201 198 194 189 133 157
223 224 225 228 228 227 221 225 225 225 224 223 224 224 223 220 221 221 220 220 222 223 227 228 231 232 234 234 233 234 234 234 234 233 233 234 234 235 234 234 231 228 225 220 220 220 219 221 222 222 223 223 221 218 214 213 213 209 203 205 202 204 204 203 197 197 189 175 140
222 225 227 224 228 225 229 228 227 224 226 222 224 225 224 222 223 221 219 219 221 223 226 228 230 231 233 233 233 233 233 233 233 232 232 232 233 233 233 232 230 227 224 221 219 217 219 220 221 222 222 223 221 218 213 216 215 212 208 203 207 203 202 200 185 193 176 128 90
225 225 225 227 227 228 229 227 227 227 225 223 225 227 224 224 222 222 218 218 221 222 225 227 229 231 232 232 233 232 232 232 232 231 230 231 231 232 231 232 230 227 223 222 220 218 219 220 220 222 222 222 221 220 217 217 216 214 212 206 205 190 197 198 199 194 189 173 133
225 225 226 227 225 229 229 228 228 228 227 228 228 227 225 224 222 220 219 219 221 218 221 225 229 230 229 231 231 231 232 231 230 230 229 228 229 230 230 230 230 226 224 221 220 217 218 218 220 222 223 221 220 220 218 218 217 215 214 208 207 198 188 187 193 192 180 181 179
224 225 226 226 227 229 228 229 228 229 228 229 229 225 225 223 221 221 221 220 218 218 219 225 228 229 231 229 230 230 231 229 229 229 227 227 228 228 228 228 227 226 223 220 217 215 215 217 218 219 220 220 219 218 218 217 216 216 213 210 202 206 195 193 169 179 170 169 168
224 224 225 225 228 228 228 228 229 228 229 228 229 227 225 223 222 222 220 221 221 220 220 223 225 227 228 230 228 230 229 229 229 227 227 227 227 226 227 227 226 224 219 217 215 212 212 213 216 216 217 218 218 217 217 217 216 215 214 212 208 202 200 190 169 183 152 155 127
224 219 226 226 228 227 228 228 229 228 228 228 227 227 226 224 220 220 220 222 218 217 217 223 224 226 227 227 227 226 226 225 225 226 226 226 226 226 226 225 225 222 219 215 213 211 208 209 210 213 215 216 216 216 216 216 215 214 213 212 211 209 201 191 182 175 116 123 124
223 225 226 224 227 227 227 229 228 227 228 227 228 227 225 224 220 220 220 220 219 217 217 220 222 223 223 224 222 223 222 222 223 224 225 224 225 224 224 223 223 222 217 214 212 209 208 208 208 212 214 214 215 215 215 215 214 212 212 209 192 190 199 191 180 150 128 130 136
223 224 226 227 227 228 228 228 228 227 228 227 227 225 225 223 223 221 221 219 215 212 215 217 218 218 220 222 221 217 207 218 220 220 222 223 223 223 223 222 220 219 217 214 212 210 208 208 209 211 212 212 214 213 213 213 212 212 207 196 178 149 189 192 177 143 137 134 141
222 224 225 225 227 227 228 227 227 227 227 226 227 225 223 222 223 222 219 216 210 208 210 213 215 208 216 220 218 216 196 210 210 217 219 221 222 222 221 220 219 218 215 214 212 209 208 208 209 211 212 212 211 212 212 212 210 206 205 200 197 178 188 162 131 121 138 139 140
223 224 225 225 226 227 227 227 227 227 227 225 226 223 222 222 222 220 216 214 201 206 208 208 211 210 214 215 216 204 202 200 207 214 217 219 220 221 220 219 218 217 215 213 211 210 207 209 210 211 212 213 212 209 210 211 208 206 203 199 193 183 190 175 146 115 135 136 138
223 224 225 225 226 226 226 226 227 227 226 225 224 222 222 221 220 218 215 212 200 202 206 208 209 207 206 211 213 212 208 210 208 216 218 218 219 220 219 217 216 216 213 213 212 210 207 208 210 212 213 212 212 209 208 208 208 205 199 197 193 182 187 169 147 145 133 131 139
223 224 224 225 226 226 226 226 226 226 226 225 223 223 222 221 219 220 217 209 210 209 208 211 209 207 200 206 210 208 213 213 215 213 217 218 220 219 219 217 217 216 214 213 212 212 208 206 209 212 214 212 210 208 204 199 204 199 190 191 187 167 177 170 103 115 130 133 142
222 224 224 225 225 225 225 225 226 225 225 225 223 223 216 218 219 219 216 212 210 210 207 213 211 208 203 204 207 211 212 215 216 215 216 218 219 219 219 218 217 216 214 213 213 211 208 203 205 209 213 213 211 209 189 199 199 196 194 177 172 158 175 167 145 119 121 116 116
221 223 224 224 224 225 225 225 226 226 225 224 224 220 218 219 220 217 213 214 215 213 212 214 212 208 202 200 206 210 213 212 215 217 218 219 220 220 219 218 218 217 216 214 213 212 209 205 206 212 209 210 207 212 189 161 198 195 188 183 176 170 173 141 98 112 113 110 101
221 222 223 223 223 225 225 225 225 225 225 224 223 222 220 220 220 219 217 216 217 214 210 215 212 208 199 192 209 210 213 214 216 217 217 220 220 219 220 219 218 218 216 215 215 212 210 206 207 208 207 205 208 191 201 198 204 202 196 192 180 177 160 130 108 92 102 89 67
220 221 221 223 224 224 224 224 224 224 224 223 222 222 220 217 220 218 217 218 218 212 215 216 214 206 207 209 211 210 214 214 216 217 219 219 220 220 219 219 219 219 218 217 216 213 211 210 205 202 201 200 206 197 203 205 196 192 185 187 180 166 145 138 99 89 88 96 102
219 220 220 222 222 223 223 223 223 223 223 222 222 222 221 219 219 216 216 215 218 217 217 217 214 214 213 213 212 213 215 216 215 217 219 219 220 220 220 220 219 219 219 217 217 213 212 209 207 201 196 195 197 191 202 199 190 125 145 176 162 151 148 124 125 110 104 117 127
218 220 220 221 221 221 222 222 222 222 222 221 221 221 221 220 220 219 219 219 216 219 218 216 217 216 214 213 214 215 217 216 216 216 218 220 221 220 221 220 220 219 219 217 216 214 211 209 207 198 193 174 195 190 204 195 169 170 95 155 140 158 150 125 144 116 118 133 123
217 219 219 220 220 220 221 221 221 221 221 221 221 220 220 220 220 220 220 219 219 216 218 217 217 216 216 216 213 216 216 216 217 218 219 220 220 221 221 220 220 219 219 217 217 215 214 211 209 207 187 169 182 186 197 200 183 178 152 162 137 164 185 152 172 146 148 114 113
216 218 218 219 219 219 220 220 221 220 220 220 220 220 220 220 220 220 219 219 219 218 218 217 216 216 216 216 211 211 215 216 216 218 219 219 220 220 220 220 220 220 219 218 218 216 213 213 210 204 166 155 169 172 175 194 188 182 171 156 115 141 156 147 145 145 167 149 109
215 216 217 218 218 218 220 220 220 221 221 221 221 221 219 219 219 219 219 219 218 218 217 217 216 216 216 216 216 216 216 216 216 217 218 218 220 219 220 220 220 219 218 218 217 217 215 212 210 206 199 156 173 181 171 182 195 179 178 194 171 128 124 137 130 127 131 171 162
214 216 216 217 217 219 219 219 220 220 219 220 220 219 219 219 219 219 219 218 218 218 217 216 216 216 216 215 216 217 216 216 217 217 217 219 219 220 219 220 219 219 219 218 218 217 215 212 211 207 199 159 158 159 157 167 180 171 179 171 166 108 109 110 116 119 99 143 154
213 214 215 217 217 218 218 219 219 219 218 219 219 219 218 218 218 218 218 218 217 217 216 216 216 217 216 216 215 216 216 217 216 216 218 218 219 219 220 219 219 219 218 217 217 217 214 208 197 203 176 144 155 151 145 141 160 144 183 175 147 113 118 136 146 122 92 103 143
211 211 214 216 216 217 217 218 218 218 218 218 219 219 219 219 218 218 217 217 217 216 216 216 216 215 216 216 215 216 216 215 216 216 217 217 218 218 219 218 218 218 218 217 217 217 214 204 178 181 173 156 156 155 151 141 133 123 164 166 168 170 159 146 148 124 88 103 129
210 211 212 214 214 215 216 217 217 217 217 218 218 218 217 217 217 217 217 217 216 216 216 216 215 215 215 215 216 215 215 216 215 215 216 217 218 218 218 218 218 218 217 216 217 216 214 210 188 150 147 147 136 154 143 138 130 124 151 160 160 147 151 152 148 110 88 102 102
