EcoCrop/data/climate/tmin_7.asc
NCOLS 660 
NROWS 360 
XLLCORNER -20 
YLLCORNER -30 
CELLSIZE 0.1666667 
NODATA_value -3.4e+38 
[rows 217 to 247 of 360, columns 276 to 344 of 660]
156 158 158 159 160 161 159 158 157 152 157 152 148 147 142 142 145 119 119 139 153 155 141 94 143 139 127 138 146 149 152 152 150 152 152 150 149 149 149 148 146 146 143 141 132 126 123 122 120 126 121 123 125 126 124 142 138 125 123 123 126 121 99 106 109 103 124 138 139
153 155 159 158 158 159 157 158 152 157 153 156 152 148 143 134 135 134 125 138 152 156 157 149 158 147 148 134 159 162 157 157 155 147 152 151 149 150 149 147 146 145 142 140 137 132 129 121 124 121 124 127 129 126 128 138 137 134 129 128 129 133 130 121 112 85 139 153 162
150 156 159 158 158 158 158 158 149 153 152 151 155 153 147 133 131 130 122 113 135 155 157 160 163 164 155 137 154 165 165 163 162 150 148 149 148 148 146 146 144 143 140 138 135 130 124 121 124 123 119 126 129 128 129 133 137 134 133 133 133 94 126 132 133 87 147 162 164
148 155 156 156 153 154 157 159 159 160 156 156 154 150 148 141 131 132 119 115 133 154 158 161 165 168 171 167 164 168 169 168 165 157 141 149 147 146 145 143 142 142 139 138 135 128 126 119 110 127 117 130 127 131 132 134 136 136 136 146 144 117 121 124 131 156 160 163 161
143 152 155 153 153 154 159 160 164 162 160 161 156 155 147 144 136 129 115 115 123 121 159 163 167 170 175 174 166 169 171 168 165 149 146 147 149 147 146 143 142 141 140 136 134 130 127 123 125 127 129 131 132 132 134 137 139 139 148 149 140 138 130 101 122 159 164 165 159
142 148 153 149 137 154 160 159 159 164 162 161 155 155 147 141 133 117 111 118 130 115 141 165 171 173 177 179 158 163 171 168 165 160 151 144 146 145 145 145 142 139 136 132 131 129 125 126 125 126 128 128 129 132 132 136 144 147 153 149 129 147 82 97 144 158 166 154 126
140 149 150 144 141 155 158 155 166 157 160 159 152 148 151 139 134 114 115 112 121 116 125 110 123 176 180 173 173 165 163 158 162 157 150 148 147 145 141 139 139 135 133 130 128 123 120 123 120 123 126 126 128 131 137 145 153 154 149 128 143 132 126 136 149 154 166 161 156
149 147 144 147 147 155 154 153 149 151 155 156 159 152 144 136 120 117 122 111 119 121 122 101 106 176 182 186 171 166 163 158 157 153 152 141 140 126 136 129 131 129 129 126 123 108 106 120 121 121 123 124 129 132 135 150 152 149 126 131 98 141 156 135 136 157 155 166 177
145 145 145 149 151 150 149 145 147 151 151 148 157 148 126 128 120 127 120 131 122 120 109 100 112 177 181 184 166 157 161 165 143 148 147 149 141 136 128 132 132 113 123 115 112 108 108 119 117 119 116 119 131 143 145 146 148 127 124 122 118 155 152 132 156 124 172 169 175
147 144 130 144 148 149 150 146 141 147 147 131 148 147 148 143 132 131 134 120 111 119 110 115 125 151 179 181 180 150 149 143 126 130 144 147 150 142 134 135 135 112 117 114 113 108 109 109 101 113 121 133 135 123 138 128 102 117 115 103 114 127 121 100 143 165 176 175 180
146 149 142 145 141 150 150 148 139 129 133 129 145 143 146 149 143 131 139 131 122 113 116 129 138 157 177 178 178 151 127 124 106 85 88 147 150 153 146 138 140 133 113 114 114 112 98 105 110 117 131 137 130 128 133 115 99 109 105 87 125 132 142 160 156 180 179 180 183
152 146 148 148 148 149 149 142 133 123 122 132 137 140 126 138 145 141 136 134 118 118 125 137 148 150 153 174 176 165 128 112 96 92 96 118 150 153 155 153 140 129 121 116 118 114 103 110 110 124 126 125 126 107 91 88 97 93 96 87 113 172 173 176 177 180 179 179 178
149 147 150 148 148 147 141 140 134 125 120 127 132 133 126 124 132 132 137 126 115 127 149 145 149 152 144 170 171 171 142 105 98 93 91 93 151 154 155 155 138 135 132 120 119 116 109 117 130 132 135 136 133 120 100 85 86 89 86 89 155 182 182 179 178 180 179 181 181
147 150 149 147 147 138 113 114 121 124 120 127 120 129 128 133 126 131 136 135 132 142 148 147 152 150 149 165 166 165 162 115 105 96 94 104 98 153 154 155 154 153 136 124 122 107 125 132 133 134 136 138 125 100 86 87 86 104 97 102 185 185 183 179 175 177 179 178 186
149 149 147 144 143 132 108 115 120 119 122 122 125 130 129 126 118 135 137 126 130 140 145 147 147 143 155 158 148 159 157 126 106 96 97 106 109 150 148 148 151 151 149 130 113 99 131 132 133 134 138 135 123 118 93 85 91 106 122 184 185 186 183 166 168 173 172 183 180
149 147 145 137 136 114 104 115 117 116 122 125 116 127 126 117 132 133 135 123 131 142 143 139 141 133 146 144 118 118 152 121 105 97 103 110 122 119 151 138 128 124 143 120 99 103 127 130 132 133 133 130 125 106 117 123 122 140 158 182 185 186 176 138 169 177 174 176 178
147 143 139 128 130 103 103 113 117 121 120 110 110 123 123 129 130 132 130 127 128 138 139 136 132 133 123 119 110 118 104 103 98 105 111 112 119 131 127 150 127 115 111 118 94 76 72 61 97 85 116 116 101 102 116 119 125 150 176 182 183 182 165 135 173 173 170 171 174
143 139 131 121 128 104 104 117 120 111 105 103 108 122 126 127 128 130 129 131 132 131 129 129 119 126 124 118 123 118 107 101 99 102 109 111 118 132 132 142 141 120 105 92 77 81 64 42 65 75 71 89 82 96 113 120 129 158 168 180 178 173 166 160 169 170 154 174 172
132 127 117 103 111 99 111 115 117 98 97 98 106 120 124 125 126 122 125 128 125 124 120 110 111 120 120 117 117 115 95 100 95 100 112 119 130 138 142 134 137 131 112 91 83 117 111 105 59 43 64 67 70 80 93 98 112 150 172 174 168 139 153 129 159 164 170 174 167
125 115 92 97 99 108 108 110 102 95 93 95 101 118 121 122 122 121 116 121 122 119 111 108 110 106 104 101 104 98 96 95 100 100 112 117 129 138 143 143 134 123 128 115 72 129 145 165 88 76 47 57 61 78 87 101 115 172 165 164 143 138 153 149 161 173 164 165 165
117 97 87 91 98 100 103 106 105 95 91 93 99 114 117 119 119 120 111 114 115 117 115 112 110 105 99 101 97 101 91 95 100 104 111 117 129 135 140 141 139 133 128 124 127 149 166 168 167 102 69 49 52 74 84 101 157 146 140 141 130 141 168 163 165 164 161 165 160
100 80 95 98 99 98 100 101 101 86 83 86 104 111 114 116 117 110 108 113 114 113 110 105 96 99 97 94 92 92 93 87 95 103 110 118 126 133 137 139 136 131 133 126 122 134 147 170 168 164 86 72 57 87 91 97 106 113 149 124 148 150 160 161 159 156 166 164 153
83 90 95 95 95 96 96 97 99 101 82 83 102 105 109 112 112 107 107 110 110 102 96 103 98 95 92 97 94 91 87 85 88 96 107 115 122 128 132 136 135 139 141 126 100 124 138 171 167 163 160 94 83 98 115 120 121 135 139 136 141 154 156 156 153 163 157 156 148
71 85 92 93 91 92 94 95 96 83 75 82 97 100 104 107 104 101 102 107 102 100 97 96 99 99 100 98 96 93 89 77 84 96 102 106 118 122 116 131 117 141 142 118 89 101 127 156 164 160 157 116 110 104 112 132 128 131 135 127 143 146 149 141 155 156 158 155 149
68 72 88 91 88 88 91 93 94 82 72 75 90 96 100 102 101 93 100 97 99 94 96 96 99 101 94 95 94 97 94 86 86 95 102 109 113 118 121 120 135 141 140 101 101 100 108 124 156 157 155 131 101 128 132 136 140 131 132 131 142 141 141 149 155 151 151 147 145
67 81 81 83 83 86 85 87 90 73 68 70 89 92 94 98 97 90 96 95 98 99 99 102 102 99 100 100 98 96 96 95 94 98 101 106 108 112 115 123 136 140 135 103 104 96 54 57 136 148 153 124 135 119 134 120 129 123 125 115 144 136 140 142 149 146 153 155 158
71 77 81 80 78 78 79 83 87 86 65 68 85 86 88 91 89 87 89 91 94 99 100 101 101 101 102 100 100 97 96 95 97 98 96 103 99 107 106 114 134 135 130 107 105 89 53 54 79 151 151 153 82 130 129 121 122 120 122 130 136 135 138 145 143 153 158 161 158
78 67 74 74 76 74 77 78 82 78 79 74 77 81 81 82 79 80 84 87 93 98 101 101 101 102 101 99 100 98 98 95 96 94 93 96 97 107 107 115 130 130 124 110 102 79 63 48 90 148 150 151 104 100 120 116 122 121 116 128 143 138 139 140 145 146 157 160 166
70 66 65 65 70 72 74 74 72 69 77 77 73 77 76 78 71 72 76 85 91 96 99 101 102 101 99 100 100 98 98 94 92 88 88 91 91 102 104 113 127 128 125 93 98 85 90 84 81 148 149 150 117 101 105 129 127 130 140 141 139 146 145 143 150 155 161 155 163
67 62 61 66 69 71 71 71 72 72 72 74 71 73 73 71 62 64 74 82 92 96 99 101 101 101 101 100 98 98 95 95 94 85 86 84 97 94 104 113 123 126 122 98 97 90 89 90 66 145 148 151 113 90 107 134 132 139 152 147 146 145 150 154 153 153 157 155 161
64 60 59 61 68 68 64 66 68 69 70 71 69 68 70 67 64 65 72 83 92 99 100 100 100 100 100 99 98 96 94 91 87 81 87 87 95 106 112 116 120 123 118 106 95 92 81 82 72 147 150 154 155 131 113 135 146 146 148 154 152 148 149 155 161 152 160 163 168
