EcoCrop/data/climate/tmin_6.asc
NCOLS 660 
NROWS 360 
XLLCORNER -20 
YLLCORNER -30 
CELLSIZE 0.1666667 
NODATA_value -3.4e+38 
[rows 31 to 61 of 360, columns 414 to 482 of 660]
271 273 275 277 276 276 276 275 275 275 282 281 278 278 278 -3.4e+38 -3.4e+38 -3.4e+38 -3.4e+38 -3.4e+38 -3.4e+38 -3.4e+38 -3.4e+38 -3.4e+38 -3.4e+38 -3.4e+38 -3.4e+38 -3.4e+38 -3.4e+38 -3.4e+38 -3.4e+38 -3.4e+38 -3.4e+38 -3.4e+38 258 259 259 260 261 259 257 253 223 255 263 -3.4e+38 -3.4e+38 -3.4e+38 -3.4e+38 -3.4e+38 -3.4e+38 -3.4e+38 -3.4e+38 -3.4e+38 -3.4e+38 -3.4e+38 -3.4e+38 -3.4e+38 -3.4e+38 -3.4e+38 -3.4e+38 -3.4e+38 -3.4e+38 -3.4e+38 -3.4e+38 -3.4e+38 -3.4e+38 -3.4e+38 -3.4e+38
272 273 276 274 275 275 275 276 275 277 279 281 279 279 277 -3.4e+38 276 -3.4e+38 -3.4e+38 -3.4e+38 -3.4e+38 -3.4e+38 -3.4e+38 -3.4e+38 -3.4e+38 -3.4e+38 -3.4e+38 -3.4e+38 -3.4e+38 -3.4e+38 -3.4e+38 -3.4e+38 -3.4e+38 -3.4e+38 257 259 260 262 263 262 260 258 238 229 259 -3.4e+38 -3.4e+38 -3.4e+38 -3.4e+38 -3.4e+38 -3.4e+38 -3.4e+38 -3.4e+38 -3.4e+38 -3.4e+38 -3.4e+38 -3.4e+38 -3.4e+38 -3.4e+38 -3.4e+38 -3.4e+38 -3.4e+38 -3.4e+38 -3.4e+38 -3.4e+38 -3.4e+38 -3.4e+38 -3.4e+38 -3.4e+38
271 274 274 275 275 275 274 275 276 276 276 282 280 280 -3.4e+38 -3.4e+38 -3.4e+38 -3.4e+38 -3.4e+38 -3.4e+38 -3.4e+38 -3.4e+38 -3.4e+38 -3.4e+38 -3.4e+38 -3.4e+38 -3.4e+38 -3.4e+38 -3.4e+38 -3.4e+38 -3.4e+38 -3.4e+38 -3.4e+38 257 258 259 262 263 265 266 266 260 240 234 259 259 -3.4e+38 -3.4e+38 -3.4e+38 -3.4e+38 -3.4e+38 -3.4e+38 -3.4e+38 -3.4e+38 -3.4e+38 -3.4e+38 -3.4e+38 -3.4e+38 -3.4e+38 -3.4e+38 -3.4e+38 -3.4e+38 -3.4e+38 -3.4e+38 -3.4e+38 -3.4e+38 -3.4e+38 -3.4e+38 -3.4e+38
272 274 274 274 275 275 276 276 276 276 276 281 280 279 275 -3.4e+38 276 -3.4e+38 -3.4e+38 -3.4e+38 -3.4e+38 -3.4e+38 -3.4e+38 -3.4e+38 -3.4e+38 -3.4e+38 -3.4e+38 -3.4e+38 -3.4e+38 -3.4e+38 -3.4e+38 -3.4e+38 258 258 261 261 263 265 268 270 272 267 255 239 257 260 264 -3.4e+38 -3.4e+38 -3.4e+38 -3.4e+38 -3.4e+38 -3.4e+38 -3.4e+38 -3.4e+38 -3.4e+38 -3.4e+38 -3.4e+38 -3.4e+38 -3.4e+38 -3.4e+38 -3.4e+38 -3.4e+38 -3.4e+38 -3.4e+38 -3.4e+38 -3.4e+38 -3.4e+38 -3.4e+38
272 273 274 274 275 275 275 275 276 276 276 280 280 279 275 275 274 -3.4e+38 -3.4e+38 -3.4e+38 -3.4e+38 270 268 267 266 265 263 -3.4e+38 -3.4e+38 -3.4e+38 261 260 260 260 261 263 265 267 270 272 267 268 257 237 239 260 265 272 -3.4e+38 -3.4e+38 -3.4e+38 -3.4e+38 -3.4e+38 -3.4e+38 -3.4e+38 -3.4e+38 -3.4e+38 -3.4e+38 -3.4e+38 -3.4e+38 -3.4e+38 -3.4e+38 -3.4e+38 -3.4e+38 -3.4e+38 -3.4e+38 -3.4e+38 -3.4e+38 -3.4e+38
273 274 274 275 275 275 275 275 276 275 276 277 277 275 275 275 274 275 274 273 270 268 266 265 265 264 263 262 262 262 262 260 259 260 263 264 266 269 270 271 271 269 261 235 248 243 263 269 277 -3.4e+38 -3.4e+38 -3.4e+38 -3.4e+38 -3.4e+38 -3.4e+38 -3.4e+38 -3.4e+38 -3.4e+38 -3.4e+38 -3.4e+38 -3.4e+38 -3.4e+38 -3.4e+38 -3.4e+38 -3.4e+38 -3.4e+38 -3.4e+38 -3.4e+38 -3.4e+38
274 274 275 275 276 276 276 275 275 275 277 276 276 279 279 275 277 275 274 272 270 268 266 264 262 261 260 261 261 260 260 260 261 263 263 266 268 269 271 272 272 270 265 255 245 224 243 265 272 279 284 290 293 -3.4e+38 -3.4e+38 -3.4e+38 -3.4e+38 -3.4e+38 -3.4e+38 -3.4e+38 -3.4e+38 -3.4e+38 -3.4e+38 -3.4e+38 -3.4e+38 -3.4e+38 -3.4e+38 -3.4e+38 -3.4e+38
277 275 275 276 275 275 275 275 276 276 276 276 276 276 276 277 276 275 274 272 270 268 266 264 263 262 261 260 261 261 261 261 262 263 266 267 269 271 272 273 272 270 268 266 221 252 230 219 262 271 280 285 291 294 298 305 305 295 -3.4e+38 -3.4e+38 -3.4e+38 -3.4e+38 -3.4e+38 -3.4e+38 -3.4e+38 -3.4e+38 -3.4e+38 -3.4e+38 -3.4e+38
279 277 276 277 276 276 276 276 276 275 276 278 274 277 277 277 275 275 273 272 270 269 266 265 263 263 261 260 261 262 262 263 263 265 267 268 269 271 271 272 273 271 270 268 263 252 256 233 243 260 271 269 279 200 286 249 293 291 298 -3.4e+38 -3.4e+38 -3.4e+38 -3.4e+38 -3.4e+38 -3.4e+38 -3.4e+38 -3.4e+38 -3.4e+38 -3.4e+38
281 282 280 277 276 277 277 276 276 277 277 277 276 276 277 277 275 274 274 271 271 268 266 265 264 263 262 262 262 262 263 264 265 267 268 269 271 272 272 273 273 272 270 269 266 264 260 251 225 143 250 187 259 275 272 269 251 280 291 302 -3.4e+38 -3.4e+38 -3.4e+38 -3.4e+38 -3.4e+38 -3.4e+38 -3.4e+38 -3.4e+38 -3.4e+38
281 280 280 279 278 278 277 277 277 277 276 277 276 276 276 275 275 274 274 271 270 269 267 266 265 264 264 265 264 265 265 265 266 267 268 270 272 273 273 273 273 272 272 271 269 266 256 259 237 256 234 179 193 242 252 260 241 266 265 292 -3.4e+38 -3.4e+38 -3.4e+38 -3.4e+38 -3.4e+38 -3.4e+38 -3.4e+38 -3.4e+38 -3.4e+38
278 279 279 278 278 277 277 278 276 276 276 276 276 276 276 275 275 274 273 272 270 269 267 266 265 266 267 268 263 264 266 268 267 269 270 271 271 273 273 273 273 273 273 271 267 267 261 251 253 263 257 266 265 265 266 264 258 253 259 247 248 -3.4e+38 -3.4e+38 -3.4e+38 -3.4e+38 -3.4e+38 -3.4e+38 -3.4e+38 -3.4e+38
278 277 278 277 277 277 276 276 276 276 275 275 275 276 276 275 275 274 273 272 271 270 269 267 267 268 269 266 268 269 266 268 268 270 271 272 271 273 274 274 275 274 274 273 271 271 267 259 258 267 268 271 272 272 269 269 269 274 274 250 215 233 -3.4e+38 -3.4e+38 -3.4e+38 -3.4e+38 -3.4e+38 -3.4e+38 -3.4e+38
276 277 276 276 277 276 276 275 275 275 275 275 275 276 275 275 275 274 274 272 271 270 269 268 269 268 267 266 265 268 270 269 268 270 272 273 273 275 275 274 275 275 275 275 273 272 270 269 267 270 271 273 274 273 274 269 273 276 276 274 261 211 289 -3.4e+38 -3.4e+38 -3.4e+38 -3.4e+38 -3.4e+38 -3.4e+38
276 276 276 276 276 276 276 276 275 275 275 275 275 275 274 275 275 274 273 272 271 271 270 269 269 268 268 267 272 269 266 271 267 267 273 270 274 275 275 275 276 275 275 276 273 274 273 274 268 273 273 257 275 274 274 275 272 271 273 279 279 281 270 286 286 -3.4e+38 -3.4e+38 -3.4e+38 -3.4e+38
275 275 276 276 275 276 275 275 275 275 275 275 275 276 275 275 274 274 273 272 271 271 270 270 270 269 269 269 269 270 270 269 272 272 275 272 273 275 275 276 276 276 275 275 275 273 274 275 274 272 273 274 275 274 276 276 275 273 273 273 278 281 269 285 287 -3.4e+38 -3.4e+38 -3.4e+38 -3.4e+38
275 276 275 275 275 276 275 275 275 274 275 274 274 274 275 275 274 274 273 273 272 271 270 271 270 271 270 270 269 269 272 272 273 270 274 273 273 275 275 277 277 277 276 276 275 275 275 273 273 273 273 275 276 275 275 276 276 274 273 272 275 280 283 284 -3.4e+38 -3.4e+38 -3.4e+38 -3.4e+38 -3.4e+38
274 274 275 275 274 274 273 274 274 274 274 274 274 275 273 274 274 274 273 273 272 272 271 272 271 271 271 269 271 267 269 272 273 273 275 276 274 272 276 276 277 277 277 277 276 275 275 273 273 273 274 274 274 276 273 275 275 273 273 272 274 277 280 279 -3.4e+38 -3.4e+38 -3.4e+38 -3.4e+38 -3.4e+38
274 275 275 275 274 273 274 274 274 274 274 274 273 273 274 274 274 274 273 273 272 272 271 271 271 271 271 271 272 271 273 270 273 274 273 274 275 276 276 276 277 276 277 276 276 276 274 273 273 273 274 273 273 275 276 275 274 273 272 270 272 275 279 -3.4e+38 -3.4e+38 -3.4e+38 -3.4e+38 -3.4e+38 -3.4e+38
274 274 274 274 273 273 273 273 273 274 273 273 274 273 274 274 274 274 273 273 273 272 273 273 272 271 270 271 270 269 272 271 273 274 273 275 273 273 275 276 276 277 276 276 276 275 275 274 273 273 273 272 273 273 274 274 272 270 269 268 270 275 275 -3.4e+38 -3.4e+38 -3.4e+38 -3.4e+38 -3.4e+38 -3.4e+38
273 274 273 273 272 273 272 273 273 273 273 273 272 274 274 274 273 273 273 273 272 272 273 273 272 272 272 270 271 272 272 273 274 274 274 274 273 275 275 275 276 276 276 276 275 274 273 273 273 272 272 272 271 272 271 272 271 269 267 268 270 274 -3.4e+38 -3.4e+38 -3.4e+38 -3.4e+38 -3.4e+38 -3.4e+38 -3.4e+38
273 273 273 272 272 272 272 272 272 272 272 273 273 273 273 273 273 273 273 272 273 273 272 273 273 272 270 272 271 272 274 272 274 273 274 275 274 273 273 273 273 275 275 273 273 271 271 273 273 271 272 272 271 270 271 270 269 267 267 267 -3.4e+38 -3.4e+38 -3.4e+38 -3.4e+38 -3.4e+38 -3.4e+38 -3.4e+38 -3.4e+38 -3.4e+38
272 271 271 271 271 272 271 271 271 272 273 273 273 273 272 273 273 273 272 273 272 272 272 273 272 272 272 273 271 271 271 272 274 273 274 274 273 273 273 272 272 273 274 273 270 270 270 270 271 270 272 271 272 271 270 269 267 266 266 -3.4e+38 -3.4e+38 -3.4e+38 -3.4e+38 -3.4e+38 -3.4e+38 -3.4e+38 -3.4e+38 -3.4e+38 -3.4e+38
271 270 271 270 271 271 270 270 271 271 272 272 272 272 272 272 272 272 273 272 272 273 273 273 272 272 270 273 273 274 272 272 274 273 274 274 274 272 272 273 273 272 272 272 270 270 270 269 269 268 271 271 271 270 268 267 266 265 266 -3.4e+38 -3.4e+38 -3.4e+38 -3.4e+38 -3.4e+38 -3.4e+38 -3.4e+38 -3.4e+38 -3.4e+38 -3.4e+38
269 270 270 270 270 270 270 271 271 271 271 271 271 271 271 272 272 271 272 272 272 272 272 272 272 271 273 270 273 274 274 273 274 274 273 273 273 273 271 272 272 270 271 271 269 270 270 267 267 266 266 268 269 268 267 265 265 264 -3.4e+38 -3.4e+38 -3.4e+38 -3.4e+38 -3.4e+38 -3.4e+38 -3.4e+38 -3.4e+38 -3.4e+38 -3.4e+38 -3.4e+38
267 268 269 269 269 269 270 270 270 270 270 270 270 270 271 271 272 272 271 272 272 272 271 271 271 272 271 273 272 274 273 273 273 273 273 273 272 271 271 270 269 268 269 268 268 269 268 266 266 265 265 269 268 267 267 -3.4e+38 264 -3.4e+38 -3.4e+38 260 -3.4e+38 -3.4e+38 -3.4e+38 -3.4e+38 -3.4e+38 -3.4e+38 -3.4e+38 -3.4e+38 -3.4e+38
268 268 268 269 269 269 269 269 269 270 270 270 270 271 271 271 271 271 271 272 271 271 271 271 271 271 274 271 271 273 272 273 273 272 272 272 272 271 271 269 268 268 268 268 266 267 266 265 265 264 264 267 263 265 -3.4e+38 265 263 -3.4e+38 261 -3.4e+38 -3.4e+38 -3.4e+38 -3.4e+38 -3.4e+38 -3.4e+38 -3.4e+38 -3.4e+38 -3.4e+38 -3.4e+38
267 267 268 269 268 268 268 269 269 269 269 269 269 270 270 270 270 271 270 271 271 270 270 271 270 271 273 272 272 273 272 273 272 272 272 272 272 271 271 269 269 268 267 267 265 265 264 264 263 263 266 263 264 -3.4e+38 -3.4e+38 -3.4e+38 -3.4e+38 -3.4e+38 -3.4e+38 -3.4e+38 -3.4e+38 -3.4e+38 -3.4e+38 -3.4e+38 -3.4e+38 -3.4e+38 -3.4e+38 -3.4e+38 -3.4e+38
266 266 266 266 267 267 267 268 268 268 268 268 268 269 269 269 270 270 270 270 270 270 269 270 271 272 272 273 272 273 272 271 271 272 271 271 271 271 269 268 268 267 266 265 265 265 264 263 262 261 265 262 259 -3.4e+38 -3.4e+38 -3.4e+38 -3.4e+38 -3.4e+38 -3.4e+38 -3.4e+38 -3.4e+38 -3.4e+38 -3.4e+38 -3.4e+38 -3.4e+38 -3.4e+38 -3.4e+38 -3.4e+38 -3.4e+38
265 265 265 266 266 266 266 267 266 268 268 268 268 268 269 269 269 268 269 269 268 269 269 270 270 268 273 272 272 272 272 271 271 270 271 270 270 270 270 268 267 266 265 265 263 263 263 262 261 260 263 261 262 -3.4e+38 -3.4e+38 -3.4e+38 -3.4e+38 -3.4e+38 -3.4e+38 -3.4e+38 -3.4e+38 -3.4e+38 -3.4e+38 -3.4e+38 -3.4e+38 -3.4e+38 -3.4e+38 -3.4e+38 -3.4e+38
263 264 265 265 265 266 266 266 266 266 266 267 267 267 267 268 268 268 268 268 268 268 271 274 274 272 272 272 272 271 270 270 270 270 270 270 271 269 269 268 266 265 264 264 264 262 262 261 260 259 262 264 -3.4e+38 -3.4e+38 -3.4e+38 -3.4e+38 -3.4e+38 -3.4e+38 -3.4e+38 -3.4e+38 -3.4e+38 -3.4e+38 -3.4e+38 -3.4e+38 -3.4e+38 -3.4e+38 -3.4e+38 -3.4e+38 -3.4e+38
