EcoCrop/data/climate/tmin_4.asc
NCOLS 660 
NROWS 360 
XLLCORNER -20 
YLLCORNER -30 
CELLSIZE 0.1666667 
NODATA_value -3.4e+38 
[rows 30 to 59 of 360, columns 276 to 344 of 660]
138 132 131 131 130 132 135 134 137 137 138 139 140 141 140 141 142 140 140 140 141 145 147 146 150 154 159 162 158 156 151 144 143 143 141 142 142 143 152 161 161 163 161 164 164 164 165 158 163 161 155 149 168 184 -3.4e+38 -3.4e+38 -3.4e+38 -3.4e+38 -3.4e+38 -3.4e+38 -3.4e+38 -3.4e+38 -3.4e+38 -3.4e+38 -3.4e+38 -3.4e+38 -3.4e+38 -3.4e+38 178
136 135 132 130 132 133 134 136 137 136 138 139 138 141 141 142 139 139 144 146 145 146 146 149 152 158 159 164 147 152 149 146 145 145 144 144 144 145 146 164 164 167 164 165 169 170 166 166 162 160 155 127 167 172 188 -3.4e+38 -3.4e+38 -3.4e+38 -3.4e+38 -3.4e+38 -3.4e+38 -3.4e+38 -3.4e+38 -3.4e+38 -3.4e+38 -3.4e+38 -3.4e+38 190 175
134 135 135 131 132 134 134 134 137 139 139 140 141 142 143 145 142 143 143 145 145 147 149 151 154 159 162 165 165 150 151 152 149 149 148 150 149 148 156 168 167 168 170 169 172 173 170 171 166 164 162 162 166 170 185 -3.4e+38 -3.4e+38 -3.4e+38 -3.4e+38 -3.4e+38 -3.4e+38 -3.4e+38 -3.4e+38 -3.4e+38 -3.4e+38 -3.4e+38 -3.4e+38 -3.4e+38 189
130 134 132 132 133 131 130 134 137 140 143 143 143 143 145 149 146 149 146 145 146 148 150 154 158 159 161 165 166 156 155 157 153 152 152 153 153 157 169 157 173 179 179 179 179 177 167 168 170 167 164 158 156 157 175 -3.4e+38 -3.4e+38 -3.4e+38 -3.4e+38 -3.4e+38 -3.4e+38 -3.4e+38 -3.4e+38 -3.4e+38 -3.4e+38 -3.4e+38 -3.4e+38 -3.4e+38 -3.4e+38
129 134 133 130 132 130 130 143 146 145 144 144 145 147 147 150 150 148 146 146 146 150 150 155 159 159 160 164 156 160 163 154 154 155 155 156 157 154 172 177 179 181 179 178 179 176 174 175 170 168 167 162 146 141 168 178 190 -3.4e+38 -3.4e+38 -3.4e+38 -3.4e+38 -3.4e+38 -3.4e+38 -3.4e+38 -3.4e+38 -3.4e+38 -3.4e+38 -3.4e+38 -3.4e+38
129 130 135 129 129 132 133 142 143 146 144 146 146 150 150 152 151 149 149 151 151 152 156 157 160 164 164 169 166 163 164 159 159 159 158 160 157 160 163 181 183 191 184 178 175 174 177 174 174 171 169 167 164 158 121 176 179 189 -3.4e+38 -3.4e+38 -3.4e+38 -3.4e+38 -3.4e+38 -3.4e+38 -3.4e+38 -3.4e+38 -3.4e+38 -3.4e+38 -3.4e+38
127 123 132 132 137 134 138 143 145 148 147 148 149 151 151 153 153 151 151 154 155 158 159 158 161 166 165 167 165 168 162 163 163 163 163 162 162 171 178 183 186 187 182 179 173 171 176 178 175 171 169 167 165 163 159 170 186 -3.4e+38 -3.4e+38 -3.4e+38 -3.4e+38 -3.4e+38 -3.4e+38 -3.4e+38 -3.4e+38 -3.4e+38 -3.4e+38 -3.4e+38 -3.4e+38
124 121 127 138 142 144 143 146 145 149 149 152 151 153 154 156 156 155 155 156 158 161 162 161 163 167 169 170 168 166 164 165 166 168 167 164 165 166 180 185 185 188 186 176 176 173 171 174 176 175 171 166 168 165 158 166 179 -3.4e+38 -3.4e+38 -3.4e+38 -3.4e+38 -3.4e+38 -3.4e+38 -3.4e+38 -3.4e+38 -3.4e+38 -3.4e+38 -3.4e+38 -3.4e+38
122 122 123 135 143 141 144 144 147 150 153 153 154 155 157 158 159 158 159 159 160 163 162 163 168 172 170 169 171 166 172 171 169 167 167 167 167 168 183 186 188 188 185 182 177 173 175 174 171 174 174 169 166 167 146 160 184 -3.4e+38 -3.4e+38 -3.4e+38 -3.4e+38 -3.4e+38 -3.4e+38 -3.4e+38 -3.4e+38 -3.4e+38 -3.4e+38 -3.4e+38 -3.4e+38
120 123 126 136 145 140 141 140 145 152 156 156 157 158 158 159 160 160 160 162 163 164 165 167 170 171 173 175 175 172 172 176 176 178 173 171 178 181 184 186 187 188 183 178 178 175 173 165 172 171 171 167 161 174 172 177 175 -3.4e+38 -3.4e+38 -3.4e+38 -3.4e+38 -3.4e+38 -3.4e+38 -3.4e+38 -3.4e+38 -3.4e+38 -3.4e+38 -3.4e+38 -3.4e+38
124 126 139 144 148 153 146 144 149 152 159 158 159 160 160 161 162 163 162 164 165 167 169 170 170 173 174 177 174 177 176 174 180 181 179 177 177 181 183 182 187 189 184 181 175 173 172 168 169 168 165 156 169 180 180 174 185 -3.4e+38 -3.4e+38 -3.4e+38 -3.4e+38 -3.4e+38 -3.4e+38 -3.4e+38 -3.4e+38 -3.4e+38 -3.4e+38 -3.4e+38 -3.4e+38
136 141 139 149 151 153 154 157 157 157 159 160 161 162 162 163 164 165 165 166 167 168 170 171 173 174 175 174 175 179 179 181 182 180 180 178 176 179 180 186 188 188 182 181 177 177 171 159 164 164 159 168 174 172 173 179 186 189 -3.4e+38 -3.4e+38 -3.4e+38 -3.4e+38 -3.4e+38 -3.4e+38 -3.4e+38 -3.4e+38 -3.4e+38 -3.4e+38 -3.4e+38
138 138 136 147 153 154 155 157 158 160 160 162 163 163 164 165 166 166 168 168 168 171 171 172 172 174 175 175 173 179 182 182 183 181 180 178 182 185 181 188 188 188 189 186 183 177 175 156 165 165 167 170 169 167 170 171 179 188 190 -3.4e+38 -3.4e+38 -3.4e+38 -3.4e+38 -3.4e+38 -3.4e+38 -3.4e+38 -3.4e+38 -3.4e+38 -3.4e+38
135 146 146 150 154 157 158 158 160 161 162 163 164 165 165 166 167 168 169 169 169 171 171 172 176 176 178 178 182 179 182 179 183 183 184 184 187 188 186 188 185 184 183 187 184 182 171 172 170 164 164 164 164 165 160 163 177 181 187 -3.4e+38 -3.4e+38 -3.4e+38 -3.4e+38 -3.4e+38 -3.4e+38 -3.4e+38 -3.4e+38 -3.4e+38 -3.4e+38
146 145 152 156 157 158 159 160 161 162 163 164 165 166 167 167 168 169 170 170 171 172 172 176 176 177 178 178 180 178 180 179 183 185 186 187 182 186 188 184 183 179 178 188 185 181 178 173 173 170 167 164 160 160 154 158 170 179 182 186 187 188 -3.4e+38 -3.4e+38 -3.4e+38 -3.4e+38 -3.4e+38 -3.4e+38 -3.4e+38
152 154 157 154 154 157 160 161 162 164 165 165 166 166 168 168 169 170 170 171 171 172 173 176 177 177 175 178 182 181 179 182 185 187 188 186 182 184 185 181 175 178 181 187 183 184 181 180 176 174 172 168 163 159 156 140 170 167 173 181 182 183 188 -3.4e+38 -3.4e+38 -3.4e+38 -3.4e+38 -3.4e+38 -3.4e+38
155 154 154 151 154 155 159 163 164 165 166 167 167 168 168 169 169 170 171 171 173 174 175 175 175 177 176 179 178 179 182 183 186 189 188 184 183 183 183 181 174 179 186 183 180 178 181 180 178 176 173 167 164 153 153 156 160 158 168 176 166 171 176 185 -3.4e+38 -3.4e+38 -3.4e+38 -3.4e+38 -3.4e+38
155 152 153 155 155 160 162 164 165 166 167 167 168 169 169 170 170 170 171 172 174 175 174 175 174 175 175 177 175 178 183 185 190 185 185 185 181 180 178 179 180 179 184 175 175 174 176 174 175 176 174 172 169 153 154 149 124 140 159 177 172 158 160 176 183 -3.4e+38 -3.4e+38 -3.4e+38 -3.4e+38
159 159 159 160 161 164 163 165 166 167 168 167 169 169 170 170 171 171 173 174 173 174 175 175 172 172 172 173 173 179 184 189 187 181 180 184 179 174 172 171 177 180 184 178 179 178 171 171 172 173 171 172 166 161 157 148 111 155 163 171 172 163 126 160 180 -3.4e+38 -3.4e+38 -3.4e+38 -3.4e+38
159 159 159 161 164 164 165 166 167 168 169 169 170 170 171 171 171 171 172 173 174 174 173 173 171 170 169 173 179 183 187 190 191 186 176 177 176 170 165 172 173 178 185 183 181 178 176 173 168 170 168 166 167 159 151 146 154 163 170 171 172 154 151 158 176 -3.4e+38 -3.4e+38 -3.4e+38 -3.4e+38
153 150 155 156 160 163 166 167 167 169 168 169 169 171 171 172 172 172 172 173 174 173 172 173 170 172 176 178 181 183 188 181 186 188 185 179 175 175 169 166 173 175 180 185 182 180 175 170 163 169 168 168 167 147 139 144 151 161 161 165 160 163 146 151 174 187 -3.4e+38 -3.4e+38 -3.4e+38
154 150 155 159 161 165 166 168 169 168 170 169 170 170 171 171 172 172 172 173 175 174 174 172 175 176 179 182 182 185 185 183 181 185 184 180 177 173 166 168 172 171 179 184 181 179 175 170 161 167 162 167 160 149 145 158 159 158 155 164 169 163 148 159 169 185 -3.4e+38 -3.4e+38 -3.4e+38
158 156 155 159 162 166 167 169 168 169 170 171 170 171 171 171 171 173 174 175 171 176 175 170 174 177 179 182 187 185 182 182 179 180 180 176 176 172 165 164 163 176 179 183 183 181 176 166 160 165 165 163 157 155 158 162 163 164 165 167 154 158 145 124 161 182 188 -3.4e+38 -3.4e+38
159 161 157 162 164 166 169 168 169 170 170 170 170 171 172 172 172 173 173 172 171 176 175 174 178 180 181 183 177 182 184 182 178 177 172 175 174 167 163 168 174 174 179 183 183 181 180 178 171 164 166 162 162 153 154 164 166 167 169 170 156 151 149 144 150 179 189 -3.4e+38 -3.4e+38
162 163 163 166 167 168 167 168 170 170 171 170 169 171 172 172 173 174 174 174 174 174 174 176 180 183 183 186 183 180 180 182 180 175 173 173 171 167 166 166 172 177 181 183 178 182 179 179 174 172 168 165 161 154 156 163 164 165 169 168 153 155 153 153 151 158 186 -3.4e+38 -3.4e+38
164 165 166 167 165 165 167 168 168 170 170 171 169 170 171 172 172 172 173 173 172 172 176 178 180 183 183 182 181 176 178 179 177 175 176 170 172 170 169 170 171 178 181 184 183 183 181 178 179 172 172 166 166 160 156 161 165 166 168 169 157 161 156 153 144 145 187 -3.4e+38 -3.4e+38
165 165 165 164 164 166 167 166 167 170 169 169 168 170 171 172 171 172 172 174 172 171 176 175 180 183 183 180 181 181 180 178 178 178 177 176 176 174 174 174 173 179 179 176 184 183 182 182 179 173 175 173 170 165 159 165 168 167 169 169 135 162 157 152 147 174 185 -3.4e+38 -3.4e+38
167 167 166 164 165 166 167 168 167 166 167 168 168 168 168 172 173 177 177 175 173 178 175 179 180 180 184 183 184 182 181 180 181 181 180 178 178 177 177 177 178 180 179 186 186 186 184 185 182 180 178 176 173 169 162 167 168 171 172 169 163 155 159 153 144 174 190 -3.4e+38 -3.4e+38
168 168 166 166 165 166 168 166 166 168 166 168 169 170 171 170 173 175 177 177 178 177 179 179 180 182 182 185 184 183 182 184 183 185 182 182 181 180 179 182 183 185 184 187 188 187 187 186 185 182 175 179 175 173 172 169 171 173 171 169 165 161 158 137 153 173 194 -3.4e+38 -3.4e+38
171 169 169 169 169 168 166 166 166 172 169 175 171 172 175 172 174 178 178 178 180 178 180 180 180 181 183 186 184 183 185 184 183 184 183 182 182 182 183 184 186 187 188 189 189 188 188 188 185 186 184 182 181 179 176 172 173 173 173 170 166 164 162 156 162 182 198 -3.4e+38 -3.4e+38
