EcoCrop/data/climate/tmin_12.asc
NCOLS 660 
NROWS 360 
XLLCORNER -20 
YLLCORNER -30 
CELLSIZE 0.1666667 
NODATA_value -3.4e+38 
[rows 31 to 61 of 360, columns 552 to 620 of 660]
116 115 115 115 114 112 108 101 92 88 87 89 94 95 97 99 95 97 101 104 106 106 99 103 98 100 98 97 95 91 86 83 81 84 86 89 94 98 98 99 97 95 91 89 85 82 85 86 86 80 78 80 83 83 84 85 84 82 82 82 81 79 89 88 87 89 89 91 90
115 114 115 116 111 112 107 102 94 88 86 90 93 97 98 99 101 102 100 100 102 104 100 102 100 97 100 97 97 95 91 84 85 87 90 95 98 102 102 103 102 98 96 93 86 86 86 83 79 83 83 83 83 85 85 84 84 83 83 80 80 89 85 84 92 94 95 89 83
113 113 115 115 113 110 109 104 97 90 95 96 98 98 100 100 101 103 105 106 107 105 103 104 101 102 102 104 99 96 96 91 89 92 95 99 102 106 103 108 106 105 101 97 88 88 83 87 85 83 81 74 82 83 82 84 84 86 87 87 85 90 81 87 90 92 93 94 95
112 112 113 113 112 112 113 105 97 94 97 104 104 101 104 106 102 106 107 107 108 106 105 106 105 105 105 107 108 103 101 94 95 97 100 105 108 110 112 110 110 108 103 97 91 92 90 88 85 79 78 73 82 82 81 82 87 84 84 86 85 89 86 86 87 89 90 93 93
113 113 114 114 114 115 113 108 105 106 104 110 111 108 114 109 106 107 110 109 109 107 107 107 107 108 109 111 112 109 104 103 100 100 105 109 112 114 117 117 117 113 108 102 100 95 91 82 82 80 81 81 82 81 85 78 84 85 81 88 86 86 84 92 93 93 88 91 90
115 115 115 116 116 116 115 109 108 110 110 113 115 117 118 114 111 111 111 110 111 109 108 105 108 111 111 112 113 111 108 107 102 106 109 113 115 117 117 122 124 118 113 107 101 96 93 84 82 81 81 81 83 83 83 85 85 86 85 86 78 88 77 90 90 89 85 89 85
116 116 118 118 119 118 118 117 116 112 113 117 120 120 119 119 115 113 113 115 112 111 111 107 108 111 112 112 113 112 109 109 108 108 112 114 116 118 119 122 122 118 114 108 102 97 89 83 77 80 79 80 81 80 82 85 83 86 87 86 85 82 78 79 92 91 88 85 76
117 118 119 119 120 120 120 119 119 119 119 120 123 123 123 120 119 115 116 116 114 113 110 109 110 111 112 112 112 111 110 109 109 111 113 116 117 114 118 118 119 116 113 106 102 96 83 84 79 79 75 80 79 81 82 86 85 85 85 84 80 81 82 78 84 82 85 78 80
119 120 120 121 122 121 122 122 122 121 121 123 124 124 123 122 117 118 119 117 115 112 110 108 108 110 112 110 111 109 109 108 109 112 115 115 117 114 114 113 115 114 111 103 98 91 89 79 80 79 75 77 72 81 83 87 89 89 88 88 88 81 84 82 92 88 88 84 81
121 122 123 123 124 124 124 124 123 126 127 125 125 126 125 122 124 122 122 116 114 112 110 107 108 109 109 109 110 110 109 107 108 111 114 115 110 117 120 119 116 112 107 101 96 93 87 81 77 73 72 73 71 67 83 85 89 92 92 93 93 97 94 94 93 92 90 88 84
122 124 125 125 125 125 126 125 127 128 126 126 123 127 126 126 123 123 120 115 113 108 108 106 106 106 108 108 109 109 107 106 112 114 114 119 118 120 120 119 117 114 107 106 100 94 87 80 76 75 70 70 68 72 66 82 89 93 96 99 98 103 101 102 97 93 91 83 84
124 126 126 127 126 127 127 127 128 128 128 128 125 126 127 126 123 118 118 113 111 108 104 104 100 106 105 105 106 107 108 113 113 110 112 120 120 120 119 118 115 112 109 104 100 93 82 83 79 74 72 73 73 77 79 80 77 81 94 99 101 106 109 109 102 95 90 87 78
126 128 128 129 128 128 128 128 128 128 127 127 126 126 124 124 121 116 114 112 109 105 102 101 102 103 104 110 111 113 116 117 119 121 122 121 120 119 116 114 113 105 106 100 97 88 85 82 83 78 76 81 73 80 81 75 84 89 74 102 103 103 110 108 107 105 91 83 95
129 129 129 130 129 129 128 129 129 129 129 127 126 123 123 120 118 114 111 109 107 105 101 101 104 108 106 113 116 116 117 119 119 121 120 118 117 113 113 111 110 87 98 96 94 91 88 87 85 78 80 76 82 83 86 86 81 84 102 111 114 110 117 120 92 109 113 114 103
131 131 131 131 130 129 130 130 130 130 130 130 128 127 125 123 123 121 120 113 104 104 101 107 113 114 115 113 116 117 117 118 118 118 115 117 115 107 76 106 84 86 94 95 96 97 98 94 92 86 86 86 83 87 89 91 96 112 107 108 119 121 121 124 123 120 121 118 112
133 134 133 -3.4e+38 132 132 129 131 132 132 132 129 128 124 125 125 126 124 123 121 119 118 117 116 116 116 114 112 118 118 118 118 115 108 105 116 114 81 82 85 95 92 95 98 102 104 103 98 102 90 88 90 88 88 85 107 111 117 120 122 124 126 126 128 128 125 126 119 120
137 137 -3.4e+38 136 135 134 133 132 134 133 132 130 127 120 129 123 126 126 124 122 119 117 117 114 115 115 113 116 117 118 117 115 112 107 107 106 114 103 94 100 95 98 101 103 106 106 107 109 109 103 94 98 98 96 102 112 117 120 123 126 128 130 131 133 134 133 131 128 128
140 135 -3.4e+38 -3.4e+38 137 136 136 136 136 135 133 119 126 123 113 105 121 120 119 119 118 116 117 115 113 112 113 116 117 117 114 113 113 111 107 103 100 101 102 104 100 104 106 109 110 107 109 108 116 107 100 95 100 100 108 117 121 124 126 129 131 132 133 135 136 136 133 134 131
142 -3.4e+38 -3.4e+38 141 140 139 139 136 129 126 120 120 114 111 116 119 118 113 115 115 114 116 115 115 113 113 114 116 118 114 120 121 116 115 107 107 106 103 104 112 109 113 108 113 117 118 119 121 120 120 119 106 108 102 117 121 124 126 129 131 132 134 135 136 136 137 135 135 132
141 145 -3.4e+38 -3.4e+38 -3.4e+38 142 141 138 133 129 120 129 130 130 128 125 119 113 111 111 110 113 112 113 109 115 115 118 120 122 121 116 110 107 108 114 112 117 120 117 122 121 112 118 120 122 123 125 126 125 124 104 104 110 122 125 127 129 130 130 133 134 135 131 133 134 135 133 131
149 -3.4e+38 -3.4e+38 -3.4e+38 146 145 143 139 136 131 133 133 131 128 129 128 125 122 119 118 114 111 106 113 114 120 123 123 123 122 123 115 110 116 125 121 131 128 127 123 123 124 123 121 123 124 126 127 124 128 126 123 118 123 125 127 129 131 131 131 133 135 133 132 132 132 133 129 130
153 -3.4e+38 -3.4e+38 -3.4e+38 150 148 146 143 142 141 137 132 127 118 123 124 126 124 124 122 120 119 120 123 126 126 126 117 118 120 123 124 133 136 137 138 138 132 130 126 124 125 124 124 125 126 128 124 128 127 126 118 119 123 125 128 129 131 132 132 132 131 131 132 132 133 133 130 130
-3.4e+38 -3.4e+38 -3.4e+38 -3.4e+38 -3.4e+38 151 149 146 143 137 130 128 116 114 119 122 122 124 125 124 123 122 127 129 131 127 127 130 129 130 131 134 138 142 145 143 144 140 130 126 129 127 125 125 126 127 126 128 129 127 124 122 124 125 126 127 127 130 129 131 131 129 129 130 132 127 133 133 134
-3.4e+38 -3.4e+38 -3.4e+38 -3.4e+38 -3.4e+38 154 151 148 144 139 127 118 117 118 119 122 124 123 125 124 125 124 128 132 135 136 136 135 133 131 133 136 141 146 150 145 148 146 138 136 132 131 128 126 126 127 127 128 127 128 123 123 125 124 124 125 125 127 128 129 129 127 128 129 132 118 133 132 133
-3.4e+38 -3.4e+38 -3.4e+38 -3.4e+38 -3.4e+38 157 155 150 146 131 126 118 111 115 114 118 121 124 126 126 130 131 133 136 139 140 139 137 135 132 131 136 142 147 151 153 151 148 144 140 137 134 130 127 127 126 127 127 128 124 120 122 123 119 122 123 124 125 126 126 124 125 127 126 129 129 129 132 134
-3.4e+38 -3.4e+38 -3.4e+38 -3.4e+38 -3.4e+38 161 157 152 138 131 114 116 111 118 118 117 121 125 128 130 132 133 137 140 143 144 143 139 137 133 134 136 142 146 151 153 153 151 147 143 138 134 130 125 126 125 126 127 127 120 121 119 119 118 117 120 117 119 119 120 123 123 109 129 127 131 132 133 134
-3.4e+38 -3.4e+38 -3.4e+38 -3.4e+38 -3.4e+38 164 160 154 148 132 119 112 117 117 119 121 124 127 130 125 125 129 134 141 141 146 143 140 138 136 135 136 140 145 147 151 148 149 146 144 138 134 130 126 126 125 124 126 128 126 122 119 120 117 118 114 117 115 118 115 121 120 108 130 131 130 131 135 137
-3.4e+38 -3.4e+38 -3.4e+38 -3.4e+38 171 167 158 142 148 134 124 123 119 119 119 120 123 121 124 125 129 133 138 141 144 142 142 138 135 134 134 136 139 142 148 151 151 147 144 138 138 135 130 127 124 125 124 125 126 126 123 119 120 119 117 112 105 114 115 108 116 113 104 128 133 134 135 137 137
-3.4e+38 -3.4e+38 -3.4e+38 -3.4e+38 175 170 163 158 139 128 125 125 125 123 122 122 122 126 130 128 132 135 138 140 142 141 138 138 136 135 133 134 137 141 145 148 148 147 143 140 136 134 130 125 124 120 126 126 126 124 122 121 121 119 117 104 97 104 105 106 113 115 126 130 132 133 137 136 136
-3.4e+38 -3.4e+38 -3.4e+38 -3.4e+38 179 173 167 146 131 123 129 128 125 125 126 127 127 130 133 135 135 138 139 139 140 137 138 135 133 133 134 135 134 144 144 147 145 146 140 139 134 133 131 126 123 125 127 127 127 123 123 122 121 120 116 110 105 105 107 105 106 112 126 129 132 135 137 125 132
-3.4e+38 -3.4e+38 -3.4e+38 -3.4e+38 182 178 173 163 147 134 132 114 123 125 126 129 130 131 135 137 137 138 139 139 139 137 135 134 134 132 133 134 136 136 143 143 134 142 141 140 138 135 131 128 127 127 130 129 127 124 125 125 114 108 108 110 107 106 107 107 106 111 119 123 133 136 129 118 132
