EcoCrop/data/climate/tmin_7.asc
NCOLS 660 
NROWS 360 
XLLCORNER -20 
YLLCORNER -30 
CELLSIZE 0.1666667 
NODATA_value -3.4e+38 
[rows 248 to 278 of 360, columns 207 to 275 of 660]
145 148 129 113 107 101 102 94 85 81 92 92 89 88 88 85 86 86 84 84 81 75 71 70 73 69 71 73 79 81 86 83 88 89 87 86 88 87 86 86 85 84 83 84 83 82 82 80 80 78 75 74 74 79 78 78 74 66 67 69 69 71 72 72 71 69 71 71 65
144 140 129 116 110 105 103 99 88 87 88 85 88 80 81 78 83 85 82 79 73 73 68 67 63 66 69 70 72 77 80 85 85 86 87 87 85 86 84 83 82 81 80 79 79 78 77 75 74 73 72 72 72 73 75 75 72 66 63 63 69 68 69 66 66 67 66 64 62
140 135 113 117 110 107 98 97 85 87 91 88 87 80 79 77 84 85 80 71 67 59 60 54 61 65 63 69 74 78 80 83 84 87 89 83 83 83 82 81 79 78 77 75 75 74 73 72 70 70 70 70 68 69 68 68 64 60 62 64 63 62 61 63 61 64 61 60 57
140 118 113 98 107 100 97 87 88 89 86 85 87 81 77 78 81 82 76 68 56 48 47 49 56 58 63 67 69 70 78 79 82 82 82 84 79 82 80 78 76 74 73 71 70 69 68 67 67 66 64 65 65 63 64 63 60 57 61 63 60 63 59 60 62 59 62 58 55
133 128 103 104 106 101 96 94 92 83 85 81 82 78 76 80 79 82 75 63 49 40 41 45 50 51 59 66 68 67 73 75 77 77 78 79 80 79 78 75 73 71 69 67 66 64 64 63 63 64 62 62 57 60 50 54 55 57 59 63 60 63 62 65 63 61 59 60 51
127 79 92 99 100 90 95 94 91 85 79 81 80 76 75 78 79 79 71 60 48 42 41 43 45 50 56 63 65 71 76 73 77 74 77 77 76 77 75 73 71 69 66 64 62 60 59 59 58 59 60 61 59 52 57 58 54 59 61 61 55 61 60 66 64 61 59 58 52
114 114 112 91 93 67 94 93 86 81 78 77 75 76 74 76 76 74 67 58 49 44 43 43 48 54 53 57 61 67 71 75 76 77 72 74 73 74 72 69 67 65 62 60 57 56 54 55 55 56 57 56 58 55 57 58 60 58 56 64 57 62 66 64 61 62 58 58 54
108 97 90 95 86 89 88 86 80 74 73 76 74 73 73 72 74 71 65 57 51 47 44 45 51 56 59 61 66 67 72 72 71 73 75 75 70 71 70 67 64 62 58 56 54 51 50 49 50 51 55 55 55 55 55 63 59 59 59 63 66 65 65 65 65 63 60 58 56
113 101 96 98 78 69 80 80 76 72 73 72 72 71 71 73 71 68 63 58 52 51 45 46 49 54 57 58 68 62 66 67 76 69 69 71 71 70 67 64 61 58 55 52 50 47 45 44 46 50 49 48 56 60 63 62 64 66 67 66 66 63 67 65 64 61 61 59 55
96 105 76 77 87 81 75 79 76 73 74 71 72 68 72 73 72 63 65 59 53 51 47 52 49 52 56 61 60 62 67 67 69 70 73 67 66 65 63 61 60 57 54 51 48 45 42 40 43 50 54 55 60 62 67 64 66 66 67 63 65 66 65 62 64 60 58 59 56
110 104 97 74 77 75 74 78 74 73 73 73 72 68 68 70 68 65 62 59 52 51 50 50 53 52 58 60 65 64 69 71 77 69 70 66 64 62 61 61 57 54 52 49 46 45 42 42 46 51 57 62 64 66 67 69 66 68 67 67 67 68 66 63 59 58 56 55 54
112 102 86 67 73 70 74 73 73 71 70 73 71 67 68 70 67 64 60 56 53 49 50 53 54 52 57 61 61 70 69 73 71 72 72 67 64 64 58 56 54 53 51 49 46 45 44 44 48 52 59 65 68 69 70 69 69 69 69 68 66 64 63 62 60 61 58 56 55
93 62 77 74 69 70 72 70 70 67 70 72 69 68 68 67 66 61 60 54 55 48 52 51 53 52 56 61 68 71 70 75 71 76 67 65 64 63 59 54 53 52 50 48 46 46 47 47 49 54 58 67 71 72 71 70 71 70 69 69 66 62 65 62 61 58 59 55 56
56 68 72 66 64 70 70 71 69 63 67 70 66 65 66 63 59 59 57 55 51 53 55 54 56 54 56 65 69 66 75 74 71 70 67 68 63 58 55 54 51 48 49 47 48 47 49 49 53 54 58 65 73 72 72 72 71 71 72 68 65 63 63 63 61 60 59 58 57
62 67 69 69 68 71 68 67 64 65 64 68 64 65 63 60 58 58 54 51 52 52 55 58 59 60 59 65 68 71 75 76 78 74 70 66 59 55 53 51 48 48 47 48 49 50 52 52 55 57 60 64 69 71 73 72 72 74 68 66 64 64 63 63 62 61 61 58 60
71 67 69 63 70 70 68 67 64 62 62 62 61 61 61 55 57 52 50 51 47 52 49 54 54 58 56 59 62 72 68 70 73 68 69 67 58 55 51 50 47 46 46 49 49 52 53 55 58 61 63 66 70 72 73 73 72 71 72 68 66 66 64 64 61 60 63 63 63
70 70 73 68 67 69 70 69 65 60 61 62 60 58 59 54 54 52 51 49 50 50 47 51 57 55 56 60 60 69 64 68 68 67 64 59 58 60 57 50 46 45 46 48 52 54 56 58 61 63 66 69 72 74 75 73 72 70 69 66 64 66 61 62 60 61 62 63 63
72 72 71 71 67 68 69 67 65 61 61 59 56 60 55 53 52 48 45 45 45 46 47 53 50 55 55 58 60 65 67 65 66 63 60 58 57 52 56 50 47 47 49 52 54 56 58 61 64 67 69 73 74 74 74 75 73 71 67 65 63 61 60 61 60 61 61 63 64
70 72 67 70 70 70 65 64 62 58 62 56 56 59 54 50 47 45 43 43 45 44 46 47 51 52 57 58 60 59 60 61 64 62 59 58 54 53 50 50 49 49 50 54 56 60 62 65 68 70 73 75 76 77 77 76 75 74 68 65 62 59 57 60 57 58 57 59 62
68 68 69 71 66 63 64 62 59 59 58 60 57 54 55 51 48 45 40 40 41 44 45 49 50 51 53 54 57 58 59 63 59 57 57 56 53 51 50 51 49 49 52 55 59 61 65 67 71 75 77 80 80 79 79 77 75 71 70 65 63 59 59 57 58 57 56 60 61
65 67 66 70 68 67 63 62 60 60 58 57 58 54 56 49 47 44 40 41 41 46 46 47 48 51 52 54 55 56 57 56 60 56 54 53 55 54 51 50 52 52 54 57 61 64 67 71 74 78 81 83 83 84 82 79 76 72 69 65 62 58 58 56 56 55 57 59 60
62 64 66 71 70 68 69 63 61 62 57 59 57 55 57 49 46 47 44 44 45 45 46 48 51 52 52 52 57 55 54 55 53 53 52 53 54 53 54 51 53 54 56 59 64 67 70 74 78 82 84 87 87 86 84 80 77 72 69 65 62 58 58 58 55 54 57 58 60
65 66 69 67 69 71 70 65 63 64 60 59 58 58 54 51 48 48 48 46 45 47 47 49 49 50 52 52 55 53 52 53 53 51 51 51 50 51 51 53 53 55 59 62 65 69 72 75 79 84 89 91 89 87 84 81 77 73 69 66 62 60 57 56 55 53 57 57 57
69 70 73 72 71 71 70 69 66 66 62 58 57 59 56 55 50 49 47 50 47 47 49 49 50 53 50 52 55 53 51 51 51 50 48 48 49 51 52 53 55 57 60 63 66 69 73 76 80 85 91 95 93 89 85 82 78 74 70 66 63 60 58 55 54 54 56 56 55
73 75 76 74 74 73 72 70 67 64 62 62 58 57 58 55 55 51 49 49 48 49 50 51 52 50 51 50 53 51 50 50 47 47 47 48 48 50 52 53 55 58 61 63 67 70 74 77 81 86 90 94 91 88 85 82 77 73 69 65 62 60 58 55 54 55 54 51 55
77 78 78 77 77 74 72 69 67 66 63 64 59 58 56 55 54 53 55 52 50 52 53 51 55 53 51 51 52 50 48 48 47 45 45 47 47 48 50 53 56 60 61 64 68 71 74 79 83 85 88 91 91 87 84 80 77 72 68 66 62 60 56 54 53 53 51 51 52
81 81 81 80 78 75 74 71 69 67 66 63 61 60 58 59 57 56 57 55 55 52 53 55 52 53 52 51 51 50 48 48 47 45 44 44 46 48 50 53 55 59 62 65 68 71 75 78 82 83 86 89 89 87 85 81 77 73 68 67 61 59 57 54 52 50 50 52 54
81 82 82 81 80 77 73 71 70 67 65 64 64 63 60 60 58 58 57 56 56 55 56 56 55 55 53 53 54 49 48 48 46 46 44 44 46 48 52 53 56 60 63 65 68 71 74 76 80 83 84 85 87 84 81 77 73 70 69 63 61 59 56 54 52 50 53 54 54
83 84 83 83 81 78 74 70 67 66 66 65 64 63 62 60 60 59 58 60 57 57 57 57 56 57 55 55 53 52 49 48 47 47 46 46 47 50 52 53 56 59 63 66 68 71 73 76 77 81 83 84 87 83 79 75 71 69 64 64 61 56 57 52 52 50 53 53 52
84 85 84 83 83 79 74 71 68 68 67 67 65 63 63 62 61 60 60 59 60 60 58 59 57 57 56 57 55 51 51 49 49 49 47 47 49 50 52 56 57 60 63 65 67 70 72 75 76 79 80 81 81 79 76 72 69 68 63 60 58 57 55 54 52 51 54 52 54
85 83 83 83 83 79 75 71 69 69 68 66 66 64 64 63 62 61 62 63 62 61 60 61 59 58 57 57 56 54 52 50 50 50 49 50 50 51 53 56 58 60 63 64 67 70 71 73 75 76 77 77 76 76 72 70 65 63 59 60 60 54 54 56 55 56 53 53 55
