EcoCrop/data/climate/tmin_10.asc
NCOLS 660 
NROWS 360 
XLLCORNER -20 
YLLCORNER -30 
CELLSIZE 0.1666667 
NODATA_value -3.4e+38 
[rows 0 to 29 of 360, columns 276 to 344 of 660]
145 146 146 152 158 155 165 166 165 166 165 164 163 160 160 156 156 153 151 149 147 148 148 146 145 149 150 153 157 159 165 175 170 164 165 166 166 174 155 -3.4e+38 181 153 141 152 152 153 158 154 159 156 155 157 156 165 191 127 132 102 116 124 126 126 125 126 124 130 131 140 144
144 144 148 158 161 163 162 163 162 163 163 160 158 156 155 155 151 151 151 150 148 148 147 146 144 146 147 149 153 159 166 177 179 167 158 171 167 184 -3.4e+38 -3.4e+38 183 154 151 141 145 151 151 153 155 155 152 153 152 153 182 137 141 139 128 121 125 134 132 131 125 130 122 134 143
141 142 147 157 160 161 162 162 162 158 159 159 156 152 152 150 150 149 147 146 144 144 142 142 140 141 147 153 163 165 169 175 174 165 163 167 178 180 -3.4e+38 -3.4e+38 184 175 140 137 141 142 142 147 146 150 139 142 149 184 170 124 133 136 135 136 139 141 139 135 130 118 129 124 130
141 141 146 155 162 161 162 161 161 162 160 153 153 153 149 148 147 146 145 144 143 142 140 137 145 151 155 158 162 164 164 171 170 151 146 140 129 117 155 -3.4e+38 -3.4e+38 174 156 126 137 142 135 133 133 142 143 149 166 -3.4e+38 147 134 121 134 138 145 146 146 140 133 125 125 122 116 129
148 141 143 152 157 158 159 160 159 159 158 155 155 155 150 148 147 146 144 143 142 141 141 137 147 150 152 151 155 158 162 166 162 151 148 143 135 124 161 181 -3.4e+38 181 152 146 119 134 133 120 124 110 144 139 -3.4e+38 -3.4e+38 166 145 107 118 136 147 153 151 146 141 127 118 127 133 142
147 148 150 156 155 158 159 158 158 157 157 158 153 151 150 147 149 146 147 144 144 143 142 143 150 143 154 151 153 156 159 152 155 155 154 149 164 171 173 178 -3.4e+38 -3.4e+38 -3.4e+38 161 148 142 114 100 112 126 152 171 -3.4e+38 189 158 110 126 112 132 147 153 154 151 141 136 131 126 131 139
142 141 152 150 153 153 150 152 155 154 153 150 150 150 149 148 152 150 150 147 146 145 144 143 146 145 149 148 149 156 155 158 154 156 158 161 165 158 123 169 -3.4e+38 -3.4e+38 -3.4e+38 174 136 131 132 99 129 123 148 155 -3.4e+38 162 128 137 125 117 131 146 154 153 150 150 143 141 129 129 139
142 142 146 146 148 152 153 154 151 151 148 150 147 147 148 148 150 149 149 150 147 147 146 145 144 144 145 148 153 155 150 155 155 156 156 152 148 119 129 161 175 -3.4e+38 -3.4e+38 176 156 140 131 116 114 139 151 158 -3.4e+38 134 160 119 108 129 120 142 154 154 147 145 149 144 139 134 140
146 144 145 145 145 148 148 148 145 150 149 148 149 146 145 146 148 149 147 151 151 148 147 147 144 145 144 151 154 153 148 148 152 152 152 149 134 118 133 154 168 -3.4e+38 -3.4e+38 182 176 162 131 99 110 117 156 -3.4e+38 -3.4e+38 169 171 123 108 124 127 133 153 154 156 156 143 146 137 138 144
143 143 142 142 142 145 146 145 145 144 143 145 144 145 144 146 148 155 146 148 151 149 148 147 146 146 146 152 154 152 152 145 148 147 144 138 130 140 130 148 163 173 -3.4e+38 -3.4e+38 152 179 152 97 107 145 146 -3.4e+38 -3.4e+38 181 192 172 117 131 144 124 150 154 159 157 151 149 142 134 143
145 143 143 143 142 143 142 142 144 143 144 144 144 145 145 146 152 154 153 148 150 151 149 148 147 146 147 152 153 149 150 152 153 154 150 147 142 142 142 143 151 164 180 -3.4e+38 -3.4e+38 -3.4e+38 177 127 94 160 197 -3.4e+38 193 195 200 186 186 100 141 135 140 151 147 153 150 150 146 146 145
143 144 143 143 144 142 143 144 142 144 144 145 145 146 145 151 151 146 148 147 149 152 149 148 148 147 147 150 154 148 150 151 152 152 151 143 141 133 141 141 135 136 170 183 -3.4e+38 -3.4e+38 187 172 141 177 197 -3.4e+38 -3.4e+38 204 -3.4e+38 198 194 185 165 142 137 141 144 147 146 149 143 149 145
142 143 144 143 142 143 142 143 143 142 143 144 143 144 144 149 146 147 147 147 148 148 151 149 148 147 146 146 149 146 146 150 153 154 150 146 142 135 143 147 137 149 165 178 184 -3.4e+38 -3.4e+38 -3.4e+38 182 177 -3.4e+38 199 -3.4e+38 -3.4e+38 -3.4e+38 -3.4e+38 198 190 171 141 139 124 122 135 136 134 141 145 148
143 146 144 144 144 144 143 142 141 142 142 142 143 144 142 144 147 146 147 148 147 148 150 152 149 148 147 145 145 149 149 151 155 156 154 152 147 143 148 151 150 149 163 175 184 -3.4e+38 -3.4e+38 -3.4e+38 -3.4e+38 197 -3.4e+38 -3.4e+38 -3.4e+38 -3.4e+38 -3.4e+38 -3.4e+38 -3.4e+38 197 190 156 157 131 136 124 125 125 134 139 148
143 143 143 143 145 144 143 142 139 139 138 140 142 145 145 143 144 147 144 146 148 149 149 153 153 152 151 149 152 155 156 155 158 160 155 153 148 143 140 156 159 144 158 177 183 -3.4e+38 -3.4e+38 -3.4e+38 -3.4e+38 -3.4e+38 -3.4e+38 -3.4e+38 -3.4e+38 -3.4e+38 -3.4e+38 -3.4e+38 -3.4e+38 198 198 187 182 171 166 151 107 111 120 135 142
144 143 144 143 145 143 141 140 139 139 137 144 149 152 153 141 142 144 146 147 148 149 151 154 155 156 154 155 162 160 164 167 162 163 162 156 151 147 145 162 160 149 142 170 182 192 -3.4e+38 -3.4e+38 -3.4e+38 -3.4e+38 -3.4e+38 -3.4e+38 -3.4e+38 -3.4e+38 -3.4e+38 -3.4e+38 -3.4e+38 -3.4e+38 204 192 189 184 183 170 103 118 118 130 131
145 145 143 145 144 142 148 148 142 144 137 146 150 151 148 153 143 146 147 146 147 149 153 155 157 156 158 160 164 174 179 180 176 170 161 158 153 149 149 164 165 156 152 149 178 187 195 196 -3.4e+38 -3.4e+38 -3.4e+38 -3.4e+38 -3.4e+38 -3.4e+38 -3.4e+38 -3.4e+38 -3.4e+38 -3.4e+38 -3.4e+38 206 203 193 182 161 126 137 120 129 127
144 144 144 143 142 144 147 144 139 133 133 147 148 149 149 152 143 146 148 146 147 151 154 156 158 160 160 163 170 174 177 182 174 166 163 159 156 153 151 151 171 159 161 156 161 150 190 -3.4e+38 -3.4e+38 -3.4e+38 -3.4e+38 -3.4e+38 -3.4e+38 -3.4e+38 -3.4e+38 -3.4e+38 -3.4e+38 -3.4e+38 -3.4e+38 210 205 199 196 191 174 138 144 144 133
145 144 144 145 143 142 142 141 136 135 149 148 148 151 149 148 151 145 148 150 151 150 152 158 159 160 165 166 169 174 175 177 182 178 164 160 157 157 153 154 175 173 169 153 149 162 184 198 -3.4e+38 -3.4e+38 -3.4e+38 -3.4e+38 -3.4e+38 -3.4e+38 -3.4e+38 -3.4e+38 -3.4e+38 -3.4e+38 -3.4e+38 -3.4e+38 202 206 203 198 184 189 162 138 139
146 145 145 144 144 143 142 142 141 147 148 148 148 149 149 151 153 152 149 151 151 154 153 156 159 163 166 167 169 171 173 172 182 182 163 161 159 158 158 171 177 176 173 165 159 158 184 200 -3.4e+38 -3.4e+38 -3.4e+38 -3.4e+38 -3.4e+38 -3.4e+38 -3.4e+38 -3.4e+38 -3.4e+38 -3.4e+38 -3.4e+38 -3.4e+38 -3.4e+38 207 206 198 199 188 163 148 160
146 145 145 145 145 145 143 143 145 143 146 148 148 150 152 152 152 155 151 152 152 155 157 157 158 162 166 168 169 170 170 168 169 179 179 164 162 161 159 159 181 166 175 170 165 168 183 202 -3.4e+38 -3.4e+38 -3.4e+38 -3.4e+38 -3.4e+38 -3.4e+38 -3.4e+38 -3.4e+38 -3.4e+38 -3.4e+38 -3.4e+38 -3.4e+38 -3.4e+38 -3.4e+38 192 204 198 192 168 148 142
146 146 145 145 142 143 147 144 147 148 149 140 144 149 152 153 154 155 150 152 154 155 157 158 160 163 166 168 169 170 168 165 165 168 179 165 177 162 164 165 164 180 179 173 162 156 185 189 211 -3.4e+38 -3.4e+38 -3.4e+38 -3.4e+38 -3.4e+38 -3.4e+38 -3.4e+38 -3.4e+38 -3.4e+38 -3.4e+38 -3.4e+38 -3.4e+38 -3.4e+38 211 205 199 197 189 121 138
146 146 146 144 144 144 144 147 144 149 148 142 140 145 152 152 156 156 158 160 154 156 156 160 161 163 166 167 169 170 169 167 167 169 173 180 181 166 178 183 186 179 178 176 164 166 176 195 204 -3.4e+38 -3.4e+38 -3.4e+38 -3.4e+38 -3.4e+38 -3.4e+38 -3.4e+38 -3.4e+38 -3.4e+38 -3.4e+38 -3.4e+38 -3.4e+38 -3.4e+38 -3.4e+38 207 206 194 201 181 136
147 146 145 144 144 143 144 148 149 150 152 149 147 142 144 152 154 156 156 157 160 161 163 159 160 163 163 166 168 169 169 168 168 169 170 174 181 182 183 182 186 185 179 184 176 176 175 194 204 219 -3.4e+38 -3.4e+38 -3.4e+38 -3.4e+38 -3.4e+38 -3.4e+38 -3.4e+38 -3.4e+38 -3.4e+38 -3.4e+38 -3.4e+38 -3.4e+38 -3.4e+38 216 212 209 207 189 166
148 146 147 149 145 146 150 147 150 151 152 156 156 158 161 164 148 154 155 155 157 155 156 157 164 160 170 179 167 169 169 169 168 170 168 177 169 178 162 163 185 183 188 189 185 180 177 185 199 213 225 -3.4e+38 -3.4e+38 -3.4e+38 -3.4e+38 -3.4e+38 -3.4e+38 -3.4e+38 -3.4e+38 -3.4e+38 -3.4e+38 -3.4e+38 -3.4e+38 -3.4e+38 217 215 211 207 207
148 147 149 146 150 148 147 147 149 152 152 158 157 160 162 165 158 168 147 149 151 153 153 153 163 170 178 179 177 167 166 167 166 168 169 169 168 166 164 162 185 179 186 189 190 189 187 179 184 190 217 -3.4e+38 -3.4e+38 -3.4e+38 -3.4e+38 -3.4e+38 -3.4e+38 -3.4e+38 -3.4e+38 -3.4e+38 -3.4e+38 -3.4e+38 -3.4e+38 219 219 216 212 205 210
149 149 148 147 146 148 148 149 150 151 152 154 157 161 163 164 167 172 169 172 152 152 152 153 155 175 179 184 181 168 167 166 164 167 167 167 165 164 181 180 181 177 178 186 188 183 180 176 176 178 201 221 -3.4e+38 -3.4e+38 -3.4e+38 -3.4e+38 -3.4e+38 -3.4e+38 -3.4e+38 -3.4e+38 -3.4e+38 -3.4e+38 -3.4e+38 -3.4e+38 -3.4e+38 219 217 213 200
149 148 147 145 147 147 149 149 149 150 152 154 157 161 164 164 166 167 171 173 174 167 152 154 167 177 182 187 186 169 167 166 166 167 165 165 163 165 182 182 173 177 180 186 187 187 180 186 185 185 181 211 -3.4e+38 -3.4e+38 -3.4e+38 -3.4e+38 -3.4e+38 -3.4e+38 -3.4e+38 -3.4e+38 -3.4e+38 -3.4e+38 -3.4e+38 -3.4e+38 -3.4e+38 -3.4e+38 220 216 203
150 146 146 145 147 148 148 149 150 150 152 154 157 162 165 162 161 165 171 171 169 174 175 177 177 178 183 189 189 170 170 169 169 168 167 165 164 163 179 187 184 184 186 182 182 189 190 188 185 184 196 204 219 -3.4e+38 -3.4e+38 -3.4e+38 -3.4e+38 -3.4e+38 -3.4e+38 -3.4e+38 -3.4e+38 -3.4e+38 -3.4e+38 -3.4e+38 -3.4e+38 -3.4e+38 -3.4e+38 219 207
149 146 144 144 145 146 148 150 152 151 155 156 158 159 163 162 164 165 166 165 172 172 172 176 178 179 186 190 189 178 173 172 171 170 169 168 168 168 181 187 189 191 190 185 192 193 187 190 189 187 186 186 209 -3.4e+38 -3.4e+38 -3.4e+38 -3.4e+38 -3.4e+38 -3.4e+38 -3.4e+38 -3.4e+38 -3.4e+38 -3.4e+38 -3.4e+38 -3.4e+38 -3.4e+38 -3.4e+38 -3.4e+38 209
