EcoCrop/data/climate/tmin_4.asc
NCOLS 660 
NROWS 360 
XLLCORNER -20 
YLLCORNER -30 
CELLSIZE 0.1666667 
NODATA_value -3.4e+38 
[rows 270 to 299 of 360, columns 276 to 344 of 660]
137 136 134 140 138 140 139 139 141 142 143 145 145 143 144 144 145 147 148 152 151 163 156 165 183 190 187 173 151 162 158 164 163 159 161 160 161 170 181 185 189 191 188 186 182 161 164 173 172 163 152 137 171 184 186 190 180 182 183 181 179 179 179 180 150 174 169 160 145
133 129 137 138 142 143 140 142 143 145 145 145 143 142 144 146 145 148 152 144 142 163 145 169 180 190 186 155 156 167 163 163 163 162 167 159 167 173 179 184 187 194 190 189 186 176 167 158 169 162 145 143 179 188 190 180 178 181 181 179 179 176 178 178 174 155 145 158 162
133 134 139 140 143 144 143 144 145 145 144 143 140 139 141 146 149 151 143 146 153 165 160 177 182 189 185 179 176 171 169 167 165 159 169 171 179 182 185 187 189 199 191 193 196 195 194 187 184 182 169 167 195 190 187 162 174 179 179 178 177 175 175 173 170 171 152 159 166
138 140 140 140 143 143 143 143 144 143 144 145 146 145 145 147 149 147 147 146 157 173 184 181 177 188 191 186 183 167 172 175 177 176 176 176 182 186 188 187 172 204 197 196 197 197 198 192 190 166 175 196 201 185 178 166 174 176 177 177 172 169 171 172 172 176 172 170 169
141 141 141 141 141 141 142 142 142 143 143 143 147 145 145 162 156 157 142 182 182 181 175 177 177 151 180 179 175 174 174 173 172 174 175 178 180 181 183 186 191 197 203 198 195 198 204 202 202 195 185 193 201 178 163 170 172 171 168 176 170 173 173 174 175 180 177 175 182
140 137 140 139 138 140 142 142 142 141 139 140 145 146 160 184 185 182 181 180 179 176 173 159 159 172 171 170 166 165 167 167 165 166 164 167 173 175 176 178 186 190 196 203 206 196 203 202 201 182 204 190 209 180 156 171 171 129 165 177 174 176 173 174 165 181 181 185 181
141 140 137 136 136 138 139 140 138 140 140 137 141 152 162 174 187 185 179 178 176 169 169 166 167 168 164 163 159 163 162 161 162 160 159 161 163 166 172 179 183 187 191 198 207 209 206 202 201 200 200 208 208 202 163 170 173 170 173 181 181 180 174 173 172 187 187 191 192
140 137 135 130 131 136 137 138 137 139 138 136 133 152 179 185 188 184 163 153 156 155 148 161 165 159 162 160 158 159 159 160 158 156 156 151 154 161 166 179 183 184 192 194 195 204 209 206 202 202 200 205 208 208 186 181 177 170 172 178 184 175 163 172 184 187 193 193 194
139 136 131 128 129 130 135 134 133 135 145 159 168 179 181 185 172 170 167 158 150 143 145 148 145 134 140 140 147 148 154 154 154 150 133 147 157 160 167 175 182 189 192 195 196 205 207 204 201 193 201 200 202 208 204 196 184 181 176 181 184 185 185 187 191 192 193 193 194
140 136 126 123 124 126 129 128 128 138 158 165 173 183 186 188 188 182 177 164 144 137 140 139 130 129 133 134 133 135 139 129 129 129 130 138 137 144 150 161 168 178 188 195 199 193 197 205 208 204 206 202 196 202 201 199 194 181 176 175 181 180 189 192 191 194 199 199 198
136 129 125 125 120 119 122 125 134 151 170 178 181 183 185 187 186 181 160 155 141 135 136 131 123 119 122 130 130 124 127 132 135 134 133 139 142 153 153 163 150 172 185 191 189 188 193 196 194 204 204 202 203 192 195 199 199 192 190 183 182 185 184 189 195 199 200 202 206
132 129 128 126 121 123 123 127 137 170 177 179 181 182 182 167 167 166 157 147 137 133 131 132 125 112 121 132 128 125 121 122 121 132 135 140 146 149 154 157 153 162 173 185 186 182 187 192 193 195 197 198 201 196 188 200 199 193 184 186 189 187 188 193 193 200 202 204 208
134 131 131 128 126 124 133 146 155 178 179 180 180 176 172 157 167 171 158 149 140 135 129 128 124 112 102 115 118 121 113 99 122 130 138 139 147 142 149 150 156 163 172 176 178 179 184 184 189 191 195 195 194 198 178 200 196 188 184 188 188 191 194 197 198 198 204 207 210
138 132 135 132 129 132 129 159 177 180 179 170 167 174 176 170 167 164 163 157 145 138 129 124 124 129 117 111 105 119 109 114 129 134 134 133 135 143 143 140 153 163 170 166 169 176 178 182 187 193 191 189 192 196 187 200 191 184 185 189 194 195 199 198 200 204 209 207 211
138 137 140 134 134 142 149 179 182 181 174 172 167 173 171 165 167 162 157 158 152 144 133 124 126 128 121 112 98 105 102 111 132 132 132 132 138 138 138 147 155 155 164 165 165 172 177 182 183 187 189 191 191 195 200 199 184 182 188 192 195 198 200 205 205 208 210 213 216
147 147 140 138 136 158 177 182 183 176 177 171 156 167 168 168 165 159 156 152 151 148 139 133 127 124 121 107 109 114 116 117 126 131 127 131 132 136 140 147 141 157 153 160 164 169 177 176 178 184 184 187 190 193 198 198 190 187 191 195 199 202 204 206 209 211 213 215 217
150 152 153 142 146 167 176 182 179 155 151 149 159 166 164 166 161 154 153 151 149 145 142 132 129 123 120 118 117 117 118 119 125 124 123 125 126 135 135 139 134 133 154 166 163 168 173 173 178 182 184 187 190 192 197 196 194 192 195 196 200 204 206 210 212 213 215 -3.4e+38 -3.4e+38
157 171 161 164 171 172 180 180 164 167 156 159 162 157 156 160 159 153 152 151 147 143 138 136 133 126 122 119 117 118 125 116 119 122 122 119 127 130 131 134 120 150 140 167 167 170 173 175 179 184 187 191 192 196 198 196 196 198 197 199 203 206 209 212 215 216 -3.4e+38 -3.4e+38 -3.4e+38
153 155 164 174 173 173 172 162 160 154 156 160 157 158 148 152 153 146 149 148 143 141 136 133 131 127 126 122 120 120 121 117 116 117 113 111 118 121 120 131 118 133 141 170 171 171 171 175 178 185 192 192 196 199 196 194 190 194 199 201 204 207 212 214 217 218 -3.4e+38 -3.4e+38 -3.4e+38
156 158 163 171 170 159 154 152 154 149 148 148 149 152 148 143 144 141 139 144 142 138 136 133 129 127 127 127 122 121 120 116 114 111 113 106 109 116 107 120 106 114 163 169 172 170 172 172 177 181 188 194 197 197 192 187 193 196 199 200 205 210 214 217 219 -3.4e+38 -3.4e+38 -3.4e+38 -3.4e+38
152 162 165 167 155 147 144 143 145 145 143 143 141 141 139 140 137 135 130 127 138 136 134 134 130 128 124 124 122 119 120 116 117 120 115 115 109 105 101 103 107 156 162 167 169 170 172 170 126 184 189 195 196 190 189 193 195 200 202 203 207 212 218 220 -3.4e+38 -3.4e+38 -3.4e+38 -3.4e+38 -3.4e+38
155 154 158 151 140 135 139 137 144 139 137 136 136 135 135 134 134 135 130 131 132 134 129 128 126 125 123 122 118 119 117 120 121 122 120 117 116 112 122 122 139 111 159 167 163 172 171 174 171 183 193 196 196 190 192 193 198 202 205 208 210 216 221 -3.4e+38 -3.4e+38 -3.4e+38 -3.4e+38 -3.4e+38 -3.4e+38
148 149 145 141 137 135 134 134 139 137 138 135 135 135 136 138 138 135 129 126 128 128 127 126 127 123 121 121 116 119 116 120 123 117 125 125 121 120 126 122 114 138 154 163 169 172 175 175 175 190 194 197 190 192 196 198 202 205 208 210 213 218 -3.4e+38 -3.4e+38 -3.4e+38 -3.4e+38 -3.4e+38 -3.4e+38 -3.4e+38
145 145 145 140 138 136 135 134 135 133 134 132 131 132 129 132 133 131 126 127 123 124 125 124 123 120 121 118 119 117 111 116 122 126 126 131 129 125 131 134 134 153 156 160 162 168 171 176 179 191 195 197 191 195 199 201 205 208 211 212 -3.4e+38 -3.4e+38 -3.4e+38 -3.4e+38 -3.4e+38 -3.4e+38 -3.4e+38 -3.4e+38 -3.4e+38
144 146 143 140 138 136 135 135 135 134 134 130 130 128 129 127 126 127 127 124 124 119 120 121 120 118 120 117 117 118 118 121 126 129 132 134 133 128 124 123 123 154 157 160 163 163 169 178 185 191 195 198 194 198 201 205 208 210 -3.4e+38 -3.4e+38 -3.4e+38 -3.4e+38 -3.4e+38 -3.4e+38 -3.4e+38 -3.4e+38 -3.4e+38 -3.4e+38 -3.4e+38
145 144 141 140 137 137 135 135 135 135 133 132 132 128 126 128 125 123 125 125 125 122 119 121 117 115 119 117 115 114 121 126 124 131 134 134 136 132 135 137 133 151 157 161 161 166 179 183 185 193 197 200 199 202 205 208 211 -3.4e+38 -3.4e+38 -3.4e+38 -3.4e+38 -3.4e+38 -3.4e+38 -3.4e+38 -3.4e+38 -3.4e+38 -3.4e+38 -3.4e+38 -3.4e+38
144 143 141 138 138 137 136 136 136 135 134 132 131 127 128 126 123 122 124 122 123 121 118 117 120 116 115 116 114 112 119 123 129 132 131 133 138 137 135 137 109 152 154 160 163 171 181 184 188 194 198 202 202 206 209 211 212 -3.4e+38 -3.4e+38 -3.4e+38 -3.4e+38 -3.4e+38 -3.4e+38 -3.4e+38 -3.4e+38 -3.4e+38 -3.4e+38 -3.4e+38 -3.4e+38
143 142 141 140 139 137 136 136 135 135 134 132 128 126 126 125 124 121 121 120 119 119 119 119 123 123 121 118 119 117 120 126 130 131 135 131 138 146 146 130 123 146 156 161 163 184 184 185 190 194 199 204 206 210 212 213 -3.4e+38 -3.4e+38 -3.4e+38 -3.4e+38 -3.4e+38 -3.4e+38 -3.4e+38 -3.4e+38 -3.4e+38 -3.4e+38 -3.4e+38 -3.4e+38 -3.4e+38
144 143 141 141 139 136 135 135 134 134 134 130 128 124 127 128 127 123 117 114 119 120 120 124 128 126 128 127 125 122 122 123 128 132 135 138 139 148 156 143 129 119 106 155 176 182 185 189 191 193 198 205 -3.4e+38 214 -3.4e+38 -3.4e+38 -3.4e+38 -3.4e+38 -3.4e+38 -3.4e+38 -3.4e+38 -3.4e+38 -3.4e+38 -3.4e+38 -3.4e+38 -3.4e+38 -3.4e+38 -3.4e+38 -3.4e+38
144 142 141 139 138 136 134 133 132 132 129 129 127 125 123 128 125 122 119 115 113 122 126 132 131 129 132 131 126 126 126 122 130 132 134 137 145 150 149 130 125 129 140 176 179 182 185 188 192 197 201 204 209 -3.4e+38 -3.4e+38 -3.4e+38 -3.4e+38 -3.4e+38 -3.4e+38 -3.4e+38 -3.4e+38 -3.4e+38 -3.4e+38 -3.4e+38 -3.4e+38 -3.4e+38 -3.4e+38 -3.4e+38 -3.4e+38
