EcoCrop/data/climate/tmin_10.asc
NCOLS 660 
NROWS 360 
XLLCORNER -20 
YLLCORNER -30 
CELLSIZE 0.1666667 
NODATA_value -3.4e+38 
[rows 60 to 89 of 360, columns 276 to 344 of 660]
184 184 184 183 183 182 179 183 184 188 190 194 197 195 197 201 199 200 200 203 203 202 205 206 206 210 212 212 211 213 212 214 216 216 216 218 218 217 220 220 222 222 222 223 222 222 222 221 221 219 218 216 215 214 209 205 198 201 201 182 193 193 157 180 166 212 236 -3.4e+38 -3.4e+38
185 185 184 184 182 180 180 186 190 192 193 194 195 198 199 199 199 200 202 203 204 204 206 207 208 209 211 211 212 213 213 212 215 218 218 217 219 221 222 224 224 225 225 201 225 225 224 224 223 222 219 219 218 216 209 212 203 202 200 198 195 190 185 187 189 224 237 245 -3.4e+38
186 187 186 185 184 181 181 185 188 192 194 196 195 199 201 201 202 202 203 204 203 204 204 209 208 210 211 213 213 214 214 215 214 215 217 218 221 222 223 226 227 226 226 226 227 226 225 226 225 223 222 222 220 219 216 214 210 209 206 202 196 193 187 199 197 169 237 -3.4e+38 -3.4e+38
188 189 187 186 185 180 181 182 188 193 192 197 198 198 198 201 200 204 205 205 206 206 208 210 210 211 211 212 214 215 216 217 218 218 220 222 224 224 227 228 228 229 227 228 228 228 228 229 228 225 225 224 222 222 220 218 215 213 208 204 197 193 187 193 195 215 236 250 -3.4e+38
190 187 190 187 187 179 180 181 188 193 196 197 199 198 199 200 201 201 207 207 207 209 210 210 210 211 210 213 215 217 219 221 220 220 223 226 226 227 229 230 231 230 228 229 231 231 231 230 228 228 228 227 226 224 222 220 219 214 208 207 199 195 181 193 162 210 235 251 -3.4e+38
191 189 191 187 185 182 184 182 188 193 195 196 198 199 200 200 202 205 207 207 209 210 211 211 212 209 211 214 216 219 221 222 223 225 227 226 231 230 231 232 231 230 229 230 232 235 232 231 232 232 230 229 228 227 225 223 220 217 212 205 204 189 185 188 195 205 231 248 -3.4e+38
189 189 190 187 186 185 187 186 189 193 196 197 199 198 200 201 202 205 206 209 209 211 213 213 213 214 214 217 218 221 223 223 226 229 230 231 234 236 235 234 230 231 229 233 234 236 235 235 235 234 232 231 229 227 227 211 221 218 198 206 199 198 197 180 172 183 218 243 255
190 189 190 189 190 188 184 187 191 195 197 197 199 200 201 201 203 205 204 211 211 212 214 215 214 215 216 219 221 221 224 225 231 232 232 232 237 234 234 234 233 234 231 233 236 238 237 235 237 236 234 233 230 228 227 224 221 217 213 211 206 207 201 173 184 180 164 239 251
191 191 190 190 190 190 188 188 192 193 196 197 197 200 202 202 204 204 208 210 212 213 213 216 216 217 219 221 223 222 223 227 232 235 235 239 238 237 236 234 234 232 224 233 236 239 240 239 238 237 237 235 233 230 230 226 222 217 218 216 213 214 209 201 194 184 165 200 246
192 191 191 191 192 191 187 187 192 193 194 195 196 201 203 203 207 209 210 209 212 213 214 214 216 218 220 224 226 226 229 229 233 236 239 240 240 237 236 224 233 233 234 236 239 240 244 242 241 240 239 238 236 234 231 228 224 223 220 218 218 220 216 209 200 189 172 223 240
192 193 193 195 191 190 186 186 187 192 196 195 198 201 204 206 207 210 209 210 210 213 216 216 218 220 221 225 228 228 231 231 236 238 241 241 238 239 238 236 233 232 233 236 239 239 244 245 244 242 241 241 237 235 232 228 227 225 223 221 221 219 219 211 200 183 185 226 234
193 194 194 195 195 191 188 188 191 196 198 199 201 200 203 204 207 207 207 210 210 214 215 217 218 220 224 225 228 231 232 234 239 240 238 241 239 239 238 238 237 231 233 238 240 240 245 248 247 245 243 241 239 236 233 231 229 228 220 221 220 221 217 207 206 155 191 223 233
193 194 193 194 191 195 192 193 197 199 201 202 202 204 205 207 204 205 207 210 211 212 214 217 221 224 224 226 227 232 234 237 238 240 241 241 241 238 237 236 236 235 238 236 240 243 246 250 249 246 244 242 240 237 235 234 233 232 229 227 224 219 217 215 209 199 218 231 243
194 193 192 191 194 193 198 199 197 202 201 204 204 206 208 208 209 210 212 213 216 217 219 220 222 223 223 225 230 230 233 235 238 238 239 241 239 240 242 242 240 233 239 239 241 245 248 250 250 247 245 242 241 239 237 235 234 232 229 228 224 220 219 220 215 216 234 214 244
195 193 191 194 199 199 201 201 201 203 204 205 206 206 209 210 210 211 212 215 217 217 216 218 218 220 225 229 229 229 231 231 235 238 241 240 242 242 240 243 244 242 241 242 244 247 248 250 249 246 245 243 241 240 238 237 235 227 233 232 230 225 223 228 220 242 238 246 244
196 194 196 197 197 200 202 201 199 204 203 206 206 209 209 211 212 213 216 217 215 216 217 216 216 221 228 225 225 227 229 231 236 238 240 237 237 241 240 241 241 243 243 243 246 247 247 246 245 246 244 244 242 240 239 238 236 236 234 232 230 225 227 234 229 218 238 239 243
197 198 197 199 200 200 200 199 202 204 205 205 206 210 210 210 212 214 216 215 214 215 213 214 215 222 228 227 222 225 226 233 235 239 240 235 233 238 238 239 239 242 239 242 245 245 247 243 244 244 244 242 241 239 238 237 236 235 235 233 232 230 229 237 230 228 228 233 241
196 196 196 196 199 199 196 198 201 203 204 203 207 209 211 212 211 213 216 214 215 212 212 212 219 225 228 228 219 220 225 230 237 240 239 237 236 237 237 236 237 240 241 241 244 246 243 242 242 243 242 241 240 238 238 237 237 236 235 233 234 230 233 237 230 224 194 232 240
194 195 192 196 197 196 192 198 200 202 204 206 207 209 211 211 211 214 214 213 213 211 222 224 227 227 225 228 220 218 224 232 237 240 240 238 238 237 236 236 238 239 243 246 246 246 245 240 239 242 241 239 238 238 235 236 236 234 235 235 233 231 234 237 230 221 220 233 240
194 193 191 192 196 199 189 196 199 202 204 205 207 210 210 212 212 213 214 208 208 220 222 224 223 224 228 228 228 222 223 231 228 240 242 241 238 238 238 239 241 241 241 243 246 246 242 241 240 240 239 238 236 236 235 234 234 234 233 234 234 233 233 233 228 222 224 237 239
192 188 189 191 191 197 189 194 199 201 203 205 206 208 210 212 213 214 215 204 220 221 223 222 215 218 227 223 227 218 223 230 233 238 241 242 239 238 238 237 241 243 244 244 243 244 240 241 239 239 237 236 235 234 233 233 232 231 232 232 233 232 232 231 226 225 233 237 237
189 189 188 190 192 198 189 195 197 200 203 205 206 209 211 212 214 215 216 219 221 221 222 223 219 221 226 225 223 223 224 230 231 236 241 241 238 236 239 240 242 241 241 243 238 239 238 237 236 237 236 234 233 232 231 231 230 229 230 230 231 232 232 230 227 219 232 238 238
185 182 185 190 193 197 191 192 195 199 202 205 207 209 211 214 214 217 217 217 218 222 221 221 221 222 221 222 222 220 223 229 228 236 240 240 237 236 238 241 240 238 237 239 234 232 235 234 234 234 233 232 231 231 229 229 228 227 227 228 229 230 231 230 228 223 232 237 238
183 180 187 191 192 196 185 189 194 197 202 204 206 209 211 214 215 214 214 215 218 220 222 223 222 222 221 218 216 216 223 228 232 236 240 240 239 235 237 241 238 233 233 234 231 228 229 232 230 229 230 230 229 229 227 226 225 225 225 226 227 228 230 228 227 230 234 236 238
176 185 191 189 188 194 195 193 193 197 201 202 205 209 212 213 215 214 213 212 216 219 220 222 223 223 222 221 218 218 225 228 230 237 239 240 238 235 237 240 239 234 232 230 227 224 227 229 228 225 227 226 226 226 225 223 223 223 223 223 224 226 229 226 224 226 230 234 238
183 187 190 184 186 188 193 193 192 196 198 203 206 209 212 213 214 212 211 211 214 217 221 220 221 222 221 219 218 221 227 230 233 236 239 239 237 237 238 240 239 237 235 231 228 225 224 226 225 224 224 224 222 223 222 221 221 221 222 223 224 227 230 220 220 221 223 229 235
184 189 189 185 182 185 189 193 191 190 198 203 208 209 211 212 214 212 210 207 212 215 220 221 223 221 221 219 222 218 226 231 234 237 239 236 239 242 243 250 243 237 232 230 226 226 222 224 223 221 222 222 221 220 219 218 218 218 220 222 224 229 232 227 217 218 214 224 230
188 183 172 161 175 185 188 192 189 192 195 200 206 208 211 212 213 211 209 206 209 214 220 222 219 223 222 222 218 220 225 227 231 236 238 235 236 239 245 245 241 237 232 229 226 225 223 222 221 220 219 219 217 217 217 216 216 216 220 222 225 229 226 228 203 208 203 184 222
184 179 166 142 166 187 188 189 189 195 195 203 204 207 211 212 211 212 208 206 207 214 218 222 220 221 219 217 220 223 225 229 231 236 237 237 237 237 240 240 237 232 228 227 223 224 223 222 220 220 219 217 214 215 215 214 214 215 217 222 224 226 227 224 210 215 210 204 210
184 183 179 186 187 192 192 190 191 191 191 199 201 207 209 210 210 211 208 207 210 214 218 221 223 223 218 222 223 225 229 229 232 233 235 235 233 235 237 236 233 229 224 224 223 221 221 221 219 219 218 217 214 212 213 214 214 216 218 221 222 223 223 219 216 210 206 200 193
