EcoCrop/data/climate/tmin_8.asc
NCOLS 660 
NROWS 360 
XLLCORNER -20 
YLLCORNER -30 
CELLSIZE 0.1666667 
NODATA_value -3.4e+38 
[rows 248 to 278 of 360, columns 276 to 344 of 660]
85 81 80 79 85 84 83 82 86 89 90 90 89 91 92 84 83 87 94 109 115 121 120 120 120 118 118 117 116 111 109 108 102 101 99 108 112 125 133 137 139 140 135 119 119 113 105 88 81 104 158 163 166 168 110 140 161 163 165 166 166 164 163 166 173 166 176 175 180
79 78 78 78 82 82 79 81 86 90 88 88 89 88 89 86 82 88 100 107 112 114 118 118 117 117 116 115 114 113 107 109 105 90 103 108 112 123 136 137 137 136 125 121 121 115 100 94 135 143 160 166 172 171 101 156 166 165 164 164 169 169 171 172 176 180 177 181 182
79 78 75 76 79 79 77 78 80 86 87 86 86 86 89 85 85 90 99 104 110 112 114 115 115 115 114 114 113 112 110 105 106 103 115 115 128 130 135 136 133 126 119 121 125 125 100 103 151 158 164 170 179 175 127 164 164 164 161 163 170 172 170 174 174 177 179 180 181
75 72 71 73 73 73 75 77 79 83 84 83 83 84 87 90 89 94 98 102 104 107 110 112 112 113 113 112 111 111 108 108 105 107 126 116 131 133 134 131 127 116 115 117 123 132 102 126 151 163 167 176 183 171 162 165 163 160 156 163 168 170 170 173 174 174 178 179 180
77 72 70 72 73 73 74 76 77 77 80 76 80 80 84 86 89 92 96 99 101 104 108 108 110 111 110 110 108 107 103 104 101 103 130 126 130 132 131 125 119 112 107 108 116 117 102 111 160 164 170 177 182 155 165 163 156 158 156 164 167 169 168 169 173 176 177 164 177
77 73 72 74 75 73 75 75 76 76 76 74 77 71 80 85 87 93 96 95 100 102 104 106 107 109 109 108 105 105 102 99 100 122 130 131 130 132 129 125 120 107 98 99 108 111 112 119 160 165 170 176 166 160 157 159 139 149 155 160 162 166 167 162 170 171 173 176 174
74 76 75 79 75 75 76 76 75 75 74 70 71 71 75 83 84 87 91 93 97 100 102 103 104 105 105 106 103 100 96 99 104 127 128 129 131 130 128 121 111 105 99 99 104 108 112 123 158 163 168 172 158 148 155 151 136 151 117 153 154 158 163 162 165 169 175 177 173
78 77 80 80 78 76 76 79 76 76 72 68 66 69 73 79 84 85 89 92 94 96 98 100 102 104 103 100 100 98 96 100 112 123 127 131 131 130 125 118 112 106 100 102 106 112 121 116 151 162 165 168 171 168 128 98 139 131 120 142 150 152 150 167 170 171 172 175 173
80 81 79 82 80 79 79 81 80 80 75 73 72 74 75 81 84 85 90 90 93 94 94 98 98 99 97 99 95 94 97 100 121 127 128 131 130 128 125 120 113 108 109 109 114 113 125 118 135 160 163 166 168 129 119 102 135 137 105 139 148 155 164 165 169 171 170 169 170
78 81 83 85 85 85 84 85 83 83 76 78 76 81 80 81 84 87 89 89 91 90 89 93 95 93 95 95 90 91 97 95 125 126 129 130 128 127 122 118 115 112 113 115 118 118 114 118 140 159 161 165 166 106 110 120 131 134 118 131 148 152 158 163 167 165 164 166 165
79 80 83 89 88 91 88 91 87 86 84 82 85 83 84 88 86 83 86 87 85 86 87 90 91 90 88 88 90 92 93 126 127 125 129 128 126 124 122 121 119 119 118 118 115 113 117 122 137 156 161 165 167 130 139 116 126 125 119 132 150 156 157 161 161 159 161 161 158
80 83 87 91 93 95 95 95 95 91 92 90 89 90 90 89 87 85 86 86 83 78 84 85 85 87 94 95 101 98 95 130 129 130 125 126 124 128 126 125 125 121 119 118 115 117 113 112 135 154 159 164 167 145 136 107 119 120 133 150 155 159 160 159 157 157 154 153 143
80 84 87 94 95 93 101 101 98 97 95 95 93 89 91 90 87 85 82 82 82 77 75 77 79 89 95 107 117 116 116 132 133 130 125 127 128 128 128 129 127 123 120 116 115 110 104 97 125 151 161 165 168 165 136 112 130 126 141 154 153 156 157 155 148 148 145 147 144
83 87 94 92 93 98 105 104 101 101 97 94 95 94 91 89 87 86 87 86 82 77 75 79 80 87 101 123 127 116 132 135 133 131 123 130 124 126 127 129 120 123 119 115 111 106 99 95 125 145 159 167 171 167 160 121 138 146 145 148 156 156 152 151 143 140 135 138 143
86 90 93 91 93 96 101 104 104 104 100 98 97 96 92 91 92 91 89 85 81 78 74 81 82 92 111 125 123 124 136 134 133 131 129 129 126 126 125 125 119 116 114 110 106 102 100 100 110 136 158 168 173 175 173 124 132 142 145 150 153 154 150 144 140 134 135 143 143
86 91 92 94 96 98 101 105 107 106 104 104 102 100 96 96 92 91 90 86 81 78 79 82 93 112 126 126 129 136 136 129 127 129 128 127 120 122 122 119 115 112 109 105 100 100 101 105 102 119 151 167 175 178 176 118 131 137 151 152 153 151 147 143 145 141 143 146 144
89 90 94 93 95 96 103 105 106 107 107 106 105 103 101 96 94 94 94 86 83 81 84 92 111 125 119 111 136 133 133 131 131 128 124 125 123 122 120 122 110 107 103 102 98 99 96 98 91 95 121 163 172 181 175 161 138 145 149 151 151 147 145 146 146 143 143 142 145
91 92 96 96 97 97 105 107 107 108 108 108 108 106 104 102 98 94 94 90 85 77 78 91 116 121 125 137 130 132 132 131 131 126 124 126 124 123 121 116 108 110 108 101 95 97 94 92 90 95 98 157 166 165 167 164 134 140 148 151 150 146 143 143 142 139 141 141 141
92 93 95 97 98 104 105 107 108 109 109 109 108 107 104 104 101 96 97 90 87 83 85 105 128 116 135 131 128 130 127 128 130 125 125 124 125 126 125 121 120 118 118 112 103 97 95 93 93 97 99 150 157 145 148 157 141 143 150 150 148 144 144 143 141 137 137 136 136
91 92 95 96 99 99 101 105 106 108 108 109 109 107 105 104 103 98 100 97 88 110 109 123 119 107 138 129 126 128 126 123 125 127 127 128 127 128 134 132 135 126 110 124 108 99 99 99 99 102 102 126 147 144 135 154 148 143 149 149 147 144 143 142 138 137 133 131 130
91 92 94 96 94 96 98 102 105 106 107 107 108 107 107 105 104 101 122 122 119 126 127 115 134 130 134 119 123 125 119 121 126 127 123 126 129 133 137 138 140 126 134 132 113 108 106 110 106 109 104 109 121 139 141 151 150 143 147 147 146 143 143 141 141 137 129 123 121
89 89 86 91 95 97 99 101 103 105 107 107 106 106 104 105 113 123 123 126 124 125 122 101 122 139 134 135 127 118 123 123 128 125 122 123 128 127 128 144 138 143 143 138 134 119 113 121 117 119 108 107 132 140 143 150 149 144 147 145 143 144 141 137 139 120 123 116 114
85 86 85 93 94 99 100 102 104 106 108 109 109 106 103 102 102 102 102 106 104 115 109 118 137 145 143 130 112 122 119 126 125 123 124 123 125 133 141 145 148 150 149 148 146 129 129 135 134 125 116 105 133 144 145 147 140 143 143 142 140 140 140 140 115 131 123 115 105
80 79 86 91 95 98 99 103 105 106 107 108 108 106 102 102 102 104 106 100 97 114 100 122 134 144 139 114 115 126 123 122 124 122 126 123 130 135 141 146 148 154 153 153 151 144 136 126 134 126 112 111 140 147 147 140 138 141 141 140 141 139 141 139 136 118 107 114 115
79 81 87 89 94 96 99 101 102 104 105 106 107 110 106 105 107 107 100 102 107 117 114 130 135 141 139 134 132 128 126 124 124 120 127 130 137 141 146 148 152 159 156 158 160 159 158 152 148 143 133 132 152 149 145 127 134 138 138 138 139 138 137 135 132 130 113 114 117
82 84 85 87 90 92 95 97 98 101 102 106 109 113 110 109 108 106 105 103 111 124 134 133 130 140 142 139 136 123 127 130 130 130 131 133 139 143 147 148 142 163 159 161 163 163 161 156 153 133 139 153 154 145 140 128 131 133 136 137 135 133 134 134 132 131 124 118 117
83 84 83 85 87 89 91 93 95 97 99 99 107 109 111 121 115 115 103 131 131 131 126 129 130 108 133 133 130 128 128 127 125 128 130 132 136 139 142 147 152 158 164 162 161 163 167 164 162 154 146 150 153 140 125 129 129 129 129 135 133 138 136 135 132 129 122 117 122
82 80 82 81 82 85 88 90 92 93 94 98 105 109 120 140 138 131 129 129 129 127 124 113 115 126 126 125 121 118 120 119 117 118 118 122 128 132 135 139 146 152 158 164 168 161 165 163 160 146 158 147 156 137 119 126 125 99 127 136 138 140 137 135 123 128 119 117 117
82 80 78 78 78 82 85 86 86 90 93 95 101 114 124 135 145 137 130 127 127 121 120 120 120 122 119 118 114 115 114 112 112 110 110 114 118 122 130 138 144 149 153 160 167 169 167 163 161 157 155 158 156 151 122 124 124 121 127 139 143 145 138 136 130 133 121 123 125
80 77 75 71 71 78 80 82 84 88 92 93 93 113 139 145 146 139 122 111 112 110 104 113 118 113 115 114 111 110 109 108 106 105 105 103 108 116 123 135 141 145 152 155 157 164 168 165 160 159 157 158 158 159 140 134 130 125 131 138 147 142 129 136 142 136 135 130 130
80 75 71 69 69 70 76 77 79 84 98 113 124 138 142 148 136 131 125 115 108 100 100 102 99 91 95 97 101 100 103 102 100 97 83 98 107 113 122 130 138 145 150 154 157 163 165 162 159 153 157 156 158 163 158 149 138 137 135 143 148 152 154 153 151 143 138 134 134
