EcoCrop/data/climate/tmin_4.asc
NCOLS 660 
NROWS 360 
XLLCORNER -20 
YLLCORNER -30 
CELLSIZE 0.1666667 
NODATA_value -3.4e+38 
[rows 90 to 119 of 360, columns 207 to 275 of 660]
230 230 234 234 236 237 239 241 241 242 243 243 243 244 245 246 246 247 246 248 247 247 247 247 246 247 248 248 247 248 248 248 247 246 245 245 243 240 239 236 231 227 219 209 197 195 194 194 193 192 189 186 184 183 180 178 177 174 173 176 170 176 177 172 165 174 177 175 176
230 232 233 236 238 239 240 242 243 244 244 244 245 247 246 248 247 248 247 248 248 248 248 248 249 249 249 250 250 250 249 249 249 248 247 246 244 242 239 234 225 227 215 206 200 196 192 192 191 190 188 185 184 182 180 177 177 175 172 171 172 168 174 165 170 177 177 174 167
231 232 235 236 240 240 244 244 245 246 248 247 248 248 248 249 248 249 248 249 249 249 249 249 250 250 250 251 251 251 250 251 251 250 249 248 247 244 241 236 230 220 212 206 201 195 193 193 191 190 187 184 180 179 178 176 175 175 172 168 167 163 164 166 174 177 172 160 179
231 234 236 238 242 244 245 245 246 248 248 249 249 249 249 250 249 250 249 250 250 250 250 249 251 251 251 252 252 252 252 252 252 251 251 249 248 246 234 235 220 210 207 201 197 191 187 190 190 188 186 183 181 179 177 175 174 171 167 154 160 158 161 169 171 172 170 170 175
231 234 237 240 243 245 246 247 249 249 249 249 250 250 250 251 250 251 251 251 251 251 250 250 251 251 252 253 253 254 254 254 254 253 253 251 250 244 241 227 219 216 213 206 200 186 186 188 185 184 184 183 179 180 175 173 170 169 154 157 160 165 169 162 170 171 172 174 183
232 234 237 240 244 247 247 248 250 250 251 251 251 252 251 252 251 251 252 252 251 251 250 251 252 252 253 254 254 255 255 255 255 254 253 252 250 242 234 232 223 221 212 206 198 195 185 182 185 187 184 182 178 174 172 171 169 164 159 154 158 168 173 168 175 173 178 182 183
232 234 237 240 244 247 249 250 251 252 252 252 253 253 252 252 251 251 252 252 252 252 251 252 252 253 254 254 256 256 256 256 256 255 254 252 250 247 244 234 227 220 217 211 200 197 184 185 186 185 182 178 174 171 165 163 164 158 154 154 161 175 177 177 178 178 178 182 186
232 234 237 240 243 247 249 251 252 253 253 253 253 253 253 252 252 253 252 252 252 252 251 252 253 254 255 256 256 257 257 256 256 255 254 253 245 247 244 232 230 224 217 210 201 191 189 187 186 184 180 176 171 167 163 161 160 156 146 145 166 170 180 181 184 184 181 185 187
231 233 236 240 244 248 250 252 252 253 254 253 253 253 252 252 253 253 253 253 252 252 251 253 253 255 256 257 257 258 257 258 257 255 254 252 250 247 242 235 230 225 218 205 201 197 197 190 188 184 177 172 166 163 161 158 154 152 148 147 160 173 177 182 186 187 181 190 193
231 233 238 242 245 248 250 252 253 253 254 253 254 254 254 252 254 254 253 253 253 252 251 253 254 255 256 257 258 258 258 258 256 255 253 251 248 243 238 231 231 224 218 209 195 195 197 192 183 178 174 171 166 159 153 153 150 147 143 126 150 167 175 179 186 189 191 193 195
232 234 238 242 245 248 251 254 255 255 255 254 254 254 254 255 254 254 254 254 253 253 253 253 254 256 257 258 259 259 259 258 256 255 252 249 246 242 234 234 231 226 215 206 200 193 192 185 173 175 172 167 159 153 147 148 145 142 136 125 145 163 173 182 186 191 193 195 195
233 236 239 243 246 249 252 255 256 256 256 255 255 255 255 255 255 255 256 255 255 253 254 255 256 257 258 258 258 258 257 256 254 252 250 249 245 239 235 233 229 224 218 209 204 194 187 179 171 174 170 165 156 149 151 149 148 141 122 103 139 169 175 182 189 193 194 197 196
235 237 241 244 247 251 253 255 255 255 256 255 255 255 255 255 255 255 256 256 256 255 256 257 258 260 260 259 260 257 258 255 253 250 249 246 243 240 235 232 229 222 219 208 203 192 180 178 175 172 170 162 155 154 151 149 147 140 93 109 151 172 181 186 189 193 197 198 199
235 238 241 244 247 251 253 254 255 255 255 255 255 254 254 255 255 256 256 257 258 258 258 259 260 261 260 259 258 258 256 252 250 249 246 244 241 238 234 231 225 220 213 204 202 192 182 178 176 172 166 155 155 148 148 149 148 145 149 144 161 171 180 186 190 195 197 200 202
236 239 242 245 248 250 252 254 253 254 255 254 249 254 254 254 255 256 257 258 258 258 259 261 262 261 262 260 259 257 254 252 248 247 244 243 239 237 233 229 220 216 211 208 202 198 193 186 180 174 155 151 156 153 146 144 146 154 162 166 171 176 184 190 195 199 202 203 204
237 240 243 245 248 250 251 252 253 254 255 255 254 254 254 253 255 256 257 257 258 258 260 260 263 263 262 260 257 255 249 249 248 245 242 239 238 234 229 225 221 216 212 209 204 193 189 191 181 180 173 166 166 161 143 145 152 163 170 175 179 184 190 195 199 202 205 205 206
238 241 243 247 249 250 251 252 252 253 253 254 254 254 253 254 255 256 257 257 258 260 259 262 263 264 254 258 256 253 251 249 246 244 241 239 235 231 223 223 221 215 215 210 203 197 194 192 185 184 181 177 169 157 149 161 171 174 178 182 186 192 194 196 203 204 206 208 209
239 242 244 247 248 249 250 251 252 253 253 253 254 253 253 255 255 256 257 258 258 256 251 257 262 260 240 255 252 250 250 247 245 244 240 237 234 230 223 224 219 218 216 209 203 203 195 193 192 188 183 180 176 171 160 173 177 182 184 189 192 197 202 203 206 208 208 209 210
239 242 244 246 248 250 250 251 251 252 253 253 254 254 254 255 255 256 256 256 257 258 253 255 257 250 252 252 251 249 247 246 244 241 238 236 234 231 227 223 219 218 215 211 207 204 200 194 193 190 187 187 183 175 177 181 185 187 191 193 197 201 204 207 208 210 211 211 211
241 243 245 246 248 249 250 250 250 250 252 253 252 253 254 255 256 256 256 256 255 256 253 252 250 252 250 247 249 248 246 244 243 239 238 234 233 231 227 225 222 219 215 212 209 204 191 193 192 191 188 186 184 179 185 188 190 193 195 197 201 203 206 207 209 212 212 213 212
241 244 245 247 248 249 249 250 249 250 251 252 253 253 254 255 256 256 256 256 254 254 252 251 251 251 252 245 246 246 244 243 242 238 237 235 233 230 226 224 222 219 217 212 210 206 204 199 190 189 190 191 191 186 189 191 194 196 199 201 203 204 209 211 213 213 214 213 214
242 244 246 248 248 249 249 249 250 250 250 252 253 253 254 255 255 256 256 256 255 253 248 251 251 250 248 246 238 243 242 242 239 238 236 234 230 229 226 224 221 219 217 214 211 209 205 201 196 195 195 194 195 193 195 196 198 200 201 203 204 205 210 213 214 215 214 215 216
244 246 247 248 249 249 249 250 249 250 251 251 253 254 254 255 255 256 255 255 255 253 245 247 241 248 247 247 244 242 242 241 239 237 234 232 230 228 226 223 221 220 218 215 213 211 208 206 203 200 200 199 198 199 199 200 199 202 204 205 207 208 211 214 214 216 215 215 216
246 247 248 249 249 249 250 249 249 250 251 252 253 254 255 255 255 255 256 254 242 254 251 251 249 247 245 245 243 243 241 240 238 236 233 231 229 227 226 224 222 220 218 216 214 212 210 208 206 204 203 201 200 201 202 202 203 204 204 207 208 209 212 213 215 215 215 216 217
248 249 250 250 250 249 250 250 251 250 251 253 254 255 255 255 255 255 256 255 255 252 251 250 248 248 247 243 242 241 240 240 238 235 233 231 230 228 226 224 223 221 219 217 216 213 211 210 208 205 206 204 201 202 202 205 205 205 206 208 209 210 212 213 214 216 216 216 217
250 251 251 250 250 249 249 249 251 252 252 253 254 255 256 256 256 255 256 254 248 253 252 249 249 248 244 244 243 239 240 238 236 235 233 231 230 228 226 224 223 222 220 218 217 215 212 209 207 205 202 200 203 205 206 206 206 206 207 208 209 211 212 213 215 215 217 217 217
253 253 252 252 251 250 250 250 251 251 252 253 254 256 256 256 256 255 255 254 253 252 251 248 249 248 245 245 243 241 240 238 237 235 233 231 230 228 227 225 223 222 221 219 217 216 214 209 209 209 206 205 206 207 206 206 207 207 208 209 210 211 213 213 214 216 216 217 218
253 253 253 251 250 249 249 250 251 252 252 252 255 257 257 255 255 255 254 254 253 252 252 249 248 246 244 243 242 240 240 238 236 235 233 231 231 229 227 226 225 223 221 220 218 217 214 213 213 209 207 210 209 209 208 207 208 208 208 210 211 211 212 214 215 215 216 217 218
252 254 253 251 249 249 249 250 251 252 252 253 255 255 255 255 254 254 254 253 252 252 250 249 248 245 243 244 242 241 240 238 236 235 233 232 230 229 228 227 225 223 222 220 219 218 215 215 209 210 210 207 207 207 206 208 207 207 207 209 210 211 212 213 214 215 216 217 218
253 253 253 251 250 250 250 250 250 251 251 252 253 254 254 254 254 253 253 252 252 251 250 249 247 246 244 243 242 241 239 238 236 234 234 232 230 229 229 227 225 224 222 221 220 216 216 214 213 209 210 210 209 209 207 207 206 204 205 207 209 209 211 212 213 214 216 217 218
