EcoCrop/data/climate/tmin_12.asc
NCOLS 660 
NROWS 360 
XLLCORNER -20 
YLLCORNER -30 
CELLSIZE 0.1666667 
NODATA_value -3.4e+38 
[rows 155 to 185 of 360, columns 276 to 344 of 660]
185 185 184 184 183 181 181 179 177 176 175 174 173 173 173 174 175 174 176 178 176 176 174 172 170 167 164 160 161 168 173 180 186 191 191 187 187 182 181 155 186 183 185 185 181 175 167 153 183 194 180 206 211 214 217 217 213 205 221 229 228 225 216 206 197 195 185 188 181
185 184 184 183 183 180 181 180 178 178 175 175 175 176 177 177 176 178 180 180 179 177 176 175 171 167 165 163 163 168 173 176 186 182 194 186 188 187 183 181 154 104 170 180 178 174 173 169 149 183 193 203 209 213 208 217 215 214 224 229 227 222 219 200 203 200 197 194 188
183 184 182 182 182 180 178 178 179 179 176 176 177 178 180 181 182 182 182 182 181 181 178 176 174 169 166 166 167 169 174 176 181 181 186 194 190 186 181 174 172 150 169 174 175 160 164 156 139 165 191 202 207 209 189 215 215 220 225 229 227 225 218 195 204 196 200 201 194
181 180 182 182 181 182 181 178 176 178 176 177 179 181 182 184 186 186 185 183 183 181 180 177 174 172 168 166 167 170 170 176 183 186 183 192 190 186 181 172 166 166 167 169 171 154 161 159 153 146 170 198 204 204 209 211 216 221 222 228 226 211 210 191 201 205 204 205 196
180 179 181 180 180 180 179 178 179 177 178 178 180 183 184 185 186 188 185 186 184 181 180 176 174 171 170 169 168 167 173 175 185 189 187 189 186 185 173 167 161 164 164 164 165 141 151 158 157 149 177 191 198 200 210 210 215 222 224 227 225 219 210 197 203 209 209 206 196
178 178 180 182 182 180 178 180 178 178 180 181 181 183 186 188 186 188 184 184 183 182 180 178 176 174 171 170 169 170 174 178 185 188 181 181 181 175 179 169 165 161 164 164 165 167 166 164 161 160 173 189 195 164 204 213 214 217 221 221 224 221 212 197 203 208 209 206 198
179 178 180 179 179 181 180 178 179 179 180 182 182 183 185 183 185 185 184 184 181 184 181 177 176 175 172 170 169 171 174 179 179 173 170 172 172 171 166 165 166 160 161 162 161 166 165 165 165 164 163 181 176 160 171 209 217 219 219 219 220 219 215 203 202 203 200 203 201
180 180 180 179 180 179 181 181 179 179 179 181 182 183 185 182 185 184 183 177 180 177 178 174 176 173 173 169 169 171 173 177 178 169 166 166 162 165 163 165 163 161 161 165 165 158 163 166 168 165 166 161 177 180 200 208 212 210 215 216 218 215 213 208 196 183 174 199 200
181 182 181 180 179 179 180 182 181 180 181 180 182 184 184 184 184 184 185 182 177 173 171 167 173 172 170 167 166 168 172 173 172 170 166 167 163 161 161 162 163 162 163 164 165 169 155 167 169 169 169 164 155 188 193 201 205 192 206 204 209 209 205 208 198 127 182 193 195
183 182 182 182 181 182 179 180 182 181 181 181 183 183 184 182 182 182 182 179 175 170 167 163 160 161 164 155 143 155 173 170 176 173 168 167 166 162 162 161 161 163 162 164 167 168 168 165 172 172 172 163 142 171 187 195 198 185 198 195 201 203 177 204 173 150 186 188 187
182 182 181 182 184 184 182 181 181 182 183 183 184 184 184 184 183 182 178 177 174 166 165 166 161 156 153 137 135 141 166 171 181 180 171 170 169 162 163 162 160 160 164 164 167 168 172 171 171 171 170 161 145 156 164 189 193 183 190 192 196 193 164 199 164 173 178 183 186
185 184 185 184 191 184 183 183 182 182 184 184 184 184 182 182 181 178 177 174 172 170 167 166 162 153 149 136 130 126 148 173 188 186 181 172 170 165 164 164 160 160 160 163 169 170 170 171 170 167 164 159 151 144 120 181 186 174 183 187 190 184 158 201 137 159 170 175 180
191 192 191 189 190 193 189 182 183 183 184 185 183 182 183 175 178 178 179 175 172 166 165 166 148 137 137 127 124 115 177 191 192 188 183 168 163 165 166 164 163 161 166 164 166 170 171 172 170 161 162 161 148 149 140 133 180 174 144 179 184 184 197 193 126 146 159 163 175
195 193 192 192 193 193 194 188 180 188 181 186 186 181 182 176 176 181 181 172 173 171 160 157 157 151 132 125 114 182 194 197 196 180 172 165 164 164 166 164 165 166 169 170 175 172 175 174 170 169 166 162 148 152 137 117 172 167 137 170 171 176 184 139 129 116 149 154 170
194 193 193 195 195 194 195 195 196 192 191 191 186 184 184 178 182 182 176 176 176 169 160 160 156 150 141 119 194 193 196 198 175 170 166 164 168 165 167 166 168 169 171 174 178 178 177 175 171 169 167 160 108 148 147 140 106 161 156 168 177 171 190 150 125 115 123 111 166
193 193 193 194 194 187 195 195 195 195 189 191 188 185 182 180 177 179 178 178 175 171 170 166 154 151 139 188 190 193 196 170 166 167 169 167 168 168 167 166 168 170 173 174 178 177 178 173 171 168 164 160 152 139 142 112 101 155 152 150 166 179 182 130 117 127 134 144 153
195 195 194 192 194 191 191 190 194 195 195 194 195 189 185 186 183 181 181 177 171 171 173 169 157 145 183 187 190 187 167 167 162 169 170 169 169 165 166 167 167 169 173 176 177 177 175 171 166 166 139 110 146 135 109 117 59 150 149 118 156 166 131 103 102 133 134 90 151
195 190 195 195 195 195 193 194 191 194 193 194 195 194 189 185 183 184 179 173 177 177 173 153 133 149 185 186 190 160 162 166 168 168 169 168 166 164 162 165 165 168 171 174 175 174 169 169 164 163 92 57 99 102 89 76 44 90 148 119 143 151 140 76 103 114 130 86 145
196 195 191 190 190 194 195 192 192 192 190 190 194 187 186 187 188 182 184 179 178 169 165 149 164 182 183 185 170 165 163 168 169 169 170 171 167 163 163 162 164 165 166 169 171 171 168 166 165 136 106 21 87 99 92 85 60 83 143 129 156 138 113 75 77 106 119 116 145
197 197 195 193 192 192 192 196 193 193 194 187 193 188 183 182 184 186 180 180 177 169 161 170 180 175 179 155 152 158 165 162 162 170 168 169 168 165 163 160 163 163 164 163 168 169 168 168 166 152 110 82 87 103 95 94 81 92 124 138 150 117 105 81 88 83 118 122 119
199 198 196 195 192 189 194 192 195 193 192 189 192 188 184 179 183 181 183 175 176 170 180 174 163 148 132 139 152 160 155 163 158 160 167 152 167 165 164 161 162 160 162 162 164 165 164 166 164 153 143 125 115 106 100 89 86 139 132 148 136 133 90 90 90 100 122 138 136
198 197 197 196 194 190 187 192 189 191 193 191 189 187 183 180 165 180 179 179 176 181 179 139 69 132 131 144 152 156 157 159 162 164 160 159 163 162 158 155 161 161 162 162 162 162 165 166 165 156 149 133 123 100 96 85 82 145 96 144 156 131 91 91 92 100 116 134 146
195 197 197 192 188 185 186 186 187 186 190 188 174 183 176 176 179 173 173 176 159 178 166 2 109 152 149 148 148 150 156 160 162 163 162 160 154 158 158 159 159 152 157 161 158 157 158 163 158 157 147 142 123 113 90 85 83 80 123 142 157 109 88 94 99 101 99 116 136
197 196 188 190 187 187 187 185 186 189 185 188 187 188 180 173 164 174 152 124 145 176 141 20 139 161 149 147 150 152 158 160 161 160 163 160 155 157 161 164 156 156 161 155 161 159 162 163 157 152 148 138 126 114 94 88 85 79 114 123 155 84 88 95 93 95 89 88 104
197 197 196 190 188 186 185 184 180 187 187 188 186 187 183 175 164 163 160 127 123 169 155 157 161 161 147 148 150 151 154 158 158 161 162 158 160 160 165 165 161 156 163 162 162 162 163 162 161 156 145 135 123 107 101 94 86 80 96 113 103 90 75 87 83 87 82 75 60
196 197 195 187 187 187 180 179 180 186 178 185 181 177 176 171 169 168 119 114 92 170 168 158 162 160 144 144 146 148 151 154 153 157 159 162 163 164 165 165 161 163 163 164 163 164 163 162 161 154 148 146 160 153 147 120 97 83 72 103 98 59 70 71 71 75 73 34 21
196 195 195 192 188 192 184 182 183 182 183 184 183 177 170 162 165 157 104 84 114 171 168 161 149 129 138 143 147 146 148 148 154 158 158 163 162 165 166 166 165 165 165 165 164 164 164 164 162 158 158 158 157 154 137 131 97 74 74 86 79 66 69 28 59 73 74 33 65
196 194 193 195 193 184 182 183 178 180 178 179 180 174 172 148 160 120 108 108 174 171 167 156 137 131 131 137 143 144 146 146 150 154 154 162 164 164 166 166 166 166 166 167 166 166 165 164 162 159 158 152 142 128 114 105 83 76 62 73 89 87 74 46 39 77 84 81 92
196 194 193 192 191 189 182 181 181 178 171 180 177 166 167 153 135 116 97 112 176 171 164 152 129 133 138 141 139 139 144 142 148 155 158 161 164 165 166 167 168 168 168 168 168 167 166 164 157 149 151 142 128 109 113 104 87 79 71 58 82 83 84 58 48 81 96 111 112
197 196 194 195 191 187 181 173 177 185 165 151 163 168 148 163 113 124 139 177 175 163 150 127 131 127 138 127 138 141 137 138 139 151 157 161 163 165 166 167 168 170 170 170 170 169 168 166 160 142 146 134 122 105 109 105 91 84 74 68 51 89 93 57 57 89 111 123 126
197 194 193 194 193 192 181 188 188 187 186 163 173 151 152 171 142 144 120 164 170 119 121 142 129 140 142 135 138 136 139 137 144 150 156 160 163 165 166 169 170 171 172 172 172 171 171 167 165 159 146 134 120 108 109 108 102 89 84 81 63 93 94 81 89 108 120 118 135
