EcoCrop/data/climate/tmin_12.asc
NCOLS 660 
NROWS 360 
XLLCORNER -20 
YLLCORNER -30 
CELLSIZE 0.1666667 
NODATA_value -3.4e+38 
[rows 217 to 247 of 360, columns 207 to 275 of 660]
206 182 192 187 190 190 193 198 194 195 197 189 190 197 179 177 197 177 175 178 174 176 173 176 178 175 179 177 177 189 196 197 198 195 198 201 199 200 200 198 197 196 198 193 192 192 192 194 195 190 189 193 196 198 205 201 196 192 192 193 189 192 188 187 191 189 181 194 188
207 182 195 187 189 190 189 195 194 187 191 181 181 200 193 180 186 175 178 176 169 172 176 176 174 173 176 177 177 182 195 198 187 197 192 198 197 201 203 199 198 196 196 193 194 188 189 193 189 185 187 188 187 198 197 198 202 199 196 192 186 188 186 186 185 186 183 191 183
208 207 187 187 188 190 187 186 185 185 186 182 177 200 191 175 176 179 175 174 171 172 173 170 175 176 171 173 174 178 179 192 189 194 187 195 195 202 204 202 201 194 192 191 189 188 187 186 183 183 180 186 187 193 193 197 195 199 195 195 192 186 185 183 183 184 177 184 179
209 208 194 190 184 186 186 183 182 179 183 182 177 196 182 183 178 180 182 171 170 168 167 168 169 173 170 174 178 179 179 178 191 190 192 196 196 202 201 204 201 197 192 187 186 189 182 182 182 177 179 182 181 186 189 192 190 193 195 192 195 191 183 184 183 182 179 173 178
210 205 202 188 182 182 182 179 179 179 182 190 182 189 197 186 186 176 186 171 168 172 165 170 170 169 171 175 176 172 174 182 192 190 193 190 195 194 196 196 192 194 192 185 183 184 182 183 181 178 178 178 181 179 187 185 189 193 192 195 188 190 181 179 178 176 182 177 174
204 202 186 173 176 180 174 182 180 182 189 191 186 190 196 185 185 183 185 175 168 168 166 165 165 172 172 169 171 175 185 176 186 184 192 187 197 189 195 191 197 192 188 191 186 184 183 182 184 180 177 177 183 181 186 187 187 192 191 190 183 183 176 176 179 180 183 178 175
205 198 198 170 173 174 178 182 175 180 183 190 192 191 194 187 187 180 178 182 178 167 165 164 163 168 166 169 169 170 172 174 188 185 187 187 194 192 194 187 190 188 186 187 186 181 181 181 178 182 176 177 181 181 185 186 188 186 185 185 183 179 180 183 178 177 174 180 177
204 200 191 183 169 170 173 175 175 185 190 195 191 188 187 194 191 182 180 182 181 171 165 163 161 163 165 165 168 169 171 172 184 182 184 185 190 187 190 188 188 187 182 183 183 181 179 178 181 180 175 175 180 177 181 183 175 180 182 177 181 175 177 176 181 177 172 181 181
211 205 178 182 167 166 170 171 174 178 191 188 190 192 188 187 192 183 183 178 181 176 169 171 160 162 162 163 165 167 172 173 185 183 182 182 187 184 186 187 187 190 178 183 183 180 178 178 181 181 178 177 178 178 181 179 183 178 181 178 181 179 175 183 180 178 180 187 187
200 200 181 186 168 167 169 170 171 175 176 192 187 189 186 186 180 179 179 178 176 174 175 172 158 159 159 160 165 165 167 170 176 177 179 182 184 180 183 189 181 187 184 184 179 178 179 178 181 180 173 176 178 178 179 177 180 176 177 179 180 179 176 180 178 182 183 188 182
201 192 192 189 170 168 166 166 170 173 175 174 185 181 183 184 179 183 176 177 174 174 173 168 166 160 160 159 164 162 165 167 168 170 172 183 181 182 181 185 175 186 175 181 179 177 176 174 176 178 176 176 178 175 179 175 179 179 177 177 177 178 177 177 181 190 192 191 188
195 192 191 183 170 169 168 168 168 171 173 174 184 183 181 182 174 177 177 177 181 172 171 165 156 157 158 158 162 162 163 167 166 168 171 174 176 180 180 177 178 182 179 181 179 175 176 174 179 177 178 176 177 174 176 172 179 179 177 175 174 174 175 177 179 181 187 192 191
198 201 194 191 186 170 167 168 167 169 170 183 185 180 182 180 174 174 179 175 174 173 167 166 155 157 157 157 159 160 161 164 167 169 169 169 172 179 173 173 177 181 182 177 180 175 177 173 180 179 171 176 171 174 176 173 173 177 177 175 176 177 175 177 177 175 175 191 193
215 208 193 193 188 168 169 168 168 165 170 177 183 185 183 180 176 178 177 180 174 167 169 163 163 158 154 158 160 160 159 161 162 168 166 168 170 172 169 174 173 177 180 170 181 170 173 172 179 173 171 177 177 175 171 171 179 173 172 176 173 174 177 177 178 180 188 189 192
193 197 188 191 188 172 168 169 168 164 167 172 175 184 182 178 178 179 175 175 176 174 164 162 158 160 156 154 156 160 160 160 161 165 164 166 174 173 172 177 175 169 175 173 179 173 171 176 177 169 174 170 171 174 173 174 179 177 172 174 175 176 175 177 178 181 178 182 180
211 196 197 188 183 179 165 170 170 167 165 168 172 180 179 164 176 177 178 170 173 165 166 161 158 157 156 155 155 158 157 159 161 163 163 170 169 170 174 174 170 167 172 166 176 172 168 174 177 169 169 171 171 169 172 170 178 175 173 174 173 174 176 182 186 186 182 184 188
214 195 195 190 191 178 173 171 171 168 167 163 169 173 175 174 175 174 175 171 165 164 161 158 156 160 155 155 153 154 156 159 159 161 163 165 164 167 168 170 164 165 172 166 168 173 168 167 177 171 170 169 169 170 170 173 175 177 176 173 174 174 176 178 183 183 183 187 200
203 197 193 190 184 180 178 175 170 170 169 167 161 168 153 166 174 172 174 169 165 167 162 159 159 160 157 155 152 156 155 156 159 159 160 162 160 168 165 164 166 165 166 165 171 168 166 167 176 169 168 168 169 171 170 175 177 171 174 174 173 175 177 183 183 193 194 196 200
213 201 186 187 189 183 177 175 173 169 167 165 162 155 153 150 169 172 172 169 165 165 163 162 162 158 159 157 153 153 156 155 157 158 158 161 159 164 161 166 163 163 168 165 165 165 167 170 169 173 168 168 169 170 169 177 176 175 173 174 175 178 179 183 190 186 195 196 199
211 209 201 196 188 183 175 173 170 167 165 162 159 154 151 151 170 169 170 161 164 164 165 161 162 159 157 159 153 151 154 155 155 156 157 162 157 159 159 165 161 162 164 169 166 166 169 168 167 177 173 170 170 170 172 176 174 172 173 174 177 182 184 188 191 189 193 192 190
211 202 193 188 186 180 175 170 166 166 162 158 159 154 154 152 147 169 167 163 160 162 164 164 161 158 157 156 155 154 152 153 155 155 155 156 155 157 158 160 160 162 166 167 167 166 166 167 167 176 173 172 174 175 173 176 172 174 174 178 181 181 187 190 188 184 190 186 190
213 204 198 174 181 175 174 170 168 166 162 158 155 154 153 150 149 168 166 167 158 160 163 164 165 163 160 158 151 153 155 154 156 154 153 153 157 158 158 158 162 161 167 164 167 171 167 168 169 175 174 176 176 175 176 177 174 174 179 177 183 186 182 185 183 182 191 186 180
196 197 185 168 177 170 164 166 167 161 161 158 158 157 155 149 151 156 153 157 150 156 160 164 164 162 160 158 150 149 150 153 152 154 154 156 157 156 157 159 160 161 162 166 165 168 169 168 170 171 173 177 175 174 177 174 172 173 177 178 181 183 179 183 180 183 180 165 169
198 191 177 172 161 171 167 166 162 158 159 159 158 157 156 155 152 152 150 149 148 149 155 160 164 161 160 152 153 148 151 151 153 159 158 154 155 159 157 158 160 164 164 164 165 167 170 168 170 173 172 176 175 173 175 174 172 173 172 173 177 183 177 177 182 189 162 152 155
196 182 177 171 168 169 158 163 160 157 160 160 159 158 157 157 157 155 156 153 154 148 153 157 159 154 159 161 152 149 150 150 153 156 156 156 156 156 157 159 159 161 162 163 164 166 172 170 169 170 175 173 173 172 172 169 171 171 169 171 172 182 173 176 174 179 159 149 152
191 177 169 167 163 161 155 151 159 155 159 160 158 158 157 158 158 157 155 157 156 155 158 160 153 153 156 158 156 148 150 152 152 152 157 156 155 162 160 158 161 159 161 163 165 166 170 171 169 170 171 172 171 169 167 167 165 170 169 168 172 176 170 174 174 171 165 150 154
189 174 168 166 165 161 162 151 151 145 151 158 161 159 159 158 159 160 157 159 154 159 150 155 161 156 156 159 159 151 150 152 153 153 154 154 156 156 157 157 158 159 161 163 164 169 167 168 166 167 170 165 168 169 169 168 167 166 165 167 173 176 173 172 169 162 167 165 160
186 180 170 164 162 157 159 153 148 145 146 159 155 161 161 158 159 157 160 161 159 155 157 153 158 161 157 157 154 151 151 152 153 155 155 155 158 156 157 158 162 159 160 163 163 165 166 167 164 165 167 168 165 166 164 168 168 165 166 163 165 169 167 171 159 158 164 167 161
177 183 175 168 163 161 154 148 148 145 149 157 157 159 160 156 161 160 160 161 160 155 151 153 161 158 159 158 152 151 152 155 156 154 155 156 156 157 157 158 159 159 162 160 161 162 162 161 161 160 162 160 160 160 160 162 161 161 162 164 162 165 166 163 161 160 161 165 159
195 189 179 171 160 158 158 147 148 147 145 147 151 159 157 157 153 157 159 163 162 159 160 155 159 163 158 156 154 152 153 156 156 156 156 157 157 159 157 157 158 158 159 159 160 160 159 159 159 159 158 159 160 159 160 163 160 163 162 162 159 165 167 163 161 160 164 160 161
204 198 182 172 163 159 156 146 144 142 143 146 152 150 160 145 153 160 160 163 162 161 155 156 158 159 155 156 156 156 161 157 162 162 160 158 159 158 157 158 157 157 158 157 157 158 158 158 157 158 158 158 159 161 162 162 162 161 160 157 160 159 158 160 159 162 163 160 159
