EcoCrop/data/climate/tmin_12.asc
NCOLS 660 
NROWS 360 
XLLCORNER -20 
YLLCORNER -30 
CELLSIZE 0.1666667 
NODATA_value -3.4e+38 
[rows 279 to 309 of 360, columns 207 to 275 of 660]
179 182 184 186 186 185 185 183 183 184 183 183 184 184 183 183 182 181 182 181 180 180 181 179 177 176 176 177 174 174 171 171 170 169 171 169 168 169 170 171 171 173 175 176 177 178 180 181 182 183 184 185 186 186 186 185 186 183 184 182 179 179 177 182 182 182 180 179 181
179 181 183 184 185 185 184 183 184 184 184 184 185 184 184 183 183 182 183 182 184 181 182 180 179 178 177 177 178 175 174 173 172 171 171 172 170 170 172 172 174 174 175 177 178 179 180 181 183 183 184 185 185 185 185 185 183 183 185 182 182 179 180 183 184 183 183 182 180
179 182 182 183 185 184 184 184 184 185 185 185 185 185 185 184 184 185 183 184 183 185 183 181 181 179 178 178 178 178 175 175 173 173 173 171 172 172 173 173 173 174 176 177 178 179 181 182 184 184 184 185 185 185 184 184 185 181 181 180 180 180 183 185 185 185 184 180 178
179 181 182 184 184 184 184 183 184 185 185 185 185 185 185 185 185 185 185 185 184 184 183 183 182 181 180 180 179 177 180 176 175 174 174 174 173 173 174 174 174 175 176 178 179 180 181 182 184 184 185 185 184 185 184 183 183 182 181 181 181 183 185 185 185 185 182 180 175
181 181 182 184 183 182 184 184 184 185 185 185 186 186 186 186 186 186 186 186 186 185 185 184 185 183 181 182 180 179 178 180 177 176 175 175 174 174 173 174 174 175 176 178 179 180 182 183 183 185 185 185 184 185 184 183 182 181 181 181 182 183 186 186 186 184 183 181 177
181 183 183 183 184 184 184 184 185 185 186 187 187 187 186 186 187 187 187 187 187 186 186 188 187 185 183 183 182 182 181 180 180 179 177 175 175 175 174 174 174 176 176 178 180 181 182 183 184 185 185 186 185 185 184 183 182 181 181 182 184 185 186 187 186 186 185 184 184
181 183 184 183 183 184 184 185 185 186 187 187 188 187 187 187 188 188 188 188 188 187 188 188 190 186 186 185 183 183 183 182 181 180 179 177 177 175 176 175 175 176 177 178 180 181 182 184 184 185 186 186 185 186 184 183 182 183 184 184 185 185 186 187 187 186 184 182 180
181 183 184 184 185 185 185 185 185 186 187 187 187 188 188 188 189 189 189 189 189 189 189 189 189 190 188 187 186 185 184 183 183 181 180 179 178 177 176 176 175 175 177 178 180 182 183 184 185 185 185 185 186 186 184 185 185 185 185 185 185 186 186 187 184 188 184 188 189
181 183 183 184 184 185 186 186 185 187 188 188 189 188 189 189 189 190 190 190 189 190 190 189 189 189 188 187 187 186 186 186 184 183 182 182 180 179 178 177 176 175 177 179 182 183 184 185 186 186 186 187 187 186 186 186 186 186 186 185 186 182 183 182 182 182 183 189 190
180 182 183 183 184 185 186 186 187 187 188 188 189 189 189 190 190 190 190 190 190 190 190 189 189 189 188 187 187 186 185 187 183 182 182 181 180 179 178 175 176 176 180 181 183 185 186 186 186 186 188 188 188 187 187 187 187 186 186 186 185 183 182 182 182 182 182 186 182
180 181 182 183 184 184 186 186 187 187 188 188 189 189 189 190 190 190 191 191 191 191 190 189 189 188 188 187 187 186 185 184 184 184 182 181 181 180 179 179 178 178 182 186 186 187 187 188 188 189 189 189 188 188 188 187 187 187 187 184 184 184 183 183 181 181 180 183 190
179 181 182 183 183 184 185 185 187 187 188 188 188 189 190 189 190 191 191 191 191 191 190 191 190 189 189 187 187 186 185 186 184 184 182 182 181 182 181 181 180 182 184 187 190 188 189 189 189 189 189 190 190 189 189 188 188 188 186 186 186 185 183 182 181 180 181 184 182
178 179 180 181 182 184 183 184 185 187 188 188 189 189 189 191 191 191 191 191 191 191 191 190 190 189 188 187 187 186 185 186 184 183 183 182 183 183 182 182 183 184 186 188 190 190 189 189 190 190 190 190 189 190 189 188 189 189 187 187 185 185 182 182 181 180 179 178 183
176 177 179 179 180 181 183 183 185 185 186 187 188 190 188 190 189 191 191 192 191 192 191 191 190 189 187 188 187 186 185 186 184 183 183 183 182 184 184 184 184 185 187 186 190 191 191 190 190 191 190 190 190 189 189 189 189 189 188 189 186 186 184 183 183 181 181 180 182
174 175 176 176 178 179 181 182 184 185 185 186 187 187 187 187 189 189 191 192 192 192 191 191 190 189 188 188 186 186 185 186 184 183 184 184 184 185 186 186 187 187 188 189 190 191 191 191 191 191 191 191 190 190 190 189 189 189 189 188 186 186 184 183 184 183 181 179 180
169 171 173 174 175 178 178 180 182 184 183 183 184 185 184 185 186 187 189 190 191 190 190 190 190 189 188 188 186 186 188 185 184 184 183 184 184 185 184 187 187 187 188 190 191 191 191 192 191 191 192 191 191 191 190 190 190 190 188 187 187 185 185 184 183 183 182 182 182
164 167 168 164 171 173 175 176 180 180 181 182 182 183 181 182 183 184 182 182 186 187 188 190 189 189 188 187 187 187 185 185 183 183 184 185 184 184 184 186 186 187 190 191 191 192 192 192 192 192 191 191 192 191 191 191 190 189 188 187 186 186 186 185 185 183 182 182 181
161 159 156 162 161 169 171 172 176 177 178 179 178 177 176 176 175 176 175 166 176 179 184 186 188 188 187 187 187 185 184 184 183 183 183 184 184 184 184 185 187 188 189 192 192 192 192 192 192 192 192 192 191 191 192 191 190 189 188 188 187 186 187 186 185 183 182 183 182
159 160 158 159 161 163 166 167 170 172 173 173 172 170 164 154 167 166 164 154 170 177 183 186 187 187 187 187 187 185 185 184 183 183 183 185 184 183 185 186 187 190 191 191 193 193 192 193 192 192 193 192 192 193 192 191 191 190 189 188 187 187 187 187 185 184 183 183 182
166 160 158 161 164 161 164 165 166 167 168 168 166 161 163 164 162 163 161 167 171 179 183 186 186 185 185 185 186 185 184 184 183 183 184 185 184 183 182 184 188 189 190 192 193 192 193 193 193 193 192 193 193 192 192 191 191 190 189 189 188 188 187 186 186 185 185 184 185
169 160 167 161 160 157 159 162 163 164 165 165 165 164 162 161 154 159 165 172 176 180 184 185 185 185 184 183 183 184 184 184 184 184 183 184 184 184 184 186 188 190 191 192 192 193 193 193 193 192 193 193 193 193 192 191 190 190 190 189 189 188 188 187 186 185 185 186 185
167 164 162 158 157 156 154 156 157 161 166 168 165 163 159 156 158 162 167 171 175 181 181 182 182 182 182 182 182 183 183 183 184 185 183 183 183 183 186 188 189 190 191 193 193 192 193 193 193 193 193 193 194 193 192 191 191 190 189 189 189 188 188 187 187 186 186 186 186
161 162 159 159 152 160 162 162 167 167 167 164 162 160 156 152 155 154 160 167 174 178 179 178 178 180 180 180 181 184 185 183 184 184 184 185 185 187 188 188 190 191 192 192 193 193 193 193 193 193 193 192 192 191 191 191 191 190 189 189 189 188 188 187 187 187 186 186 185
149 166 164 158 156 169 168 164 164 163 158 160 158 153 148 151 147 162 167 171 174 176 176 175 177 178 178 180 180 180 183 182 184 183 184 184 185 187 189 190 191 191 191 192 192 193 193 193 192 193 193 192 190 189 190 191 190 189 189 190 189 189 188 187 186 187 186 186 186
162 160 161 159 167 166 162 158 158 156 154 152 147 144 144 152 158 162 166 170 173 174 172 173 175 176 176 177 177 178 179 180 181 182 182 184 187 188 189 189 190 190 191 191 192 192 192 192 193 192 192 190 190 189 189 189 190 189 189 189 188 189 188 188 187 187 187 186 186
160 159 161 163 156 161 157 151 153 148 146 146 140 140 145 151 157 161 165 168 170 171 171 173 173 174 173 174 175 177 179 178 181 182 182 184 185 187 187 189 189 189 190 189 190 190 191 191 190 189 189 189 188 188 189 189 189 188 189 189 189 188 188 188 187 187 186 186 186
160 161 169 161 159 150 144 142 141 140 134 135 140 144 147 152 156 161 163 165 165 167 167 168 170 170 170 172 173 176 176 181 180 180 183 183 184 187 187 187 186 186 187 186 185 187 188 187 187 188 188 188 188 188 188 190 190 188 188 189 189 188 187 188 187 187 186 186 186
105 162 158 154 147 142 135 134 133 133 136 126 142 146 148 152 157 158 160 162 162 161 163 165 166 167 169 169 171 173 175 176 177 179 182 182 184 183 183 183 183 183 183 183 183 184 184 185 184 187 187 187 188 187 188 189 188 189 188 189 188 188 188 187 186 186 185 185 186
150 155 154 147 150 145 141 133 130 138 142 138 140 145 149 152 154 156 157 158 158 159 158 162 163 164 166 167 169 170 173 174 176 177 178 180 181 180 179 180 180 181 180 181 181 182 183 183 185 186 186 187 188 188 188 187 188 188 187 188 188 188 186 187 184 183 182 181 181
148 149 149 154 148 146 147 143 142 142 139 135 138 143 149 149 152 153 154 155 155 156 155 158 161 163 165 166 168 168 171 174 175 177 179 179 177 178 178 179 178 178 178 180 181 181 181 184 185 187 187 186 187 187 187 187 187 188 187 186 187 185 183 183 182 181 181 180 178
144 147 151 148 142 142 112 141 148 148 144 139 138 141 144 147 148 150 150 151 151 152 153 154 158 161 163 163 167 170 171 171 172 175 176 175 177 176 176 176 177 177 179 179 180 182 183 185 186 186 186 186 187 187 186 186 186 186 187 186 184 183 182 181 180 179 178 178 176
