EcoCrop/data/climate/tmin_7.asc
NCOLS 660 
NROWS 360 
XLLCORNER -20 
YLLCORNER -30 
CELLSIZE 0.1666667 
NODATA_value -3.4e+38 
[rows 62 to 92 of 360, columns 0 to 68 of 660]
-3.4e+38 -3.4e+38 -3.4e+38 -3.4e+38 -3.4e+38 -3.4e+38 -3.4e+38 -3.4e+38 -3.4e+38 -3.4e+38 -3.4e+38 -3.4e+38 -3.4e+38 -3.4e+38 -3.4e+38 -3.4e+38 -3.4e+38 -3.4e+38 -3.4e+38 -3.4e+38 -3.4e+38 -3.4e+38 216 219 222 225 226 230 234 238 241 245 249 252 254 257 260 264 267 267 269 269 271 262 273 271 268 274 274 274 274 271 273 273 272 272 271 271 271 271 272 271 272 272 273 272 272 273 273
-3.4e+38 -3.4e+38 -3.4e+38 -3.4e+38 -3.4e+38 -3.4e+38 -3.4e+38 -3.4e+38 -3.4e+38 -3.4e+38 -3.4e+38 -3.4e+38 -3.4e+38 -3.4e+38 -3.4e+38 -3.4e+38 -3.4e+38 -3.4e+38 -3.4e+38 -3.4e+38 -3.4e+38 -3.4e+38 218 220 222 226 229 232 236 239 243 246 249 253 255 258 261 264 265 264 269 272 268 270 275 275 276 275 275 273 272 276 273 271 271 271 271 271 271 271 271 272 272 272 272 273 272 273 274
-3.4e+38 -3.4e+38 -3.4e+38 -3.4e+38 -3.4e+38 -3.4e+38 -3.4e+38 -3.4e+38 -3.4e+38 -3.4e+38 -3.4e+38 -3.4e+38 -3.4e+38 -3.4e+38 -3.4e+38 -3.4e+38 -3.4e+38 -3.4e+38 -3.4e+38 -3.4e+38 -3.4e+38 217 218 222 224 227 231 233 237 240 243 246 249 253 254 258 261 263 263 266 269 272 273 274 270 275 275 275 277 271 279 274 272 271 270 269 269 269 270 271 270 272 271 272 272 272 272 273 273
-3.4e+38 -3.4e+38 -3.4e+38 -3.4e+38 -3.4e+38 -3.4e+38 -3.4e+38 -3.4e+38 -3.4e+38 -3.4e+38 -3.4e+38 -3.4e+38 -3.4e+38 -3.4e+38 -3.4e+38 -3.4e+38 -3.4e+38 -3.4e+38 -3.4e+38 -3.4e+38 -3.4e+38 -3.4e+38 220 223 226 229 232 235 238 240 243 246 249 253 255 257 259 261 264 267 270 268 270 269 275 267 273 276 274 277 276 269 270 268 268 268 268 269 269 270 270 271 271 272 271 272 271 272 272
-3.4e+38 -3.4e+38 -3.4e+38 -3.4e+38 -3.4e+38 -3.4e+38 -3.4e+38 -3.4e+38 -3.4e+38 -3.4e+38 -3.4e+38 -3.4e+38 -3.4e+38 -3.4e+38 -3.4e+38 -3.4e+38 -3.4e+38 -3.4e+38 -3.4e+38 -3.4e+38 -3.4e+38 -3.4e+38 -3.4e+38 225 227 229 233 235 237 240 243 246 249 252 255 256 260 262 264 267 266 270 271 274 272 275 276 276 276 273 269 268 267 268 267 267 267 268 268 269 271 271 271 272 272 271 272 272 272
-3.4e+38 -3.4e+38 -3.4e+38 -3.4e+38 -3.4e+38 -3.4e+38 -3.4e+38 -3.4e+38 -3.4e+38 -3.4e+38 -3.4e+38 -3.4e+38 -3.4e+38 -3.4e+38 -3.4e+38 -3.4e+38 -3.4e+38 -3.4e+38 -3.4e+38 -3.4e+38 -3.4e+38 -3.4e+38 -3.4e+38 225 228 230 233 235 237 239 242 245 248 251 254 257 260 261 263 266 266 268 271 273 272 273 276 274 269 271 269 265 265 265 266 266 266 267 270 271 272 272 270 271 270 271 271 271 272
-3.4e+38 -3.4e+38 -3.4e+38 -3.4e+38 -3.4e+38 -3.4e+38 -3.4e+38 -3.4e+38 -3.4e+38 -3.4e+38 -3.4e+38 -3.4e+38 -3.4e+38 -3.4e+38 -3.4e+38 -3.4e+38 -3.4e+38 -3.4e+38 -3.4e+38 -3.4e+38 -3.4e+38 -3.4e+38 -3.4e+38 226 228 230 233 235 237 239 243 245 248 250 254 257 259 260 261 265 267 269 269 271 272 274 271 270 266 266 265 266 264 262 264 263 266 267 265 270 274 273 272 270 271 271 272 271 272
-3.4e+38 -3.4e+38 -3.4e+38 -3.4e+38 -3.4e+38 -3.4e+38 -3.4e+38 -3.4e+38 -3.4e+38 -3.4e+38 -3.4e+38 -3.4e+38 -3.4e+38 -3.4e+38 -3.4e+38 -3.4e+38 -3.4e+38 -3.4e+38 -3.4e+38 -3.4e+38 -3.4e+38 -3.4e+38 -3.4e+38 -3.4e+38 229 231 233 234 236 240 241 244 246 249 252 254 257 260 262 264 266 268 269 270 273 273 273 269 269 267 265 262 262 260 261 262 267 265 273 274 272 273 276 279 277 272 270 271 273
-3.4e+38 -3.4e+38 -3.4e+38 -3.4e+38 -3.4e+38 -3.4e+38 -3.4e+38 -3.4e+38 -3.4e+38 -3.4e+38 -3.4e+38 -3.4e+38 -3.4e+38 -3.4e+38 -3.4e+38 -3.4e+38 -3.4e+38 -3.4e+38 -3.4e+38 -3.4e+38 -3.4e+38 -3.4e+38 -3.4e+38 -3.4e+38 229 231 232 234 236 238 241 243 246 248 251 254 257 259 261 264 264 266 267 269 272 274 270 264 263 262 260 259 260 278 279 277 278 276 274 273 272 273 274 274 274 275 276 277 274
-3.4e+38 -3.4e+38 -3.4e+38 -3.4e+38 -3.4e+38 -3.4e+38 -3.4e+38 -3.4e+38 -3.4e+38 -3.4e+38 -3.4e+38 -3.4e+38 -3.4e+38 -3.4e+38 -3.4e+38 -3.4e+38 -3.4e+38 -3.4e+38 -3.4e+38 -3.4e+38 -3.4e+38 -3.4e+38 -3.4e+38 -3.4e+38 230 231 232 235 236 237 239 242 244 246 249 252 256 259 260 263 264 266 267 270 271 274 273 268 263 260 260 273 275 270 272 273 274 274 273 273 272 273 272 273 273 273 274 274 274
-3.4e+38 -3.4e+38 -3.4e+38 -3.4e+38 -3.4e+38 -3.4e+38 -3.4e+38 -3.4e+38 -3.4e+38 -3.4e+38 -3.4e+38 -3.4e+38 -3.4e+38 -3.4e+38 -3.4e+38 -3.4e+38 -3.4e+38 -3.4e+38 -3.4e+38 -3.4e+38 -3.4e+38 -3.4e+38 -3.4e+38 -3.4e+38 230 231 232 234 235 236 237 239 243 245 249 253 256 259 261 262 265 266 269 266 269 273 269 266 268 261 257 268 269 272 273 273 272 272 272 272 272 273 272 273 273 273 274 273 273
-3.4e+38 -3.4e+38 -3.4e+38 -3.4e+38 -3.4e+38 -3.4e+38 -3.4e+38 -3.4e+38 -3.4e+38 -3.4e+38 -3.4e+38 -3.4e+38 -3.4e+38 -3.4e+38 -3.4e+38 -3.4e+38 -3.4e+38 -3.4e+38 -3.4e+38 -3.4e+38 -3.4e+38 -3.4e+38 -3.4e+38 -3.4e+38 231 232 232 234 235 236 236 238 242 245 249 252 255 258 261 263 265 266 266 268 270 272 266 269 264 260 261 269 268 273 272 272 271 271 272 272 272 273 273 272 273 272 272 272 272
-3.4e+38 -3.4e+38 -3.4e+38 -3.4e+38 -3.4e+38 -3.4e+38 -3.4e+38 -3.4e+38 -3.4e+38 -3.4e+38 -3.4e+38 -3.4e+38 -3.4e+38 -3.4e+38 -3.4e+38 -3.4e+38 -3.4e+38 -3.4e+38 -3.4e+38 -3.4e+38 -3.4e+38 -3.4e+38 -3.4e+38 -3.4e+38 232 233 233 234 235 236 236 237 241 245 249 252 256 258 260 263 265 267 266 267 269 272 261 261 259 257 254 258 269 272 272 271 272 270 270 270 271 271 271 271 271 272 272 272 271
-3.4e+38 -3.4e+38 -3.4e+38 -3.4e+38 -3.4e+38 -3.4e+38 -3.4e+38 -3.4e+38 -3.4e+38 -3.4e+38 -3.4e+38 -3.4e+38 -3.4e+38 -3.4e+38 -3.4e+38 -3.4e+38 -3.4e+38 -3.4e+38 -3.4e+38 -3.4e+38 -3.4e+38 -3.4e+38 -3.4e+38 233 233 233 233 234 235 235 237 238 242 246 249 253 256 257 260 261 264 266 265 264 268 271 258 257 253 252 257 267 271 273 272 272 271 271 267 270 270 270 271 270 271 271 270 271 271
-3.4e+38 -3.4e+38 -3.4e+38 -3.4e+38 -3.4e+38 -3.4e+38 -3.4e+38 -3.4e+38 -3.4e+38 -3.4e+38 -3.4e+38 -3.4e+38 -3.4e+38 -3.4e+38 -3.4e+38 -3.4e+38 -3.4e+38 -3.4e+38 -3.4e+38 -3.4e+38 -3.4e+38 -3.4e+38 -3.4e+38 233 234 235 235 235 235 237 238 241 244 246 251 253 256 258 260 261 263 264 265 266 268 269 271 258 254 268 266 269 270 271 271 270 270 267 268 267 268 269 270 270 268 270 270 271 270
-3.4e+38 -3.4e+38 -3.4e+38 -3.4e+38 -3.4e+38 -3.4e+38 -3.4e+38 -3.4e+38 -3.4e+38 -3.4e+38 -3.4e+38 -3.4e+38 -3.4e+38 -3.4e+38 -3.4e+38 -3.4e+38 -3.4e+38 -3.4e+38 -3.4e+38 -3.4e+38 -3.4e+38 -3.4e+38 -3.4e+38 234 235 235 235 235 237 238 240 242 244 247 251 255 257 258 260 261 262 262 264 265 268 268 260 262 264 264 269 269 270 271 271 267 266 263 265 264 265 267 268 268 268 268 269 269 268
-3.4e+38 -3.4e+38 -3.4e+38 -3.4e+38 -3.4e+38 -3.4e+38 -3.4e+38 -3.4e+38 -3.4e+38 -3.4e+38 -3.4e+38 -3.4e+38 -3.4e+38 -3.4e+38 -3.4e+38 -3.4e+38 -3.4e+38 -3.4e+38 -3.4e+38 -3.4e+38 -3.4e+38 -3.4e+38 235 235 236 236 237 237 239 240 241 244 246 250 254 256 258 259 260 261 261 262 264 266 265 266 268 256 261 266 265 269 268 269 265 264 262 259 261 261 263 266 266 267 267 267 268 267 267
-3.4e+38 -3.4e+38 -3.4e+38 -3.4e+38 -3.4e+38 -3.4e+38 -3.4e+38 -3.4e+38 -3.4e+38 -3.4e+38 -3.4e+38 -3.4e+38 -3.4e+38 -3.4e+38 -3.4e+38 -3.4e+38 -3.4e+38 -3.4e+38 -3.4e+38 -3.4e+38 -3.4e+38 -3.4e+38 236 236 236 237 237 237 238 240 242 244 247 252 254 257 258 258 260 259 259 263 264 266 266 265 268 267 253 261 266 266 267 268 264 261 261 252 254 261 260 261 263 266 265 266 265 265 265
-3.4e+38 -3.4e+38 -3.4e+38 -3.4e+38 -3.4e+38 -3.4e+38 -3.4e+38 -3.4e+38 -3.4e+38 -3.4e+38 -3.4e+38 -3.4e+38 -3.4e+38 -3.4e+38 -3.4e+38 -3.4e+38 -3.4e+38 -3.4e+38 -3.4e+38 -3.4e+38 -3.4e+38 237 237 238 237 237 236 236 237 240 241 242 247 253 258 257 258 258 260 259 259 261 263 266 265 266 265 266 264 260 264 266 266 267 264 263 262 259 252 261 258 263 263 263 263 263 262 263 262
-3.4e+38 -3.4e+38 -3.4e+38 -3.4e+38 -3.4e+38 -3.4e+38 -3.4e+38 -3.4e+38 -3.4e+38 -3.4e+38 -3.4e+38 -3.4e+38 -3.4e+38 -3.4e+38 -3.4e+38 -3.4e+38 -3.4e+38 -3.4e+38 -3.4e+38 -3.4e+38 -3.4e+38 237 238 238 238 237 234 234 235 237 238 241 246 251 256 258 257 260 260 258 259 261 263 264 263 264 264 266 259 261 263 264 265 264 260 255 251 257 259 259 260 261 261 262 262 260 260 261 260
-3.4e+38 -3.4e+38 -3.4e+38 -3.4e+38 -3.4e+38 -3.4e+38 -3.4e+38 -3.4e+38 -3.4e+38 -3.4e+38 -3.4e+38 -3.4e+38 -3.4e+38 -3.4e+38 -3.4e+38 -3.4e+38 -3.4e+38 -3.4e+38 -3.4e+38 -3.4e+38 -3.4e+38 238 237 237 236 234 233 233 234 236 238 241 244 249 252 256 258 260 257 260 260 262 263 260 262 263 263 263 252 246 260 261 259 260 258 252 253 254 256 259 258 258 259 259 259 258 258 257 257
-3.4e+38 -3.4e+38 -3.4e+38 -3.4e+38 -3.4e+38 -3.4e+38 -3.4e+38 -3.4e+38 -3.4e+38 -3.4e+38 -3.4e+38 -3.4e+38 -3.4e+38 -3.4e+38 -3.4e+38 -3.4e+38 -3.4e+38 -3.4e+38 -3.4e+38 -3.4e+38 -3.4e+38 238 236 236 235 232 233 232 233 235 237 241 244 247 251 253 256 257 259 260 259 258 261 260 260 257 260 261 252 246 260 258 258 255 255 248 248 251 254 255 255 256 257 257 257 256 255 255 254
-3.4e+38 -3.4e+38 -3.4e+38 -3.4e+38 -3.4e+38 -3.4e+38 -3.4e+38 -3.4e+38 -3.4e+38 -3.4e+38 -3.4e+38 -3.4e+38 -3.4e+38 -3.4e+38 -3.4e+38 -3.4e+38 -3.4e+38 -3.4e+38 -3.4e+38 -3.4e+38 -3.4e+38 237 235 234 233 232 231 231 232 235 238 240 242 246 247 249 251 253 257 258 257 257 256 256 256 256 257 257 250 254 258 259 254 250 247 245 249 251 253 254 254 254 255 253 254 254 252 250 250
-3.4e+38 -3.4e+38 -3.4e+38 -3.4e+38 -3.4e+38 -3.4e+38 -3.4e+38 -3.4e+38 -3.4e+38 -3.4e+38 -3.4e+38 -3.4e+38 -3.4e+38 -3.4e+38 -3.4e+38 -3.4e+38 -3.4e+38 -3.4e+38 -3.4e+38 -3.4e+38 -3.4e+38 234 233 231 230 230 231 230 231 234 238 240 243 245 246 247 249 251 251 255 257 254 255 254 254 255 255 256 242 252 257 255 251 246 244 242 248 249 247 249 250 251 252 251 252 250 251 248 246
-3.4e+38 -3.4e+38 -3.4e+38 -3.4e+38 -3.4e+38 -3.4e+38 -3.4e+38 -3.4e+38 -3.4e+38 -3.4e+38 -3.4e+38 -3.4e+38 -3.4e+38 -3.4e+38 -3.4e+38 -3.4e+38 -3.4e+38 -3.4e+38 -3.4e+38 -3.4e+38 234 232 230 229 229 228 230 230 233 236 239 241 242 242 245 246 247 248 248 251 255 253 250 252 252 252 250 253 251 254 254 252 249 242 246 246 245 243 245 245 247 248 248 250 247 248 245 245 244
-3.4e+38 -3.4e+38 -3.4e+38 -3.4e+38 -3.4e+38 -3.4e+38 -3.4e+38 -3.4e+38 -3.4e+38 -3.4e+38 -3.4e+38 -3.4e+38 -3.4e+38 -3.4e+38 -3.4e+38 -3.4e+38 -3.4e+38 -3.4e+38 -3.4e+38 234 231 230 229 227 228 227 228 231 235 239 240 240 241 241 242 243 244 245 245 247 248 249 248 246 247 248 250 250 251 254 253 251 247 242 241 242 242 242 240 239 242 245 246 247 244 244 243 241 239
-3.4e+38 -3.4e+38 -3.4e+38 -3.4e+38 -3.4e+38 -3.4e+38 -3.4e+38 -3.4e+38 -3.4e+38 -3.4e+38 -3.4e+38 -3.4e+38 -3.4e+38 -3.4e+38 -3.4e+38 -3.4e+38 -3.4e+38 -3.4e+38 -3.4e+38 232 230 229 228 227 227 227 229 230 234 237 239 239 239 241 241 242 242 242 242 243 242 243 244 243 244 244 246 248 250 253 250 249 247 242 239 240 240 231 233 233 236 240 243 244 238 239 238 237 235
-3.4e+38 -3.4e+38 -3.4e+38 -3.4e+38 -3.4e+38 -3.4e+38 -3.4e+38 -3.4e+38 -3.4e+38 -3.4e+38 -3.4e+38 -3.4e+38 -3.4e+38 -3.4e+38 -3.4e+38 -3.4e+38 -3.4e+38 -3.4e+38 235 230 229 229 228 227 227 227 227 230 233 235 236 237 238 238 238 239 238 239 240 238 238 237 239 239 240 240 243 247 252 254 253 244 246 243 244 240 236 228 234 232 234 236 237 237 235 235 233 233 232
-3.4e+38 -3.4e+38 -3.4e+38 -3.4e+38 -3.4e+38 -3.4e+38 -3.4e+38 -3.4e+38 -3.4e+38 -3.4e+38 -3.4e+38 -3.4e+38 -3.4e+38 -3.4e+38 -3.4e+38 -3.4e+38 -3.4e+38 239 231 230 229 229 229 229 226 227 228 229 231 232 233 234 236 236 236 236 237 237 236 237 235 234 234 235 234 234 240 247 253 257 254 248 245 245 241 239 228 229 232 231 233 235 235 235 233 233 231 232 231
-3.4e+38 -3.4e+38 -3.4e+38 -3.4e+38 -3.4e+38 -3.4e+38 -3.4e+38 -3.4e+38 -3.4e+38 -3.4e+38 -3.4e+38 -3.4e+38 -3.4e+38 -3.4e+38 -3.4e+38 246 243 237 231 231 230 229 234 232 228 227 228 228 230 230 231 232 232 233 236 234 235 234 234 233 233 232 231 230 232 234 241 249 257 260 254 247 242 244 240 227 227 225 228 230 230 230 232 229 229 227 229 230 227
-3.4e+38 -3.4e+38 -3.4e+38 -3.4e+38 -3.4e+38 -3.4e+38 -3.4e+38 -3.4e+38 -3.4e+38 -3.4e+38 -3.4e+38 -3.4e+38 -3.4e+38 -3.4e+38 -3.4e+38 -3.4e+38 -3.4e+38 238 235 232 231 232 236 233 230 228 229 228 228 229 229 230 230 231 232 232 233 232 233 232 230 229 230 229 230 232 237 246 256 265 252 245 241 241 238 234 229 229 226 224 230 230 227 227 228 227 228 230 228
