EcoCrop/data/climate/tmin_8.asc
NCOLS 660 
NROWS 360 
XLLCORNER -20 
YLLCORNER -30 
CELLSIZE 0.1666667 
NODATA_value -3.4e+38 
[rows 62 to 92 of 360, columns 138 to 206 of 660]
252 255 255 256 257 256 255 256 256 256 257 257 258 258 258 256 259 259 258 259 258 257 257 258 256 256 254 255 251 249 248 244 239 236 231 238 241 242 243 246 247 249 251 252 254 255 255 256 256 256 256 255 256 254 254 256 255 254 254 249 250 251 250 250 251 250 250 250 249
253 254 256 257 257 256 258 258 258 258 258 259 258 258 258 258 259 259 258 258 258 257 258 258 257 255 255 251 252 248 243 244 243 239 231 235 240 243 243 244 246 248 250 251 253 254 255 255 255 255 255 255 255 254 254 253 254 253 254 248 249 249 250 251 251 250 250 250 249
255 255 256 255 254 256 255 257 255 257 256 258 258 257 258 258 258 259 256 258 258 257 258 257 256 256 255 253 250 247 247 242 240 235 212 237 240 239 243 245 246 247 249 251 252 253 253 254 254 255 254 254 253 254 254 254 253 252 253 254 247 248 250 250 250 250 250 249 248
255 256 255 256 256 257 257 257 257 259 258 258 259 258 257 259 258 258 258 258 257 258 257 257 257 255 255 252 250 248 245 243 242 202 189 230 234 234 243 243 246 246 248 250 251 252 252 253 253 253 253 254 252 253 254 252 252 252 251 253 247 248 250 249 249 249 248 247 245
257 255 255 255 256 256 257 257 258 258 258 258 257 259 259 258 258 259 259 257 256 256 257 256 256 256 255 253 251 248 246 246 241 237 217 200 204 238 225 239 246 246 248 249 250 251 252 252 253 253 252 253 252 252 252 251 251 251 250 253 247 248 249 248 248 247 245 246 245
255 255 256 255 255 256 258 257 258 257 257 258 257 258 259 257 258 258 256 258 256 257 256 256 254 253 253 253 252 244 232 236 232 230 228 226 226 226 217 232 245 246 247 248 245 249 250 251 251 252 251 251 252 250 250 250 250 251 250 254 246 247 249 248 246 245 245 245 246
255 257 257 257 257 256 257 257 258 257 257 257 257 258 258 257 257 258 256 257 255 256 255 255 254 254 252 252 251 247 244 242 237 236 232 228 225 231 221 218 241 245 247 247 248 249 249 250 250 250 250 249 249 249 249 249 248 249 249 249 250 247 247 246 246 246 244 245 244
256 257 256 257 257 258 256 257 257 257 255 257 256 257 257 256 257 256 256 255 256 255 254 255 254 254 250 250 248 241 242 239 238 233 226 219 216 224 234 220 240 242 247 247 247 248 247 248 248 248 249 248 248 248 247 248 249 247 246 248 247 246 246 244 244 245 244 245 244
256 256 256 257 257 258 257 258 256 257 257 257 256 257 256 256 256 256 255 255 255 255 254 254 253 253 251 247 247 244 240 236 231 216 218 218 223 229 234 237 240 243 244 246 246 246 247 247 247 248 248 248 246 246 244 246 246 246 247 246 243 244 245 244 244 244 244 242 243
256 257 256 256 257 257 257 256 256 256 256 256 256 255 257 256 255 255 255 254 254 254 253 252 252 250 249 247 246 240 242 237 235 228 220 213 226 231 234 239 240 242 243 244 244 245 246 246 246 247 246 249 246 246 246 247 246 245 245 245 245 245 243 244 242 244 243 243 242
257 256 255 257 257 257 257 257 256 256 255 255 256 255 254 254 255 254 254 253 253 253 253 251 251 251 251 248 246 243 241 235 228 222 204 212 219 229 234 236 238 240 241 242 243 243 244 244 245 245 245 246 245 246 245 246 245 245 244 244 243 243 242 244 242 242 242 241 243
256 257 256 256 256 255 256 256 255 255 255 256 255 255 251 251 252 253 253 253 251 251 251 250 250 250 248 248 244 243 239 232 218 201 177 217 220 222 227 231 236 238 240 240 241 243 242 243 244 244 245 244 244 244 245 244 243 243 243 243 243 243 242 242 241 242 242 241 242
255 255 255 255 254 256 255 255 255 255 255 255 253 252 253 250 251 251 251 251 251 250 250 251 249 248 247 247 245 241 235 229 224 219 204 220 225 223 228 230 234 236 238 239 240 240 242 242 243 243 243 243 243 243 244 242 242 244 243 242 243 242 241 241 241 241 242 241 242
254 253 254 255 255 255 254 254 255 254 253 253 251 252 249 249 251 251 250 250 249 249 248 249 249 248 247 246 243 240 236 225 224 223 224 224 227 227 230 232 233 235 236 238 239 239 239 240 241 241 242 241 242 242 242 242 242 242 241 241 242 240 239 240 239 241 241 241 241
253 251 252 253 253 253 254 255 253 253 252 252 251 251 250 249 249 249 248 249 248 247 245 247 247 246 246 245 241 237 235 230 228 214 229 228 228 229 231 233 233 233 235 236 237 238 239 238 239 239 240 241 242 242 241 241 241 240 240 239 239 240 239 239 240 240 241 241 242
251 252 252 252 253 254 254 253 252 251 251 250 249 249 248 247 247 247 246 246 247 245 245 244 244 245 245 244 242 238 237 233 233 232 230 228 230 231 231 230 230 229 234 235 235 236 237 238 237 238 239 239 239 240 240 240 239 239 239 238 239 239 238 239 239 240 240 242 241
250 250 252 251 253 254 252 251 250 250 249 248 248 248 247 246 245 245 245 244 243 243 240 241 242 243 244 242 242 240 238 239 237 234 230 231 231 231 229 230 229 230 233 233 234 235 236 236 236 236 236 237 239 239 238 238 238 238 238 238 238 238 238 239 240 240 241 242 243
251 250 251 253 252 251 250 250 249 249 248 247 247 247 245 245 243 243 244 241 240 237 237 236 239 240 241 241 240 239 239 237 228 231 232 231 231 231 227 229 225 229 232 232 232 233 234 235 236 236 236 237 236 237 237 237 237 237 236 237 237 238 238 238 239 239 242 242 242
249 251 251 253 252 249 250 250 248 248 247 246 246 245 244 243 242 241 241 240 239 237 235 236 235 237 239 239 238 238 237 235 235 231 232 231 230 227 226 227 226 228 231 231 232 232 233 234 234 235 234 233 234 235 235 236 236 236 236 237 237 237 238 239 239 240 240 241 241
249 249 252 250 247 248 248 248 247 247 246 245 244 243 242 242 240 240 238 238 237 236 235 235 235 234 235 236 233 231 233 234 231 230 231 228 226 224 225 224 226 228 229 230 231 231 232 232 234 234 229 231 232 234 234 235 235 236 236 236 238 237 238 240 239 240 241 241 241
247 250 251 247 246 248 248 247 247 246 244 243 242 241 240 239 239 237 235 236 234 234 232 230 229 230 229 230 230 230 228 229 228 227 226 224 222 222 222 224 225 226 227 227 229 229 230 231 231 233 230 229 231 232 232 234 234 234 236 236 236 237 238 238 238 239 240 240 240
247 249 250 248 246 246 247 246 245 246 242 240 240 240 238 238 236 236 233 234 232 232 231 230 228 227 229 228 228 226 225 224 226 223 223 222 220 221 222 223 224 225 226 226 227 228 229 230 230 234 222 228 230 232 232 233 235 234 236 236 237 237 237 237 239 237 240 240 240
245 247 248 245 246 245 245 244 245 244 242 240 241 240 238 237 235 235 232 231 231 228 228 227 228 226 226 225 226 226 224 223 223 223 220 221 219 222 222 223 223 224 225 225 226 225 226 227 229 230 223 228 230 230 231 233 234 235 233 235 235 236 236 237 237 237 238 237 239
244 245 245 245 246 246 243 242 243 242 240 240 240 235 235 234 233 232 231 231 231 227 226 227 224 224 225 225 224 225 222 222 219 220 220 220 220 221 221 221 221 223 223 223 223 224 225 225 227 228 230 228 230 231 231 232 233 234 234 235 235 236 237 236 236 235 236 237 237
244 244 244 243 244 243 243 243 242 241 241 239 236 233 232 232 230 228 229 227 228 227 227 224 225 223 225 224 221 222 220 221 219 218 218 219 218 218 219 219 219 221 220 221 222 222 223 224 224 227 227 229 229 230 231 232 233 233 233 235 235 235 236 235 234 236 237 235 237
242 243 244 244 243 243 243 242 241 240 240 238 236 231 232 225 229 228 228 228 226 226 226 224 224 223 223 221 221 221 220 217 217 217 216 215 215 216 217 217 218 219 219 219 220 220 221 221 223 224 226 226 228 229 230 230 231 232 232 233 233 233 232 233 234 234 235 236 235
241 240 243 243 242 242 242 241 240 239 238 238 235 231 231 230 229 228 226 225 224 223 225 223 224 222 222 220 220 218 218 218 217 216 215 214 214 213 215 216 216 216 217 217 217 219 219 220 222 223 224 227 227 227 229 230 230 231 231 232 232 233 233 233 233 234 234 234 233
240 239 241 242 240 241 241 239 239 238 238 238 236 231 233 229 228 225 223 220 220 222 222 222 222 221 220 220 219 218 219 218 216 216 212 211 211 212 214 214 213 214 215 216 217 217 217 219 221 223 224 226 226 227 228 229 230 229 231 231 231 232 232 233 233 232 233 232 232
235 236 239 240 239 239 240 239 237 237 236 234 235 234 228 227 220 219 214 215 219 222 222 222 221 222 222 220 220 219 218 217 216 214 209 208 211 211 212 213 213 214 214 213 215 215 217 218 220 222 223 224 225 227 227 229 229 229 230 230 231 232 232 232 232 233 232 233 231
232 236 239 238 239 239 237 238 236 236 236 235 233 232 230 227 227 223 219 219 220 221 222 220 221 222 220 218 218 218 218 217 214 213 210 212 211 211 212 211 211 212 212 212 213 214 215 218 220 221 222 224 225 225 227 227 228 229 230 230 231 231 232 233 232 231 232 230 230
231 231 238 237 238 236 236 236 236 234 234 234 232 232 227 227 216 212 217 219 221 222 220 220 220 219 218 218 219 219 217 218 216 213 214 214 213 212 211 211 210 211 208 208 209 212 214 216 219 220 222 223 225 225 226 227 228 228 229 229 230 232 232 233 232 231 232 230 230
