EcoCrop/data/climate/tmin_8.asc
NCOLS 660 
NROWS 360 
XLLCORNER -20 
YLLCORNER -30 
CELLSIZE 0.1666667 
NODATA_value -3.4e+38 
[rows 0 to 30 of 360, columns 345 to 413 of 660]
209 219 227 234 239 243 247 251 253 252 252 248 252 254 250 260 262 258 252 251 250 251 251 251 248 248 248 247 243 244 246 245 243 245 243 241 241 241 239 240 241 243 244 245 246 247 251 250 251 251 252 253 252 254 255 259 259 262 264 265 268 269 273 276 275 -3.4e+38 -3.4e+38 -3.4e+38 -3.4e+38
208 213 218 232 239 242 246 249 250 249 248 250 255 256 257 258 256 254 252 250 249 249 250 249 248 247 247 246 244 245 244 243 243 242 240 239 239 240 242 240 240 241 244 245 246 247 249 252 253 252 252 252 252 253 256 258 260 262 265 266 269 276 276 280 278 -3.4e+38 -3.4e+38 -3.4e+38 -3.4e+38
216 224 230 234 233 239 246 247 248 246 242 253 255 255 256 255 253 251 251 249 247 248 246 246 246 246 244 248 242 242 242 241 240 240 238 238 237 239 240 241 241 241 243 245 247 248 249 250 251 252 253 253 253 254 256 258 264 263 264 268 273 278 284 284 -3.4e+38 -3.4e+38 -3.4e+38 -3.4e+38 -3.4e+38
222 227 230 233 235 240 245 241 247 241 244 245 249 253 254 254 250 250 248 247 246 243 243 244 244 243 244 245 241 240 239 239 237 237 238 236 238 239 241 242 242 244 246 247 248 248 248 250 251 252 253 253 254 254 256 259 261 263 267 268 273 282 -3.4e+38 -3.4e+38 -3.4e+38 -3.4e+38 -3.4e+38 -3.4e+38 -3.4e+38
220 227 229 233 233 239 239 241 241 242 247 240 233 245 252 250 249 248 246 246 244 244 243 242 241 240 240 240 242 238 238 236 237 238 236 238 238 237 240 242 243 244 246 246 248 248 249 249 252 252 253 254 254 255 257 260 261 264 267 271 275 281 283 292 -3.4e+38 -3.4e+38 -3.4e+38 -3.4e+38 -3.4e+38
218 226 227 232 232 233 238 239 239 239 238 239 241 242 243 244 245 245 245 244 243 242 242 241 241 239 242 242 238 237 237 236 238 238 236 236 236 239 239 241 243 244 246 247 248 249 250 250 253 253 253 254 256 256 259 259 262 263 267 271 274 280 286 289 -3.4e+38 -3.4e+38 -3.4e+38 -3.4e+38 -3.4e+38
218 220 229 230 234 231 232 237 241 239 237 237 238 238 240 241 242 242 243 242 241 240 241 240 239 239 238 238 238 236 236 235 237 236 235 236 236 237 239 242 243 245 246 247 247 249 250 251 253 254 253 255 256 261 258 260 261 264 267 270 275 278 284 286 -3.4e+38 -3.4e+38 -3.4e+38 -3.4e+38 -3.4e+38
220 224 224 224 228 232 232 237 239 239 239 237 237 238 239 239 239 239 240 240 240 239 239 239 237 237 237 238 236 236 235 236 236 235 234 236 237 241 239 240 242 244 246 247 248 249 251 251 254 253 254 255 260 257 259 260 262 264 267 269 274 276 280 285 287 -3.4e+38 -3.4e+38 -3.4e+38 -3.4e+38
221 223 222 220 226 230 231 235 238 240 237 236 237 235 235 236 236 238 237 239 237 238 237 238 237 236 235 235 235 235 232 234 233 234 235 234 237 237 239 239 242 244 245 250 248 249 250 252 255 254 255 259 256 257 259 261 263 264 267 269 272 274 277 281 283 -3.4e+38 -3.4e+38 -3.4e+38 -3.4e+38
218 221 219 219 223 225 229 233 236 239 236 236 236 234 236 233 234 235 235 236 237 235 236 237 236 236 236 235 235 234 234 233 232 234 235 234 236 237 240 241 244 244 246 248 249 251 251 254 255 256 258 256 257 258 260 260 263 264 266 268 271 273 274 278 281 283 -3.4e+38 -3.4e+38 -3.4e+38
217 221 217 220 226 227 231 234 236 236 234 233 232 232 233 233 234 233 234 233 234 234 234 232 235 234 234 234 234 234 232 233 235 233 234 234 237 236 239 242 242 244 246 247 249 251 252 254 255 257 258 260 259 259 260 261 262 263 265 268 270 271 274 277 280 281 281 -3.4e+38 -3.4e+38
214 215 218 225 225 229 231 234 236 231 230 231 231 230 231 232 232 231 232 232 232 234 232 232 232 233 234 235 233 235 234 232 233 234 235 239 238 237 240 242 243 243 246 247 249 251 252 253 255 256 259 259 260 259 261 261 262 263 265 267 268 271 273 275 277 280 282 -3.4e+38 -3.4e+38
216 215 216 225 228 231 232 233 235 229 229 228 229 230 230 230 231 231 231 230 232 231 232 230 230 231 230 234 233 238 235 234 233 234 235 238 238 241 240 243 243 245 245 247 249 251 253 254 255 256 258 258 259 260 261 262 263 265 265 266 268 269 271 273 278 280 281 284 -3.4e+38
217 216 214 223 226 228 232 232 232 229 230 227 228 229 227 230 232 232 235 233 231 229 226 227 228 229 229 231 231 235 235 235 234 233 237 237 239 240 242 241 243 244 247 246 249 254 252 253 254 256 258 259 259 260 261 262 263 265 264 266 267 269 269 273 276 279 281 285 -3.4e+38
215 217 217 219 226 227 229 229 231 228 229 228 229 230 227 209 236 233 234 235 231 227 228 206 201 224 226 230 230 230 234 234 235 236 236 239 239 240 242 244 243 244 248 247 248 249 250 252 254 256 256 257 259 258 260 261 265 263 264 266 269 271 272 274 275 279 281 285 -3.4e+38
206 213 215 218 222 225 225 225 228 227 229 229 229 231 234 223 234 233 232 227 230 228 226 206 216 218 222 225 227 231 232 235 236 236 237 238 240 239 242 243 247 247 249 249 247 247 248 250 252 254 255 256 257 258 257 260 261 262 265 267 267 269 271 274 276 280 281 283 286
197 208 213 216 221 225 223 228 227 227 230 232 230 230 232 230 231 232 231 227 228 221 208 214 215 219 222 226 219 229 231 233 235 236 238 238 240 239 242 243 244 246 250 248 246 247 248 249 251 253 253 254 255 256 256 259 258 260 262 264 266 267 269 272 275 280 282 285 287
194 215 216 220 219 220 224 225 227 224 224 219 224 229 226 229 233 230 231 227 219 216 213 210 215 219 222 216 217 223 231 233 233 238 237 237 240 242 242 245 246 247 248 247 246 246 247 248 249 250 252 252 253 254 255 255 256 260 261 262 263 265 268 271 270 279 282 284 287
188 211 220 227 222 217 220 223 224 222 224 226 225 224 228 229 233 231 220 222 218 216 220 218 216 221 219 219 224 227 229 231 236 236 238 241 242 242 244 248 247 248 247 244 243 245 245 246 247 248 251 252 252 252 253 254 255 257 257 260 264 265 268 271 270 280 279 284 287
202 195 229 217 216 220 214 220 222 223 222 220 224 227 228 229 229 226 221 224 225 226 226 221 220 227 224 223 221 224 230 233 235 234 238 239 239 242 245 244 250 249 246 245 243 243 244 245 246 246 246 248 250 252 251 252 252 255 255 256 261 262 266 268 272 273 279 282 285
225 209 231 217 220 224 215 216 220 221 223 222 224 223 225 218 222 229 230 229 228 227 230 230 231 215 229 227 227 230 231 232 234 235 236 240 241 241 244 248 249 246 246 243 241 242 244 245 244 245 245 244 247 248 247 250 249 251 254 254 257 259 264 266 270 271 277 278 283
221 235 229 232 234 215 208 209 215 218 222 221 223 217 217 215 223 229 233 234 232 232 230 230 231 235 235 234 229 228 226 228 236 238 239 240 242 244 247 250 247 248 244 245 243 240 240 242 240 241 242 242 243 242 247 246 247 248 251 252 256 259 261 262 266 268 273 279 283
216 222 239 241 245 237 226 213 210 214 220 230 230 218 212 217 226 233 235 236 237 237 233 237 238 239 239 237 237 234 235 235 236 237 239 242 244 245 246 250 248 248 246 246 240 239 238 240 241 237 240 239 239 241 244 242 244 246 248 250 254 258 260 263 264 269 271 274 281
224 204 223 247 239 242 235 237 231 235 228 242 236 230 218 223 229 233 229 240 240 241 239 240 242 243 244 242 240 238 241 239 239 242 244 245 247 246 248 248 251 243 246 243 244 238 236 237 238 239 236 236 239 240 240 241 242 243 246 249 253 254 259 261 262 265 268 273 280
218 213 222 247 250 241 238 246 240 238 244 245 236 223 209 216 229 236 238 240 239 242 243 243 243 243 246 245 245 244 245 245 243 245 247 249 250 247 246 245 249 244 245 245 245 232 236 237 235 239 234 236 237 238 237 238 239 241 244 247 251 254 256 259 262 265 269 271 278
237 243 246 248 252 255 241 250 247 244 249 247 236 227 201 213 231 235 238 238 236 241 241 243 241 245 247 248 248 249 249 249 248 250 250 247 248 246 245 245 247 248 242 245 242 241 231 234 236 233 239 239 237 233 233 234 237 239 242 244 248 252 252 257 260 263 265 270 273
245 244 239 246 253 257 259 257 251 243 248 249 241 231 216 216 230 235 234 236 237 237 237 241 245 247 247 246 248 250 250 249 249 249 249 245 246 245 247 247 245 247 243 243 240 243 239 230 235 237 238 238 238 230 229 232 233 237 239 244 245 249 250 255 257 261 262 266 272
232 217 240 230 245 254 257 259 254 240 240 248 243 234 217 221 234 240 237 239 239 241 241 244 244 248 249 251 251 250 250 245 248 250 248 243 243 243 246 247 243 247 244 242 241 239 241 238 231 235 234 235 234 234 225 230 231 235 237 241 243 247 249 253 258 259 261 265 270
236 218 222 230 241 238 250 254 258 242 241 248 246 239 234 232 241 248 243 241 242 243 244 247 249 251 252 253 254 251 248 248 250 251 246 241 242 242 246 248 245 244 247 243 241 238 240 240 240 237 229 224 231 232 232 224 228 231 235 240 243 245 249 251 257 258 261 263 265
238 221 212 233 233 242 237 234 252 249 249 252 246 245 244 247 250 253 251 249 245 242 246 248 250 252 253 254 253 253 250 247 248 250 247 237 243 246 247 248 246 239 246 244 240 240 238 238 237 234 224 226 222 229 227 229 225 227 233 237 241 244 246 250 254 258 260 262 265
234 206 218 224 235 240 236 223 255 265 265 263 252 243 249 254 254 257 257 248 249 246 247 249 251 252 254 253 255 253 250 247 247 248 242 240 243 244 245 248 244 243 243 243 241 240 240 239 236 236 232 218 225 224 226 229 226 228 232 236 240 244 247 250 254 258 260 262 265
