EcoCrop/data/climate/tmin_10.asc
NCOLS 660 
NROWS 360 
XLLCORNER -20 
YLLCORNER -30 
CELLSIZE 0.1666667 
NODATA_value -3.4e+38 
[rows 30 to 59 of 360, columns 0 to 68 of 660]
-3.4e+38 -3.4e+38 -3.4e+38 -3.4e+38 -3.4e+38 -3.4e+38 -3.4e+38 -3.4e+38 -3.4e+38 -3.4e+38 -3.4e+38 -3.4e+38 -3.4e+38 -3.4e+38 -3.4e+38 -3.4e+38 -3.4e+38 -3.4e+38 -3.4e+38 -3.4e+38 -3.4e+38 -3.4e+38 -3.4e+38 -3.4e+38 -3.4e+38 -3.4e+38 -3.4e+38 -3.4e+38 -3.4e+38 -3.4e+38 -3.4e+38 182 182 183 183 182 181 180 182 185 187 188 187 186 187 187 187 189 191 192 193 194 194 193 194 193 193 191 191 191 190 191 190 190 188 187 188 187 187
-3.4e+38 -3.4e+38 -3.4e+38 -3.4e+38 -3.4e+38 -3.4e+38 -3.4e+38 -3.4e+38 -3.4e+38 -3.4e+38 -3.4e+38 -3.4e+38 -3.4e+38 -3.4e+38 -3.4e+38 -3.4e+38 -3.4e+38 -3.4e+38 -3.4e+38 -3.4e+38 -3.4e+38 -3.4e+38 -3.4e+38 -3.4e+38 -3.4e+38 -3.4e+38 -3.4e+38 -3.4e+38 -3.4e+38 -3.4e+38 -3.4e+38 183 183 183 183 182 181 181 184 185 187 188 190 191 189 192 192 192 194 195 197 195 195 196 194 195 195 193 193 193 192 192 192 191 192 191 191 191 190
-3.4e+38 -3.4e+38 -3.4e+38 -3.4e+38 -3.4e+38 -3.4e+38 -3.4e+38 -3.4e+38 -3.4e+38 -3.4e+38 -3.4e+38 -3.4e+38 -3.4e+38 -3.4e+38 -3.4e+38 -3.4e+38 -3.4e+38 -3.4e+38 -3.4e+38 -3.4e+38 -3.4e+38 -3.4e+38 -3.4e+38 -3.4e+38 -3.4e+38 -3.4e+38 -3.4e+38 -3.4e+38 -3.4e+38 -3.4e+38 184 184 183 184 182 182 182 181 182 184 186 189 192 192 193 193 194 195 197 198 197 199 197 197 197 197 197 198 196 196 195 195 195 194 194 194 193 193 192
-3.4e+38 -3.4e+38 -3.4e+38 -3.4e+38 -3.4e+38 -3.4e+38 -3.4e+38 -3.4e+38 -3.4e+38 -3.4e+38 -3.4e+38 -3.4e+38 -3.4e+38 -3.4e+38 -3.4e+38 -3.4e+38 -3.4e+38 -3.4e+38 -3.4e+38 -3.4e+38 -3.4e+38 -3.4e+38 -3.4e+38 -3.4e+38 -3.4e+38 -3.4e+38 -3.4e+38 -3.4e+38 -3.4e+38 186 181 184 183 182 183 182 181 182 182 182 185 189 194 196 195 196 197 199 200 201 202 201 200 200 200 200 199 199 198 199 198 197 197 196 196 196 196 194 194
-3.4e+38 -3.4e+38 -3.4e+38 -3.4e+38 -3.4e+38 -3.4e+38 -3.4e+38 -3.4e+38 -3.4e+38 -3.4e+38 -3.4e+38 -3.4e+38 -3.4e+38 -3.4e+38 -3.4e+38 -3.4e+38 -3.4e+38 -3.4e+38 -3.4e+38 -3.4e+38 -3.4e+38 -3.4e+38 -3.4e+38 -3.4e+38 -3.4e+38 -3.4e+38 -3.4e+38 -3.4e+38 185 185 181 184 183 182 183 181 184 185 181 186 187 192 196 198 197 198 201 202 202 201 202 203 204 203 202 201 201 201 201 202 201 200 200 198 199 198 198 197 196
-3.4e+38 -3.4e+38 -3.4e+38 -3.4e+38 -3.4e+38 -3.4e+38 -3.4e+38 -3.4e+38 -3.4e+38 -3.4e+38 -3.4e+38 -3.4e+38 -3.4e+38 -3.4e+38 -3.4e+38 -3.4e+38 -3.4e+38 -3.4e+38 -3.4e+38 -3.4e+38 -3.4e+38 -3.4e+38 -3.4e+38 -3.4e+38 -3.4e+38 -3.4e+38 -3.4e+38 184 185 183 183 184 183 184 182 182 185 186 188 189 188 186 197 198 200 201 201 202 202 204 205 202 203 205 204 204 204 204 204 203 203 202 202 201 202 202 200 200 199
-3.4e+38 -3.4e+38 -3.4e+38 -3.4e+38 -3.4e+38 -3.4e+38 -3.4e+38 -3.4e+38 -3.4e+38 -3.4e+38 -3.4e+38 -3.4e+38 -3.4e+38 -3.4e+38 -3.4e+38 -3.4e+38 -3.4e+38 -3.4e+38 -3.4e+38 -3.4e+38 -3.4e+38 -3.4e+38 -3.4e+38 -3.4e+38 -3.4e+38 185 183 184 185 180 180 182 186 185 185 182 181 186 190 191 194 193 198 200 200 200 201 202 203 204 204 207 204 207 205 207 206 205 205 204 205 205 204 203 203 203 203 201 201
-3.4e+38 -3.4e+38 -3.4e+38 -3.4e+38 -3.4e+38 -3.4e+38 -3.4e+38 -3.4e+38 -3.4e+38 -3.4e+38 -3.4e+38 -3.4e+38 -3.4e+38 -3.4e+38 -3.4e+38 -3.4e+38 -3.4e+38 -3.4e+38 -3.4e+38 -3.4e+38 -3.4e+38 -3.4e+38 -3.4e+38 -3.4e+38 183 182 182 183 181 181 181 180 181 187 183 184 184 186 188 191 192 196 199 201 200 201 202 203 204 204 205 206 206 208 208 207 206 206 205 206 207 207 206 206 205 206 205 205 203
-3.4e+38 -3.4e+38 -3.4e+38 -3.4e+38 -3.4e+38 -3.4e+38 -3.4e+38 -3.4e+38 -3.4e+38 -3.4e+38 -3.4e+38 -3.4e+38 -3.4e+38 -3.4e+38 -3.4e+38 -3.4e+38 -3.4e+38 -3.4e+38 -3.4e+38 -3.4e+38 -3.4e+38 -3.4e+38 -3.4e+38 -3.4e+38 -3.4e+38 182 183 180 180 180 179 179 182 187 187 186 187 187 187 191 194 197 200 202 202 201 201 203 203 204 206 206 209 208 209 209 208 208 207 207 208 209 209 207 207 208 207 206 204
-3.4e+38 -3.4e+38 -3.4e+38 -3.4e+38 -3.4e+38 -3.4e+38 -3.4e+38 -3.4e+38 -3.4e+38 -3.4e+38 -3.4e+38 -3.4e+38 -3.4e+38 -3.4e+38 -3.4e+38 -3.4e+38 -3.4e+38 -3.4e+38 -3.4e+38 -3.4e+38 -3.4e+38 -3.4e+38 -3.4e+38 -3.4e+38 182 182 181 183 180 179 181 183 186 188 189 189 189 190 190 192 196 199 200 202 206 203 203 202 204 205 207 209 209 209 211 209 209 208 209 209 209 209 211 209 209 209 209 208 206
-3.4e+38 -3.4e+38 -3.4e+38 -3.4e+38 -3.4e+38 -3.4e+38 -3.4e+38 -3.4e+38 -3.4e+38 -3.4e+38 -3.4e+38 -3.4e+38 -3.4e+38 -3.4e+38 -3.4e+38 -3.4e+38 -3.4e+38 -3.4e+38 -3.4e+38 -3.4e+38 -3.4e+38 -3.4e+38 -3.4e+38 184 185 181 179 180 184 185 186 187 186 190 191 190 192 193 193 195 197 200 203 205 207 206 205 204 206 207 209 211 210 211 211 211 212 210 210 211 211 210 211 211 211 211 209 209 209
-3.4e+38 -3.4e+38 -3.4e+38 -3.4e+38 -3.4e+38 -3.4e+38 -3.4e+38 -3.4e+38 -3.4e+38 -3.4e+38 -3.4e+38 -3.4e+38 -3.4e+38 -3.4e+38 -3.4e+38 -3.4e+38 -3.4e+38 -3.4e+38 -3.4e+38 -3.4e+38 -3.4e+38 -3.4e+38 -3.4e+38 184 183 182 181 180 183 185 187 187 188 190 187 194 194 196 197 197 198 201 204 208 207 207 205 204 206 208 209 212 213 213 212 212 213 212 212 211 212 213 212 212 213 211 210 211 210
-3.4e+38 -3.4e+38 -3.4e+38 -3.4e+38 -3.4e+38 -3.4e+38 -3.4e+38 -3.4e+38 -3.4e+38 -3.4e+38 -3.4e+38 -3.4e+38 -3.4e+38 -3.4e+38 -3.4e+38 -3.4e+38 -3.4e+38 -3.4e+38 -3.4e+38 -3.4e+38 -3.4e+38 -3.4e+38 -3.4e+38 185 182 182 182 182 184 186 186 185 188 189 192 195 196 196 198 198 201 204 208 208 207 208 208 207 209 210 212 212 211 213 213 213 214 211 213 214 213 214 214 213 214 213 211 211 210
-3.4e+38 -3.4e+38 -3.4e+38 -3.4e+38 -3.4e+38 -3.4e+38 -3.4e+38 -3.4e+38 -3.4e+38 -3.4e+38 -3.4e+38 -3.4e+38 -3.4e+38 -3.4e+38 -3.4e+38 -3.4e+38 -3.4e+38 -3.4e+38 -3.4e+38 -3.4e+38 -3.4e+38 -3.4e+38 187 182 182 182 181 182 184 189 189 189 190 190 192 197 198 200 200 200 205 206 211 209 208 209 208 209 209 213 213 215 215 213 214 214 213 214 214 214 214 215 215 215 215 215 214 212 213
-3.4e+38 -3.4e+38 -3.4e+38 -3.4e+38 -3.4e+38 -3.4e+38 -3.4e+38 -3.4e+38 -3.4e+38 -3.4e+38 -3.4e+38 -3.4e+38 -3.4e+38 -3.4e+38 -3.4e+38 -3.4e+38 -3.4e+38 -3.4e+38 -3.4e+38 -3.4e+38 -3.4e+38 -3.4e+38 187 183 183 182 182 184 185 187 189 190 193 194 191 199 199 201 204 204 206 209 211 213 210 207 211 212 212 213 214 213 213 213 214 215 216 216 215 215 215 215 216 217 216 216 215 213 214
-3.4e+38 -3.4e+38 -3.4e+38 -3.4e+38 -3.4e+38 -3.4e+38 -3.4e+38 -3.4e+38 -3.4e+38 -3.4e+38 -3.4e+38 -3.4e+38 -3.4e+38 -3.4e+38 -3.4e+38 -3.4e+38 -3.4e+38 -3.4e+38 -3.4e+38 -3.4e+38 -3.4e+38 188 185 183 183 185 186 188 188 187 190 193 195 197 198 201 203 204 205 206 207 209 212 212 212 213 213 215 215 214 214 215 215 216 215 216 216 215 216 214 216 216 216 216 215 217 217 217 214
-3.4e+38 -3.4e+38 -3.4e+38 -3.4e+38 -3.4e+38 -3.4e+38 -3.4e+38 -3.4e+38 -3.4e+38 -3.4e+38 -3.4e+38 -3.4e+38 -3.4e+38 -3.4e+38 -3.4e+38 -3.4e+38 -3.4e+38 -3.4e+38 -3.4e+38 -3.4e+38 189 188 186 185 186 187 188 188 187 191 193 196 198 197 201 203 206 206 207 209 209 208 211 211 211 214 217 215 214 214 219 217 216 216 216 216 215 215 215 216 216 216 215 216 215 216 217 218 216
-3.4e+38 -3.4e+38 -3.4e+38 -3.4e+38 -3.4e+38 -3.4e+38 -3.4e+38 -3.4e+38 -3.4e+38 -3.4e+38 -3.4e+38 -3.4e+38 -3.4e+38 -3.4e+38 -3.4e+38 -3.4e+38 -3.4e+38 -3.4e+38 -3.4e+38 187 188 188 187 187 188 189 189 190 190 194 196 200 200 200 204 207 208 208 209 211 212 212 211 211 213 216 216 218 214 215 216 215 215 215 215 216 216 215 216 216 216 216 216 217 217 217 216 217 216
-3.4e+38 -3.4e+38 -3.4e+38 -3.4e+38 -3.4e+38 -3.4e+38 -3.4e+38 -3.4e+38 -3.4e+38 -3.4e+38 -3.4e+38 -3.4e+38 -3.4e+38 -3.4e+38 -3.4e+38 -3.4e+38 -3.4e+38 -3.4e+38 -3.4e+38 188 188 189 187 188 190 190 191 191 193 196 199 199 201 204 207 207 208 210 212 213 213 213 212 211 215 218 218 208 215 216 215 216 215 215 215 216 215 215 216 216 217 217 217 218 217 218 217 217 218
-3.4e+38 -3.4e+38 -3.4e+38 -3.4e+38 -3.4e+38 -3.4e+38 -3.4e+38 -3.4e+38 -3.4e+38 -3.4e+38 -3.4e+38 -3.4e+38 -3.4e+38 -3.4e+38 -3.4e+38 -3.4e+38 -3.4e+38 -3.4e+38 187 187 189 190 191 189 192 194 193 195 197 200 201 203 205 207 209 209 210 214 214 214 214 215 215 212 216 216 216 214 216 216 216 215 214 214 215 215 217 213 214 216 216 218 217 218 217 218 218 216 218
-3.4e+38 -3.4e+38 -3.4e+38 -3.4e+38 -3.4e+38 -3.4e+38 -3.4e+38 -3.4e+38 -3.4e+38 -3.4e+38 -3.4e+38 -3.4e+38 -3.4e+38 -3.4e+38 -3.4e+38 -3.4e+38 -3.4e+38 -3.4e+38 186 189 190 190 191 192 192 195 197 198 200 201 204 205 208 209 211 211 213 215 216 217 217 218 217 215 215 217 212 216 217 217 216 214 213 214 216 221 213 216 216 219 218 219 220 220 218 219 219 219 219
-3.4e+38 -3.4e+38 -3.4e+38 -3.4e+38 -3.4e+38 -3.4e+38 -3.4e+38 -3.4e+38 -3.4e+38 -3.4e+38 -3.4e+38 -3.4e+38 -3.4e+38 -3.4e+38 -3.4e+38 -3.4e+38 -3.4e+38 -3.4e+38 188 188 190 191 190 192 193 196 198 200 202 204 207 210 211 213 213 214 216 218 218 219 219 219 216 216 215 220 216 217 221 222 204 207 209 208 210 213 216 218 218 218 219 220 220 220 220 220 220 221 221
-3.4e+38 -3.4e+38 -3.4e+38 -3.4e+38 -3.4e+38 -3.4e+38 -3.4e+38 -3.4e+38 -3.4e+38 -3.4e+38 -3.4e+38 -3.4e+38 -3.4e+38 -3.4e+38 -3.4e+38 -3.4e+38 -3.4e+38 -3.4e+38 -3.4e+38 189 191 192 193 193 196 198 199 202 205 208 210 212 212 213 214 218 219 221 221 220 220 221 214 216 215 212 217 223 210 206 206 218 220 212 214 218 218 219 220 221 221 221 222 221 221 222 222 221 221
-3.4e+38 -3.4e+38 -3.4e+38 -3.4e+38 -3.4e+38 -3.4e+38 -3.4e+38 -3.4e+38 -3.4e+38 -3.4e+38 -3.4e+38 -3.4e+38 -3.4e+38 -3.4e+38 -3.4e+38 -3.4e+38 -3.4e+38 -3.4e+38 -3.4e+38 189 191 193 195 196 197 199 203 207 207 209 211 213 215 216 218 220 221 222 222 222 222 209 212 215 215 217 223 225 212 211 214 219 221 215 218 219 220 221 221 222 222 223 223 223 222 223 223 222 223
-3.4e+38 -3.4e+38 -3.4e+38 -3.4e+38 -3.4e+38 -3.4e+38 -3.4e+38 -3.4e+38 -3.4e+38 -3.4e+38 -3.4e+38 -3.4e+38 -3.4e+38 -3.4e+38 -3.4e+38 -3.4e+38 -3.4e+38 -3.4e+38 -3.4e+38 190 193 196 197 198 200 202 206 207 210 213 214 217 218 219 222 224 223 224 225 223 225 205 215 214 217 222 224 210 210 210 218 216 219 219 221 221 222 222 223 223 224 224 223 223 224 224 224 224 224
-3.4e+38 -3.4e+38 -3.4e+38 -3.4e+38 -3.4e+38 -3.4e+38 -3.4e+38 -3.4e+38 -3.4e+38 -3.4e+38 -3.4e+38 -3.4e+38 -3.4e+38 -3.4e+38 -3.4e+38 -3.4e+38 -3.4e+38 -3.4e+38 -3.4e+38 -3.4e+38 195 198 199 201 203 205 209 209 213 216 217 220 222 223 225 225 226 225 228 225 225 220 218 218 220 224 209 212 216 217 220 219 220 221 222 223 223 224 223 224 225 225 225 224 225 225 225 225 225
-3.4e+38 -3.4e+38 -3.4e+38 -3.4e+38 -3.4e+38 -3.4e+38 -3.4e+38 -3.4e+38 -3.4e+38 -3.4e+38 -3.4e+38 -3.4e+38 -3.4e+38 -3.4e+38 -3.4e+38 -3.4e+38 -3.4e+38 -3.4e+38 -3.4e+38 -3.4e+38 -3.4e+38 -3.4e+38 202 203 205 207 210 212 216 216 220 223 225 226 227 228 227 229 229 229 228 219 223 211 223 209 213 218 219 219 221 222 222 223 224 224 225 224 225 225 226 226 225 226 225 226 226 226 226
-3.4e+38 -3.4e+38 -3.4e+38 -3.4e+38 -3.4e+38 -3.4e+38 -3.4e+38 -3.4e+38 -3.4e+38 -3.4e+38 -3.4e+38 -3.4e+38 -3.4e+38 -3.4e+38 -3.4e+38 -3.4e+38 -3.4e+38 -3.4e+38 -3.4e+38 -3.4e+38 -3.4e+38 -3.4e+38 204 205 208 210 213 215 217 220 223 226 227 229 230 230 232 233 232 231 230 225 202 206 209 214 216 219 221 223 223 224 224 225 225 226 226 227 227 227 227 225 226 227 227 226 226 227 228
-3.4e+38 -3.4e+38 -3.4e+38 -3.4e+38 -3.4e+38 -3.4e+38 -3.4e+38 -3.4e+38 -3.4e+38 -3.4e+38 -3.4e+38 -3.4e+38 -3.4e+38 -3.4e+38 -3.4e+38 -3.4e+38 -3.4e+38 -3.4e+38 -3.4e+38 -3.4e+38 -3.4e+38 -3.4e+38 -3.4e+38 209 210 212 215 218 221 223 226 228 230 232 234 236 235 235 235 234 233 214 219 212 211 213 217 222 223 225 225 226 225 227 226 227 227 227 227 228 228 228 228 228 228 229 229 230 228
-3.4e+38 -3.4e+38 -3.4e+38 -3.4e+38 -3.4e+38 -3.4e+38 -3.4e+38 -3.4e+38 -3.4e+38 -3.4e+38 -3.4e+38 -3.4e+38 -3.4e+38 -3.4e+38 -3.4e+38 -3.4e+38 -3.4e+38 -3.4e+38 -3.4e+38 -3.4e+38 -3.4e+38 -3.4e+38 -3.4e+38 211 212 215 217 221 223 225 228 229 233 237 239 238 238 238 238 236 224 228 222 216 220 220 221 226 227 227 229 230 226 228 228 228 229 229 229 228 229 229 229 229 230 230 230 230 231
