EcoCrop/data/climate/tmin_6.asc
NCOLS 660 
NROWS 360 
XLLCORNER -20 
YLLCORNER -30 
CELLSIZE 0.1666667 
NODATA_value -3.4e+38 
[rows 0 to 30 of 360, columns 414 to 482 of 660]
-3.4e+38 -3.4e+38 -3.4e+38 -3.4e+38 -3.4e+38 -3.4e+38 -3.4e+38 266 265 254 237 209 209 176 175 173 115 139 138 119 144 158 161 158 167 153 164 153 143 153 158 171 179 183 182 178 177 169 171 159 130 111 130 134 150 156 153 148 137 106 143 84 154 229 257 271 272 269 269 271 269 261 255 247 237 209 196 187 195
-3.4e+38 -3.4e+38 -3.4e+38 -3.4e+38 -3.4e+38 -3.4e+38 -3.4e+38 -3.4e+38 255 262 243 237 221 222 180 193 167 124 125 119 145 147 162 165 169 171 171 180 181 180 161 172 174 174 162 171 176 179 176 170 160 145 137 123 78 145 154 148 143 148 99 138 162 212 256 270 271 273 274 272 271 258 254 251 234 177 190 174 166
-3.4e+38 -3.4e+38 -3.4e+38 -3.4e+38 -3.4e+38 -3.4e+38 -3.4e+38 -3.4e+38 -3.4e+38 265 262 256 249 221 213 159 177 100 94 138 130 161 145 165 170 173 177 165 180 179 167 135 169 150 164 168 172 180 181 177 171 158 141 115 87 109 113 120 122 118 149 162 156 200 236 250 264 269 269 268 271 267 257 258 244 205 168 167 174
-3.4e+38 -3.4e+38 -3.4e+38 -3.4e+38 -3.4e+38 -3.4e+38 -3.4e+38 -3.4e+38 -3.4e+38 -3.4e+38 264 264 257 254 229 210 196 194 93 129 148 166 150 155 152 163 171 122 183 185 185 163 157 155 165 162 130 176 180 180 177 173 157 126 132 114 53 107 110 58 129 164 180 155 182 218 249 259 264 264 267 269 267 263 258 226 180 169 175
-3.4e+38 -3.4e+38 -3.4e+38 -3.4e+38 -3.4e+38 -3.4e+38 -3.4e+38 -3.4e+38 -3.4e+38 -3.4e+38 266 264 262 250 176 172 198 202 187 109 146 135 168 162 177 174 161 133 165 184 186 185 142 164 185 172 162 161 180 167 180 177 169 148 148 144 140 144 155 122 138 123 151 193 211 202 238 246 258 263 266 268 265 261 257 243 187 181 186
-3.4e+38 -3.4e+38 -3.4e+38 -3.4e+38 -3.4e+38 -3.4e+38 -3.4e+38 -3.4e+38 -3.4e+38 -3.4e+38 -3.4e+38 267 263 255 210 199 185 203 199 166 146 161 119 173 157 176 125 160 156 130 145 128 143 148 186 185 182 172 178 169 180 179 172 164 151 157 154 169 164 118 106 83 176 174 210 227 244 246 256 257 265 267 265 257 261 242 174 195 190
-3.4e+38 -3.4e+38 -3.4e+38 -3.4e+38 -3.4e+38 -3.4e+38 -3.4e+38 -3.4e+38 -3.4e+38 -3.4e+38 -3.4e+38 268 261 260 223 201 213 202 187 173 134 147 162 115 140 195 177 192 197 198 196 134 184 144 155 182 187 185 182 148 160 177 149 168 148 163 152 174 197 190 200 188 223 139 171 212 247 252 256 260 263 266 261 256 259 255 216 194 197
-3.4e+38 -3.4e+38 -3.4e+38 -3.4e+38 -3.4e+38 -3.4e+38 -3.4e+38 -3.4e+38 -3.4e+38 -3.4e+38 -3.4e+38 -3.4e+38 265 261 170 226 216 214 206 186 174 151 132 185 200 165 198 205 205 203 195 212 213 202 147 137 176 167 183 177 170 180 186 179 146 167 170 147 176 183 164 241 249 160 122 108 220 241 252 260 263 267 264 260 258 251 222 191 197
-3.4e+38 -3.4e+38 -3.4e+38 -3.4e+38 -3.4e+38 -3.4e+38 -3.4e+38 -3.4e+38 -3.4e+38 -3.4e+38 -3.4e+38 -3.4e+38 -3.4e+38 261 255 248 189 220 210 213 223 197 153 185 210 179 208 210 208 206 203 201 209 187 206 190 137 180 147 178 193 200 205 181 193 185 182 141 169 174 199 244 260 249 195 97 163 216 244 258 263 265 262 259 254 251 234 178 203
-3.4e+38 -3.4e+38 -3.4e+38 -3.4e+38 -3.4e+38 -3.4e+38 -3.4e+38 -3.4e+38 -3.4e+38 -3.4e+38 -3.4e+38 -3.4e+38 -3.4e+38 242 263 256 258 227 236 233 225 215 173 222 220 206 211 177 177 189 205 209 213 216 191 177 202 188 176 176 210 176 216 224 224 218 198 197 167 199 231 245 265 261 249 219 155 214 231 251 259 256 254 255 250 240 242 215 212
-3.4e+38 -3.4e+38 -3.4e+38 -3.4e+38 -3.4e+38 -3.4e+38 -3.4e+38 -3.4e+38 -3.4e+38 -3.4e+38 -3.4e+38 -3.4e+38 -3.4e+38 -3.4e+38 261 262 200 244 225 191 217 238 222 215 226 210 220 220 199 217 213 209 210 203 187 215 219 225 206 204 232 224 234 223 224 225 204 179 227 239 252 261 265 257 259 250 239 244 222 234 245 242 240 251 240 226 233 234 210
-3.4e+38 -3.4e+38 -3.4e+38 -3.4e+38 -3.4e+38 -3.4e+38 -3.4e+38 -3.4e+38 -3.4e+38 -3.4e+38 -3.4e+38 -3.4e+38 -3.4e+38 -3.4e+38 265 248 261 218 233 242 243 224 225 226 228 229 225 207 205 219 215 211 183 219 218 229 217 206 236 239 240 234 193 210 220 212 202 200 241 256 256 249 257 269 268 265 264 262 250 210 220 231 218 239 237 199 191 234 195
-3.4e+38 -3.4e+38 -3.4e+38 -3.4e+38 -3.4e+38 -3.4e+38 -3.4e+38 -3.4e+38 -3.4e+38 -3.4e+38 -3.4e+38 -3.4e+38 -3.4e+38 -3.4e+38 -3.4e+38 262 257 261 222 208 240 216 219 223 228 217 223 214 208 201 200 206 208 208 207 232 232 235 233 235 237 182 221 151 192 216 236 238 255 263 259 266 263 272 272 273 272 271 269 258 253 248 248 248 242 227 225 240 186
-3.4e+38 -3.4e+38 -3.4e+38 -3.4e+38 -3.4e+38 -3.4e+38 -3.4e+38 -3.4e+38 -3.4e+38 -3.4e+38 -3.4e+38 -3.4e+38 -3.4e+38 -3.4e+38 -3.4e+38 -3.4e+38 -3.4e+38 -3.4e+38 -3.4e+38 211 195 232 221 230 220 227 231 224 223 187 212 213 199 160 225 234 235 218 202 231 228 207 243 236 250 247 231 250 262 267 263 236 253 264 273 275 277 278 278 277 276 270 268 260 252 246 253 257 242
-3.4e+38 -3.4e+38 -3.4e+38 -3.4e+38 -3.4e+38 -3.4e+38 -3.4e+38 -3.4e+38 -3.4e+38 -3.4e+38 -3.4e+38 -3.4e+38 -3.4e+38 -3.4e+38 -3.4e+38 -3.4e+38 -3.4e+38 -3.4e+38 -3.4e+38 -3.4e+38 -3.4e+38 200 232 192 235 234 232 231 203 203 204 178 217 219 222 221 232 241 222 240 253 262 261 265 214 271 179 276 257 240 262 253 239 271 274 276 277 278 278 279 279 279 277 274 272 269 268 268 244
277 -3.4e+38 -3.4e+38 -3.4e+38 -3.4e+38 -3.4e+38 -3.4e+38 -3.4e+38 -3.4e+38 -3.4e+38 -3.4e+38 -3.4e+38 -3.4e+38 -3.4e+38 -3.4e+38 -3.4e+38 -3.4e+38 -3.4e+38 -3.4e+38 -3.4e+38 -3.4e+38 -3.4e+38 260 223 237 237 228 230 173 214 210 229 203 223 204 215 194 204 247 255 249 259 208 233 281 285 287 289 274 283 255 276 266 273 275 276 276 277 278 279 279 280 280 279 279 277 275 274 269
278 279 -3.4e+38 -3.4e+38 -3.4e+38 -3.4e+38 -3.4e+38 -3.4e+38 -3.4e+38 -3.4e+38 -3.4e+38 -3.4e+38 -3.4e+38 -3.4e+38 -3.4e+38 -3.4e+38 -3.4e+38 -3.4e+38 -3.4e+38 -3.4e+38 -3.4e+38 -3.4e+38 -3.4e+38 259 224 204 235 236 236 229 187 191 227 235 240 215 240 252 249 263 263 268 273 280 285 288 290 290 278 283 279 262 255 259 266 272 276 276 278 278 279 279 279 279 279 279 278 278 279
279 280 280 281 -3.4e+38 -3.4e+38 -3.4e+38 -3.4e+38 -3.4e+38 -3.4e+38 -3.4e+38 -3.4e+38 -3.4e+38 -3.4e+38 -3.4e+38 -3.4e+38 -3.4e+38 -3.4e+38 -3.4e+38 -3.4e+38 -3.4e+38 -3.4e+38 -3.4e+38 -3.4e+38 -3.4e+38 235 247 243 193 227 224 225 239 240 208 243 213 225 218 252 263 264 -3.4e+38 -3.4e+38 -3.4e+38 -3.4e+38 -3.4e+38 291 290 260 279 262 235 240 252 259 268 271 274 276 276 278 278 276 277 275 275 274 276
279 280 281 283 283 -3.4e+38 -3.4e+38 -3.4e+38 -3.4e+38 -3.4e+38 -3.4e+38 -3.4e+38 -3.4e+38 -3.4e+38 -3.4e+38 -3.4e+38 -3.4e+38 -3.4e+38 -3.4e+38 -3.4e+38 -3.4e+38 -3.4e+38 -3.4e+38 -3.4e+38 -3.4e+38 -3.4e+38 -3.4e+38 254 229 243 229 202 217 242 223 237 254 256 258 260 262 -3.4e+38 269 -3.4e+38 -3.4e+38 -3.4e+38 -3.4e+38 -3.4e+38 292 291 278 256 227 208 235 229 254 255 261 266 269 271 267 267 268 264 263 264 258
280 281 282 284 285 284 -3.4e+38 -3.4e+38 -3.4e+38 -3.4e+38 -3.4e+38 -3.4e+38 -3.4e+38 -3.4e+38 -3.4e+38 -3.4e+38 -3.4e+38 -3.4e+38 -3.4e+38 -3.4e+38 -3.4e+38 -3.4e+38 -3.4e+38 -3.4e+38 -3.4e+38 -3.4e+38 -3.4e+38 -3.4e+38 237 244 228 243 249 247 254 256 246 -3.4e+38 -3.4e+38 -3.4e+38 258 261 -3.4e+38 -3.4e+38 -3.4e+38 -3.4e+38 -3.4e+38 -3.4e+38 291 279 270 239 208 227 224 212 223 231 238 250 258 250 245 246 253 252 246 244 235
280 279 282 285 286 286 285 -3.4e+38 -3.4e+38 -3.4e+38 -3.4e+38 -3.4e+38 -3.4e+38 -3.4e+38 -3.4e+38 -3.4e+38 -3.4e+38 -3.4e+38 -3.4e+38 -3.4e+38 -3.4e+38 -3.4e+38 -3.4e+38 -3.4e+38 -3.4e+38 -3.4e+38 -3.4e+38 -3.4e+38 -3.4e+38 -3.4e+38 -3.4e+38 -3.4e+38 -3.4e+38 247 252 257 -3.4e+38 -3.4e+38 -3.4e+38 -3.4e+38 -3.4e+38 -3.4e+38 -3.4e+38 -3.4e+38 -3.4e+38 -3.4e+38 -3.4e+38 -3.4e+38 -3.4e+38 277 277 258 205 241 231 243 251 239 250 224 236 235 215 257 241 231 226 215 216
279 280 282 285 287 287 287 -3.4e+38 -3.4e+38 -3.4e+38 -3.4e+38 -3.4e+38 -3.4e+38 -3.4e+38 -3.4e+38 -3.4e+38 -3.4e+38 -3.4e+38 -3.4e+38 -3.4e+38 -3.4e+38 -3.4e+38 -3.4e+38 -3.4e+38 -3.4e+38 -3.4e+38 -3.4e+38 -3.4e+38 -3.4e+38 -3.4e+38 -3.4e+38 -3.4e+38 -3.4e+38 -3.4e+38 -3.4e+38 -3.4e+38 -3.4e+38 -3.4e+38 -3.4e+38 -3.4e+38 -3.4e+38 -3.4e+38 -3.4e+38 -3.4e+38 -3.4e+38 -3.4e+38 -3.4e+38 -3.4e+38 291 289 275 252 243 258 251 231 259 260 263 264 268 262 263 266 237 254 255 251 246
279 277 277 285 287 288 289 -3.4e+38 -3.4e+38 -3.4e+38 -3.4e+38 -3.4e+38 -3.4e+38 -3.4e+38 -3.4e+38 -3.4e+38 -3.4e+38 -3.4e+38 -3.4e+38 -3.4e+38 -3.4e+38 -3.4e+38 -3.4e+38 -3.4e+38 -3.4e+38 -3.4e+38 -3.4e+38 -3.4e+38 -3.4e+38 -3.4e+38 -3.4e+38 -3.4e+38 -3.4e+38 -3.4e+38 -3.4e+38 -3.4e+38 -3.4e+38 -3.4e+38 -3.4e+38 -3.4e+38 -3.4e+38 -3.4e+38 -3.4e+38 -3.4e+38 301 -3.4e+38 -3.4e+38 -3.4e+38 -3.4e+38 288 282 249 270 264 268 256 271 269 270 272 274 275 271 271 274 254 264 266 263
277 276 281 286 285 288 -3.4e+38 -3.4e+38 -3.4e+38 275 -3.4e+38 -3.4e+38 -3.4e+38 273 -3.4e+38 -3.4e+38 -3.4e+38 -3.4e+38 -3.4e+38 -3.4e+38 -3.4e+38 -3.4e+38 -3.4e+38 -3.4e+38 -3.4e+38 -3.4e+38 -3.4e+38 -3.4e+38 -3.4e+38 -3.4e+38 -3.4e+38 -3.4e+38 -3.4e+38 -3.4e+38 -3.4e+38 -3.4e+38 -3.4e+38 -3.4e+38 -3.4e+38 -3.4e+38 -3.4e+38 -3.4e+38 -3.4e+38 280 287 -3.4e+38 -3.4e+38 -3.4e+38 -3.4e+38 287 281 280 278 278 226 257 221 264 271 269 279 281 258 278 279 274 273 273 267
275 275 279 284 284 286 286 -3.4e+38 -3.4e+38 276 -3.4e+38 -3.4e+38 275 274 274 272 -3.4e+38 -3.4e+38 -3.4e+38 -3.4e+38 -3.4e+38 -3.4e+38 -3.4e+38 -3.4e+38 -3.4e+38 -3.4e+38 -3.4e+38 -3.4e+38 -3.4e+38 -3.4e+38 -3.4e+38 -3.4e+38 -3.4e+38 -3.4e+38 -3.4e+38 -3.4e+38 -3.4e+38 -3.4e+38 -3.4e+38 -3.4e+38 -3.4e+38 -3.4e+38 256 264 -3.4e+38 -3.4e+38 -3.4e+38 -3.4e+38 -3.4e+38 -3.4e+38 285 283 275 276 283 282 285 283 280 282 285 272 283 283 277 277 277 273 274
275 272 273 282 283 284 285 -3.4e+38 -3.4e+38 -3.4e+38 -3.4e+38 -3.4e+38 275 274 273 -3.4e+38 -3.4e+38 -3.4e+38 -3.4e+38 -3.4e+38 -3.4e+38 -3.4e+38 -3.4e+38 -3.4e+38 -3.4e+38 -3.4e+38 -3.4e+38 -3.4e+38 -3.4e+38 -3.4e+38 -3.4e+38 -3.4e+38 -3.4e+38 -3.4e+38 -3.4e+38 -3.4e+38 -3.4e+38 -3.4e+38 -3.4e+38 -3.4e+38 -3.4e+38 267 242 224 -3.4e+38 -3.4e+38 -3.4e+38 -3.4e+38 -3.4e+38 -3.4e+38 -3.4e+38 -3.4e+38 283 269 284 285 286 287 287 284 286 286 285 279 278 267 267 275 278
274 271 271 281 281 281 281 283 -3.4e+38 -3.4e+38 -3.4e+38 -3.4e+38 276 275 275 -3.4e+38 -3.4e+38 -3.4e+38 -3.4e+38 -3.4e+38 -3.4e+38 -3.4e+38 -3.4e+38 -3.4e+38 -3.4e+38 -3.4e+38 -3.4e+38 -3.4e+38 -3.4e+38 -3.4e+38 -3.4e+38 -3.4e+38 -3.4e+38 -3.4e+38 -3.4e+38 -3.4e+38 -3.4e+38 -3.4e+38 -3.4e+38 -3.4e+38 257 263 252 273 -3.4e+38 -3.4e+38 -3.4e+38 -3.4e+38 -3.4e+38 -3.4e+38 -3.4e+38 -3.4e+38 -3.4e+38 -3.4e+38 284 -3.4e+38 -3.4e+38 -3.4e+38 288 287 287 287 285 281 270 283 282 280 279
271 270 275 279 279 279 279 280 -3.4e+38 -3.4e+38 -3.4e+38 280 276 276 276 -3.4e+38 -3.4e+38 -3.4e+38 -3.4e+38 -3.4e+38 -3.4e+38 -3.4e+38 -3.4e+38 -3.4e+38 -3.4e+38 -3.4e+38 -3.4e+38 -3.4e+38 -3.4e+38 -3.4e+38 -3.4e+38 -3.4e+38 -3.4e+38 -3.4e+38 -3.4e+38 -3.4e+38 -3.4e+38 -3.4e+38 -3.4e+38 248 253 255 253 250 -3.4e+38 -3.4e+38 -3.4e+38 -3.4e+38 -3.4e+38 -3.4e+38 -3.4e+38 -3.4e+38 -3.4e+38 -3.4e+38 -3.4e+38 -3.4e+38 -3.4e+38 -3.4e+38 -3.4e+38 -3.4e+38 287 -3.4e+38 -3.4e+38 282 284 283 281 281 280
274 269 276 277 279 278 277 278 278 -3.4e+38 -3.4e+38 279 277 276 278 278 -3.4e+38 -3.4e+38 -3.4e+38 -3.4e+38 -3.4e+38 -3.4e+38 -3.4e+38 -3.4e+38 -3.4e+38 -3.4e+38 -3.4e+38 -3.4e+38 -3.4e+38 -3.4e+38 -3.4e+38 -3.4e+38 -3.4e+38 -3.4e+38 -3.4e+38 -3.4e+38 -3.4e+38 -3.4e+38 253 251 252 255 252 248 -3.4e+38 -3.4e+38 -3.4e+38 -3.4e+38 -3.4e+38 -3.4e+38 -3.4e+38 -3.4e+38 -3.4e+38 -3.4e+38 -3.4e+38 -3.4e+38 -3.4e+38 -3.4e+38 -3.4e+38 -3.4e+38 -3.4e+38 -3.4e+38 -3.4e+38 -3.4e+38 -3.4e+38 -3.4e+38 -3.4e+38 -3.4e+38 -3.4e+38
273 271 275 276 277 276 278 277 276 -3.4e+38 -3.4e+38 280 277 278 277 277 -3.4e+38 -3.4e+38 -3.4e+38 -3.4e+38 -3.4e+38 -3.4e+38 -3.4e+38 -3.4e+38 -3.4e+38 -3.4e+38 -3.4e+38 -3.4e+38 -3.4e+38 -3.4e+38 -3.4e+38 -3.4e+38 -3.4e+38 -3.4e+38 -3.4e+38 -3.4e+38 -3.4e+38 260 258 253 253 255 248 258 -3.4e+38 -3.4e+38 -3.4e+38 -3.4e+38 -3.4e+38 -3.4e+38 -3.4e+38 -3.4e+38 -3.4e+38 -3.4e+38 -3.4e+38 -3.4e+38 -3.4e+38 -3.4e+38 -3.4e+38 -3.4e+38 -3.4e+38 -3.4e+38 -3.4e+38 -3.4e+38 -3.4e+38 -3.4e+38 -3.4e+38 -3.4e+38 -3.4e+38
273 273 276 276 277 276 278 276 276 279 -3.4e+38 278 277 277 278 277 -3.4e+38 -3.4e+38 -3.4e+38 -3.4e+38 -3.4e+38 -3.4e+38 -3.4e+38 -3.4e+38 -3.4e+38 -3.4e+38 -3.4e+38 -3.4e+38 -3.4e+38 -3.4e+38 -3.4e+38 -3.4e+38 -3.4e+38 -3.4e+38 -3.4e+38 258 260 260 258 257 257 255 250 256 -3.4e+38 -3.4e+38 -3.4e+38 -3.4e+38 -3.4e+38 -3.4e+38 -3.4e+38 -3.4e+38 -3.4e+38 -3.4e+38 -3.4e+38 -3.4e+38 -3.4e+38 -3.4e+38 -3.4e+38 -3.4e+38 -3.4e+38 -3.4e+38 -3.4e+38 -3.4e+38 -3.4e+38 -3.4e+38 -3.4e+38 -3.4e+38 -3.4e+38
