EcoCrop/data/climate/tmin_6.asc
NCOLS 660 
NROWS 360 
XLLCORNER -20 
YLLCORNER -30 
CELLSIZE 0.1666667 
NODATA_value -3.4e+38 
[rows 93 to 123 of 360, columns 345 to 413 of 660]
200 204 206 200 167 148 176 172 143 134 142 104 121 132 243 194 267 264 260 246 248 260 263 -3.4e+38 -3.4e+38 -3.4e+38 -3.4e+38 -3.4e+38 -3.4e+38 -3.4e+38 -3.4e+38 -3.4e+38 -3.4e+38 280 276 269 246 193 160 187 134 97 100 115 123 137 135 134 166 136 170 177 174 181 184 181 180 203 209 220 232 209 203 206 222 245 201 233 259
204 205 207 197 161 153 155 160 119 120 94 75 88 139 193 201 267 269 266 255 240 243 258 272 -3.4e+38 -3.4e+38 -3.4e+38 -3.4e+38 -3.4e+38 -3.4e+38 -3.4e+38 -3.4e+38 -3.4e+38 283 279 274 231 228 179 195 126 77 127 88 131 143 137 135 158 140 153 159 151 164 153 152 158 202 214 219 241 247 232 238 224 234 258 257 -3.4e+38
212 208 202 195 149 125 127 129 139 112 139 119 89 80 192 216 264 271 272 264 242 232 239 267 277 -3.4e+38 -3.4e+38 -3.4e+38 -3.4e+38 -3.4e+38 -3.4e+38 -3.4e+38 -3.4e+38 -3.4e+38 282 274 216 243 201 135 113 100 140 133 145 172 152 138 138 132 136 127 155 183 179 195 223 197 226 207 210 257 264 267 260 258 266 268 -3.4e+38
206 202 201 186 168 165 167 143 145 167 159 129 108 81 174 218 263 271 274 273 261 217 223 265 274 281 -3.4e+38 -3.4e+38 -3.4e+38 -3.4e+38 -3.4e+38 287 -3.4e+38 -3.4e+38 285 278 266 226 199 163 165 164 189 141 142 158 160 131 122 121 204 211 212 229 239 239 224 233 243 251 262 -3.4e+38 -3.4e+38 -3.4e+38 -3.4e+38 -3.4e+38 -3.4e+38 -3.4e+38 -3.4e+38
202 199 191 199 199 196 171 179 132 161 106 127 137 106 204 223 260 271 262 272 272 251 236 255 254 266 278 -3.4e+38 -3.4e+38 -3.4e+38 -3.4e+38 283 -3.4e+38 -3.4e+38 -3.4e+38 282 254 200 199 184 188 178 210 192 178 186 135 185 191 205 208 209 225 236 244 245 244 245 253 262 -3.4e+38 -3.4e+38 -3.4e+38 -3.4e+38 -3.4e+38 -3.4e+38 -3.4e+38 -3.4e+38 -3.4e+38
193 199 178 183 184 161 157 170 172 93 123 145 115 153 202 228 257 270 261 260 279 273 267 238 221 239 269 280 288 -3.4e+38 -3.4e+38 -3.4e+38 -3.4e+38 -3.4e+38 -3.4e+38 284 265 243 218 180 210 195 207 208 223 215 211 188 228 207 200 197 211 243 254 260 260 265 -3.4e+38 -3.4e+38 -3.4e+38 -3.4e+38 -3.4e+38 -3.4e+38 -3.4e+38 -3.4e+38 -3.4e+38 -3.4e+38 -3.4e+38
177 181 177 158 71 141 178 191 175 162 148 127 113 170 141 219 242 269 272 269 280 275 275 265 234 215 264 279 290 -3.4e+38 -3.4e+38 -3.4e+38 -3.4e+38 -3.4e+38 -3.4e+38 283 270 239 222 168 218 228 240 243 240 228 241 246 233 254 259 261 -3.4e+38 -3.4e+38 -3.4e+38 -3.4e+38 -3.4e+38 -3.4e+38 -3.4e+38 -3.4e+38 -3.4e+38 -3.4e+38 -3.4e+38 -3.4e+38 -3.4e+38 -3.4e+38 -3.4e+38 -3.4e+38 -3.4e+38
176 168 157 46 43 2 128 187 163 165 111 133 133 159 182 219 231 260 270 277 282 259 281 273 224 240 269 281 290 -3.4e+38 -3.4e+38 -3.4e+38 -3.4e+38 -3.4e+38 -3.4e+38 285 274 258 224 207 221 194 249 256 249 256 258 255 -3.4e+38 -3.4e+38 -3.4e+38 -3.4e+38 -3.4e+38 -3.4e+38 -3.4e+38 -3.4e+38 -3.4e+38 -3.4e+38 -3.4e+38 -3.4e+38 -3.4e+38 -3.4e+38 -3.4e+38 -3.4e+38 -3.4e+38 -3.4e+38 -3.4e+38 -3.4e+38 -3.4e+38
149 146 88 69 41 74 176 189 181 171 167 126 119 122 181 220 225 256 257 269 258 274 281 285 230 270 271 255 274 276 294 -3.4e+38 -3.4e+38 -3.4e+38 -3.4e+38 290 277 257 253 250 233 257 253 268 270 269 262 -3.4e+38 -3.4e+38 -3.4e+38 -3.4e+38 -3.4e+38 -3.4e+38 -3.4e+38 -3.4e+38 -3.4e+38 -3.4e+38 -3.4e+38 -3.4e+38 -3.4e+38 -3.4e+38 -3.4e+38 -3.4e+38 -3.4e+38 -3.4e+38 -3.4e+38 -3.4e+38 -3.4e+38 -3.4e+38
158 87 142 153 76 149 177 151 162 169 136 95 98 173 196 220 245 249 196 261 273 280 276 286 289 287 273 263 273 274 296 308 307 -3.4e+38 -3.4e+38 -3.4e+38 284 272 265 268 273 271 272 280 279 278 -3.4e+38 -3.4e+38 -3.4e+38 -3.4e+38 -3.4e+38 -3.4e+38 -3.4e+38 -3.4e+38 -3.4e+38 -3.4e+38 -3.4e+38 -3.4e+38 -3.4e+38 -3.4e+38 -3.4e+38 -3.4e+38 -3.4e+38 -3.4e+38 -3.4e+38 -3.4e+38 -3.4e+38 -3.4e+38 -3.4e+38
71 83 142 154 169 178 165 142 156 169 136 100 147 173 179 203 247 245 237 255 269 279 277 272 278 293 269 266 271 279 292 302 305 301 -3.4e+38 -3.4e+38 291 287 283 281 283 286 -3.4e+38 -3.4e+38 -3.4e+38 -3.4e+38 -3.4e+38 -3.4e+38 -3.4e+38 -3.4e+38 -3.4e+38 -3.4e+38 -3.4e+38 -3.4e+38 -3.4e+38 -3.4e+38 -3.4e+38 -3.4e+38 -3.4e+38 -3.4e+38 -3.4e+38 -3.4e+38 -3.4e+38 -3.4e+38 -3.4e+38 -3.4e+38 -3.4e+38 -3.4e+38 -3.4e+38
117 133 142 149 150 150 169 134 134 132 148 122 160 166 183 208 246 233 247 250 247 262 279 268 277 287 274 264 270 267 276 289 295 300 -3.4e+38 -3.4e+38 -3.4e+38 -3.4e+38 -3.4e+38 -3.4e+38 -3.4e+38 -3.4e+38 -3.4e+38 -3.4e+38 -3.4e+38 -3.4e+38 -3.4e+38 -3.4e+38 -3.4e+38 -3.4e+38 -3.4e+38 -3.4e+38 -3.4e+38 -3.4e+38 -3.4e+38 -3.4e+38 -3.4e+38 -3.4e+38 -3.4e+38 -3.4e+38 -3.4e+38 -3.4e+38 -3.4e+38 -3.4e+38 -3.4e+38 -3.4e+38 -3.4e+38 -3.4e+38 -3.4e+38
133 125 143 131 149 155 143 102 102 58 148 91 168 170 208 207 211 233 245 241 228 220 249 265 260 247 248 278 267 254 270 282 281 282 296 -3.4e+38 -3.4e+38 -3.4e+38 -3.4e+38 -3.4e+38 -3.4e+38 -3.4e+38 -3.4e+38 -3.4e+38 -3.4e+38 -3.4e+38 -3.4e+38 -3.4e+38 -3.4e+38 -3.4e+38 -3.4e+38 -3.4e+38 -3.4e+38 -3.4e+38 -3.4e+38 -3.4e+38 -3.4e+38 -3.4e+38 -3.4e+38 -3.4e+38 -3.4e+38 -3.4e+38 -3.4e+38 -3.4e+38 -3.4e+38 -3.4e+38 -3.4e+38 -3.4e+38 -3.4e+38
136 86 113 121 139 154 144 108 124 116 70 119 162 142 199 215 222 228 241 243 233 238 240 237 290 263 278 279 283 287 268 263 251 259 280 -3.4e+38 -3.4e+38 -3.4e+38 -3.4e+38 -3.4e+38 -3.4e+38 -3.4e+38 -3.4e+38 -3.4e+38 -3.4e+38 -3.4e+38 -3.4e+38 -3.4e+38 -3.4e+38 -3.4e+38 -3.4e+38 -3.4e+38 -3.4e+38 -3.4e+38 -3.4e+38 -3.4e+38 -3.4e+38 -3.4e+38 -3.4e+38 -3.4e+38 -3.4e+38 -3.4e+38 -3.4e+38 -3.4e+38 -3.4e+38 -3.4e+38 -3.4e+38 -3.4e+38 -3.4e+38
142 136 130 105 122 127 152 94 126 67 42 63 125 135 201 210 210 215 231 254 254 256 252 264 252 260 277 273 287 296 256 251 274 291 303 304 -3.4e+38 -3.4e+38 -3.4e+38 -3.4e+38 -3.4e+38 -3.4e+38 -3.4e+38 -3.4e+38 -3.4e+38 -3.4e+38 -3.4e+38 -3.4e+38 -3.4e+38 -3.4e+38 -3.4e+38 -3.4e+38 -3.4e+38 -3.4e+38 -3.4e+38 -3.4e+38 -3.4e+38 -3.4e+38 -3.4e+38 -3.4e+38 -3.4e+38 -3.4e+38 -3.4e+38 -3.4e+38 -3.4e+38 -3.4e+38 -3.4e+38 -3.4e+38 -3.4e+38
142 130 119 91 100 82 148 112 118 107 39 64 107 166 193 204 214 216 228 238 252 257 265 265 264 280 269 264 262 284 241 223 255 298 -3.4e+38 -3.4e+38 -3.4e+38 -3.4e+38 -3.4e+38 -3.4e+38 -3.4e+38 -3.4e+38 -3.4e+38 -3.4e+38 -3.4e+38 -3.4e+38 -3.4e+38 -3.4e+38 -3.4e+38 -3.4e+38 -3.4e+38 -3.4e+38 -3.4e+38 -3.4e+38 -3.4e+38 -3.4e+38 -3.4e+38 -3.4e+38 -3.4e+38 -3.4e+38 -3.4e+38 -3.4e+38 -3.4e+38 -3.4e+38 -3.4e+38 -3.4e+38 -3.4e+38 -3.4e+38 -3.4e+38
135 127 123 75 32 61 99 72 94 52 72 28 104 133 177 205 212 211 223 228 252 261 265 270 245 235 282 282 306 306 207 310 -3.4e+38 -3.4e+38 -3.4e+38 -3.4e+38 -3.4e+38 -3.4e+38 -3.4e+38 -3.4e+38 -3.4e+38 -3.4e+38 -3.4e+38 -3.4e+38 -3.4e+38 -3.4e+38 -3.4e+38 -3.4e+38 -3.4e+38 -3.4e+38 -3.4e+38 -3.4e+38 -3.4e+38 -3.4e+38 -3.4e+38 -3.4e+38 -3.4e+38 -3.4e+38 -3.4e+38 -3.4e+38 -3.4e+38 -3.4e+38 -3.4e+38 -3.4e+38 -3.4e+38 -3.4e+38 -3.4e+38 -3.4e+38 -3.4e+38
129 112 90 95 89 123 104 129 102 82 90 105 67 163 189 204 211 218 222 231 252 260 266 271 277 222 299 283 306 319 315 -3.4e+38 302 303 -3.4e+38 -3.4e+38 -3.4e+38 -3.4e+38 -3.4e+38 -3.4e+38 -3.4e+38 -3.4e+38 -3.4e+38 -3.4e+38 -3.4e+38 -3.4e+38 -3.4e+38 -3.4e+38 -3.4e+38 -3.4e+38 -3.4e+38 -3.4e+38 -3.4e+38 -3.4e+38 -3.4e+38 -3.4e+38 -3.4e+38 -3.4e+38 -3.4e+38 -3.4e+38 -3.4e+38 -3.4e+38 -3.4e+38 -3.4e+38 -3.4e+38 -3.4e+38 -3.4e+38 -3.4e+38 -3.4e+38
150 140 99 105 101 96 156 145 106 118 102 120 80 145 148 192 206 220 232 242 252 241 231 272 278 268 252 303 297 296 269 283 284 296 300 -3.4e+38 -3.4e+38 -3.4e+38 -3.4e+38 -3.4e+38 -3.4e+38 -3.4e+38 -3.4e+38 -3.4e+38 -3.4e+38 -3.4e+38 -3.4e+38 -3.4e+38 -3.4e+38 -3.4e+38 -3.4e+38 -3.4e+38 -3.4e+38 -3.4e+38 -3.4e+38 -3.4e+38 -3.4e+38 -3.4e+38 -3.4e+38 -3.4e+38 -3.4e+38 -3.4e+38 -3.4e+38 -3.4e+38 -3.4e+38 -3.4e+38 -3.4e+38 -3.4e+38 -3.4e+38
114 146 151 137 112 106 163 109 88 77 69 85 81 116 154 180 205 223 232 241 251 248 265 272 274 289 282 287 299 288 288 276 285 294 299 302 -3.4e+38 -3.4e+38 -3.4e+38 -3.4e+38 -3.4e+38 -3.4e+38 -3.4e+38 -3.4e+38 -3.4e+38 -3.4e+38 -3.4e+38 -3.4e+38 -3.4e+38 -3.4e+38 -3.4e+38 -3.4e+38 -3.4e+38 -3.4e+38 -3.4e+38 -3.4e+38 -3.4e+38 -3.4e+38 -3.4e+38 -3.4e+38 -3.4e+38 -3.4e+38 -3.4e+38 -3.4e+38 -3.4e+38 280 282 285 -3.4e+38
111 145 128 151 146 169 104 139 85 40 58 59 103 138 147 164 208 226 235 239 248 241 217 261 275 289 291 292 296 287 258 252 281 292 298 301 303 -3.4e+38 -3.4e+38 -3.4e+38 -3.4e+38 -3.4e+38 -3.4e+38 -3.4e+38 -3.4e+38 -3.4e+38 -3.4e+38 -3.4e+38 -3.4e+38 -3.4e+38 -3.4e+38 -3.4e+38 -3.4e+38 -3.4e+38 -3.4e+38 -3.4e+38 -3.4e+38 -3.4e+38 274 261 274 274 271 258 259 200 270 270 274
108 108 107 100 69 145 151 63 31 25 44 38 77 168 167 185 211 225 226 225 243 232 260 245 259 264 273 282 282 281 262 270 279 291 294 297 301 -3.4e+38 -3.4e+38 -3.4e+38 -3.4e+38 -3.4e+38 -3.4e+38 -3.4e+38 -3.4e+38 -3.4e+38 -3.4e+38 -3.4e+38 -3.4e+38 -3.4e+38 -3.4e+38 -3.4e+38 -3.4e+38 -3.4e+38 -3.4e+38 -3.4e+38 -3.4e+38 266 249 242 189 186 151 153 163 168 157 168 200
110 65 42 100 131 116 162 95 90 111 62 85 80 119 152 185 204 227 218 220 216 253 254 259 245 262 247 253 264 268 265 270 268 287 289 293 297 299 -3.4e+38 -3.4e+38 -3.4e+38 -3.4e+38 -3.4e+38 -3.4e+38 -3.4e+38 -3.4e+38 -3.4e+38 -3.4e+38 -3.4e+38 272 276 283 280 -3.4e+38 -3.4e+38 265 199 215 143 131 159 168 168 178 188 207 214 216 227
121 79 61 99 124 139 125 106 127 96 138 90 104 96 174 173 204 224 222 214 230 236 235 241 257 261 257 256 260 259 255 260 267 274 278 286 290 294 297 300 -3.4e+38 -3.4e+38 -3.4e+38 -3.4e+38 -3.4e+38 -3.4e+38 -3.4e+38 289 280 271 272 244 263 219 268 261 220 165 146 146 160 176 176 176 189 205 211 223 227
111 100 100 107 105 106 141 168 151 139 94 121 73 62 154 183 216 221 219 219 237 236 239 237 248 254 259 261 256 243 242 243 217 241 251 261 276 286 287 291 298 -3.4e+38 -3.4e+38 302 -3.4e+38 299 287 282 270 257 257 162 232 213 248 234 220 159 158 158 167 180 183 182 182 199 206 214 222
115 120 102 107 120 157 149 109 143 97 106 91 72 57 175 190 208 222 222 220 235 224 233 238 249 254 256 256 253 247 229 217 208 198 204 235 253 268 274 279 284 286 285 284 273 266 271 268 264 257 243 228 232 236 233 239 177 147 153 170 175 184 189 192 193 193 199 198 218
166 103 132 161 160 173 175 147 140 121 153 136 91 81 195 194 208 220 220 205 216 231 231 238 245 249 252 251 248 240 229 210 188 186 218 222 195 225 225 248 254 256 251 234 237 228 245 238 229 244 237 215 220 225 220 210 217 179 172 175 181 188 192 196 198 196 197 201 202
168 134 178 138 101 117 117 137 166 134 124 116 90 124 175 188 219 223 209 218 223 226 232 235 242 243 246 243 233 210 212 212 200 187 177 179 189 208 221 208 213 216 219 214 197 141 168 177 189 180 195 190 191 193 206 191 197 186 188 190 190 192 195 197 200 200 198 202 206
95 130 164 147 91 98 58 71 96 95 98 130 112 97 195 215 221 217 218 220 217 217 226 231 228 229 229 228 219 199 185 152 161 171 161 166 166 184 196 199 207 198 189 179 156 170 177 184 191 193 203 200 197 196 191 192 184 196 198 198 198 192 194 198 201 203 204 204 207
147 94 99 114 97 136 94 87 85 94 101 97 97 125 198 220 224 220 220 218 217 216 215 216 214 215 190 163 151 155 137 140 148 157 164 168 162 173 177 182 182 191 190 186 182 179 183 190 194 200 204 208 206 200 200 200 195 200 204 204 203 200 190 193 199 202 204 203 206
116 148 121 127 107 109 123 93 88 98 95 101 130 185 199 222 226 223 214 209 201 158 160 122 110 114 118 111 130 139 153 150 149 142 155 166 169 173 170 179 185 188 195 195 192 193 190 188 195 200 206 209 211 209 206 208 205 207 205 205 205 204 199 194 192 195 198 201 207
