EcoCrop/data/climate/tmin_8.asc
NCOLS 660 
NROWS 360 
XLLCORNER -20 
YLLCORNER -30 
CELLSIZE 0.1666667 
NODATA_value -3.4e+38 
[rows 31 to 61 of 360, columns 207 to 275 of 660]
238 235 232 228 224 220 225 226 227 225 221 224 224 223 223 222 222 221 220 218 220 219 218 217 218 217 217 216 216 216 216 215 216 216 217 217 217 219 220 222 224 224 225 226 226 227 227 228 228 228 228 228 228 227 228 229 229 230 225 223 223 221 217 215 211 212 212 213 210
238 235 230 230 227 224 228 228 227 224 223 225 225 224 222 222 222 221 221 220 219 217 219 218 219 219 219 217 216 216 215 215 215 216 216 216 219 218 219 222 224 225 225 226 226 226 227 229 229 229 230 230 229 230 231 231 231 229 227 223 223 221 218 214 207 208 209 214 209
237 237 234 231 227 229 229 229 224 221 222 225 225 224 223 222 222 222 221 221 220 220 220 220 219 219 218 217 211 214 214 214 215 214 216 217 219 220 220 223 224 225 225 225 226 225 226 226 228 226 228 232 235 235 234 233 231 228 228 228 225 223 218 206 206 206 214 208 208
238 238 236 235 234 232 228 226 219 221 224 225 225 224 223 222 222 222 222 222 222 221 221 221 220 220 218 218 218 209 213 214 213 216 216 217 219 222 223 223 225 225 224 225 226 223 226 225 226 223 231 233 236 233 233 232 231 229 227 227 226 224 219 210 204 202 213 203 206
240 239 234 233 236 232 228 221 219 222 224 224 224 224 224 224 224 224 223 222 222 223 221 222 221 220 220 216 211 214 213 213 214 214 216 218 220 222 223 224 226 224 224 224 225 225 223 224 230 232 233 234 234 233 233 231 231 229 223 227 227 226 221 203 210 200 211 211 198
239 237 235 237 234 230 227 227 221 223 224 225 224 224 224 225 224 224 224 223 223 223 223 222 221 221 219 215 210 208 208 211 213 215 215 217 220 222 224 224 226 223 222 224 225 224 223 227 229 232 234 234 234 233 232 232 231 229 225 228 226 226 223 219 200 200 202 208 199
237 235 232 236 234 227 227 226 228 225 225 224 224 224 224 225 225 225 223 223 224 223 223 222 222 220 218 217 210 205 202 203 212 209 213 217 221 223 224 224 223 221 220 220 218 224 228 229 230 231 232 232 233 232 231 231 229 227 228 228 228 228 223 218 197 198 200 202 196
236 233 238 235 230 226 227 225 227 224 226 223 224 224 225 225 225 225 223 224 224 224 223 222 218 221 219 214 217 206 202 205 209 208 215 215 223 224 223 225 224 223 220 217 221 226 227 229 231 233 230 230 231 231 230 230 229 226 228 228 226 223 224 221 217 211 194 203 195
235 238 236 233 222 223 226 226 228 227 225 224 225 226 226 226 226 226 225 225 224 224 223 222 219 217 217 218 213 210 206 209 213 215 220 222 224 221 222 224 220 216 217 218 218 223 228 230 231 231 232 229 231 231 231 228 226 226 227 228 226 223 222 220 221 215 216 202 194
238 238 232 229 220 221 224 225 226 227 224 227 227 227 226 227 226 226 226 226 224 224 224 222 210 211 211 215 211 210 208 213 218 220 221 223 222 222 220 223 227 217 224 219 221 228 230 230 230 231 230 229 229 230 230 230 229 227 227 225 222 224 222 221 218 219 216 214 195
240 237 231 223 217 220 223 224 226 226 227 226 227 227 227 224 225 226 225 226 226 225 223 222 209 210 203 208 206 209 202 216 214 219 222 224 223 222 222 223 224 225 225 227 226 227 228 230 230 230 229 228 227 229 231 228 230 229 228 228 222 220 222 221 218 215 215 216 203
240 236 231 220 215 211 220 223 223 225 226 226 227 227 226 225 224 225 226 226 225 225 223 223 219 213 208 205 203 207 205 216 208 221 223 224 220 221 219 220 225 220 226 224 225 228 230 231 230 230 229 228 227 229 228 230 231 230 227 223 222 219 220 220 217 214 217 213 203
240 238 231 222 216 210 221 224 224 222 225 223 226 226 225 223 223 225 225 225 223 224 224 222 220 217 197 191 199 192 211 215 221 222 221 223 222 219 219 220 218 222 225 225 227 227 229 229 228 227 228 226 224 228 226 227 229 228 226 224 223 221 217 217 219 210 214 214 199
242 238 234 227 221 221 211 221 221 221 223 223 226 225 222 220 221 223 225 225 220 221 223 221 214 213 202 192 181 202 214 218 221 222 221 223 216 217 218 215 216 219 224 227 227 227 229 228 226 228 227 227 225 227 226 227 228 226 225 223 224 220 220 216 217 204 210 214 218
244 240 236 229 225 218 210 221 219 223 222 223 226 225 222 219 221 220 219 216 219 213 212 218 216 208 205 177 184 205 216 221 222 220 222 224 221 212 213 218 223 220 226 226 227 227 229 229 229 228 228 227 225 226 225 223 226 229 227 224 225 224 221 220 218 209 207 215 219
241 242 242 230 225 214 218 218 218 219 221 221 224 219 219 218 218 209 219 216 210 212 218 206 216 206 201 172 176 201 217 220 219 222 222 224 226 223 216 218 223 226 227 228 228 229 229 226 226 228 226 226 226 225 223 223 227 227 226 228 226 210 223 222 216 213 210 214 219
246 244 243 236 219 224 225 221 214 215 220 225 222 218 215 216 214 219 218 215 209 207 216 213 207 204 162 169 145 207 217 221 218 220 222 223 224 225 224 226 227 227 228 229 228 228 227 225 226 225 226 226 226 225 223 224 224 227 225 227 227 225 221 223 220 216 216 218 220
246 242 240 235 225 227 229 224 218 210 212 217 219 217 214 205 205 215 203 219 218 209 213 208 205 189 163 176 176 217 218 214 221 223 224 221 220 223 225 222 223 227 227 227 228 227 226 225 226 227 227 226 226 225 224 227 225 226 225 226 227 226 220 189 221 221 221 220 223
246 243 242 238 235 232 230 227 218 227 205 214 217 214 212 206 186 209 210 210 211 208 207 203 187 160 173 196 210 213 212 219 222 223 224 221 218 222 222 221 225 226 228 227 227 226 225 226 227 227 227 226 227 226 226 226 226 225 224 226 227 226 226 225 225 224 224 221 224
245 244 242 240 237 233 229 229 224 214 195 189 202 215 212 200 182 185 205 210 202 198 156 158 191 171 182 206 216 210 211 220 221 221 223 221 219 219 221 223 225 227 228 227 227 226 229 228 228 226 226 227 226 226 226 225 225 225 225 225 226 225 225 223 221 223 222 223 222
246 246 243 239 241 236 230 233 228 221 203 186 206 205 212 207 200 178 192 207 203 202 180 141 167 170 209 212 216 210 218 219 219 222 223 222 222 221 222 226 227 228 228 228 228 226 223 222 224 225 225 224 225 224 223 221 223 224 223 223 224 225 225 224 222 218 220 221 221
248 246 244 246 242 238 234 234 231 219 203 183 179 198 193 201 199 199 189 201 204 190 165 130 125 185 202 213 216 210 217 221 221 223 224 224 224 220 224 227 227 228 229 228 226 226 226 224 224 221 224 222 224 222 222 220 221 220 222 223 224 224 224 224 222 218 220 221 222
249 247 246 244 242 241 234 236 233 228 208 164 139 168 176 168 173 182 178 172 201 169 158 149 153 198 205 212 218 215 219 224 225 222 225 225 225 226 226 226 228 226 228 228 225 226 225 225 224 221 221 222 224 224 223 221 218 216 222 222 222 222 222 222 222 222 221 222 224
248 247 245 244 244 240 237 234 231 229 218 182 151 147 180 159 157 151 157 177 180 185 173 164 157 178 200 201 209 220 224 225 225 222 222 224 225 222 224 226 228 228 227 226 225 223 223 223 223 221 221 224 224 224 223 222 219 218 220 218 220 220 220 221 219 218 220 222 222
248 248 247 245 243 240 237 234 234 233 225 204 197 181 191 185 152 134 159 170 138 175 165 172 173 176 188 208 215 218 223 226 222 224 225 225 225 227 227 228 228 228 227 224 225 225 223 223 223 222 224 223 222 223 224 223 218 219 219 218 217 218 217 220 219 221 222 220 223
249 247 246 246 244 241 237 237 235 230 228 228 207 217 210 190 183 147 169 207 202 199 167 177 185 202 207 207 217 224 225 229 226 225 226 228 229 228 229 228 227 227 226 226 227 225 225 226 220 224 222 221 221 220 222 221 219 219 217 215 215 212 215 212 217 219 215 218 222
248 247 246 246 244 242 238 238 237 234 230 228 222 221 223 215 190 191 195 206 215 215 175 149 183 206 190 215 212 227 225 230 225 229 228 227 229 229 228 226 227 227 227 227 225 226 220 220 224 222 222 221 220 217 217 216 219 220 219 218 215 214 217 215 217 221 222 219 223
248 247 246 244 245 242 242 239 234 235 234 223 226 229 224 214 205 189 208 216 216 219 184 122 176 192 210 214 228 220 227 228 229 229 230 229 229 229 227 229 228 228 225 226 226 226 220 223 221 221 223 216 217 218 216 216 219 219 219 218 217 214 219 217 218 224 222 223 224
248 247 246 246 244 243 240 240 238 232 232 236 230 234 233 224 212 217 186 218 226 219 196 151 175 196 206 227 226 221 226 230 231 231 231 230 229 229 228 228 229 226 229 228 227 224 223 222 220 224 222 217 219 218 215 216 219 220 214 217 215 215 222 220 222 222 224 226 227
248 247 246 245 244 242 242 240 238 236 238 234 233 236 236 234 225 215 228 184 215 224 205 153 123 190 220 230 232 223 228 230 232 232 231 231 231 231 228 229 225 229 227 225 225 222 221 221 224 216 214 215 218 218 213 216 220 215 217 215 216 216 223 223 223 224 227 226 227
248 247 247 246 244 241 242 240 235 238 239 234 234 237 238 234 233 225 212 228 232 228 224 168 140 199 211 228 235 233 236 231 232 234 231 232 231 232 228 227 230 226 222 221 218 220 221 219 214 213 213 214 217 218 214 219 217 218 215 216 219 219 221 223 225 225 225 228 229
