

#####tmax
nom.files<-c("21115140",
                  "21135020",
                  "21145060",
                  "21145070",
                  "21145080",
                  "21155040",
                  "21165010",
                  "21165030",
                  "21185020",
                  "21185030",
                  "21185040",
                  "21185090",
                  "21195060",
                  "21195070",
                  "21195080",
                  "21195110",
                  "21195120",
                  "21195160",
                  "21205012",
                  "21205013",
                  "21205230",
                  "21205420",
                  "21205520",
                  "21205580",
                  "21205610",
                  "21205660",
                  "21205670",
                  "21205700",
                  "21205710",
                  "21205720",
                  "21205740",
                  "21205770",
                  "21205790",
                  "21205920",
                  "21205940",
                  "21206050",
                  "21206180",
                  "21206190",
                  "21206220",
                  "21206230",
                  "21206260",
                  "21206280",
                  "21206500",
                  "21206510",
                  "21206550",
                  "21206560",
                  "21206570",
                  "21206600",
                  "21206610",
                  "21206620",
                  "21206630",
                  "21206640",
                  "21206660",
                  "21206670",
                  "21206680",
                  "21206690",
                  "21206700",
                  "21206790",
                  "21206920",
                  "21206930",
                  "21206950",
                  "21206960",
                  "21206970",
                  "21215080",
                  "21235010",
                  "21235030",
                  "21255080",
                  "21255090",
                  "21255140",
                  "21255150",
                  "21255160",
                  "22055030",
                  "23015040",
                  "23025020",
                  "23025040",
                  "23035020",
                  "23055040",
                  "23065060",
                  "23065100",
                  "23065110",
                  "23065120",
                  "23065180",
                  "23065200",
                  "23075010",
                  "23085080",
                  "23085210",
                  "23095010",
                  "23105030",
                  "23105060",
                  "23105070",
                  "23115010",
                  "23125040",
                  "23125050",
                  "23125060",
                  "23125070",
                  "23125080",
                  "23125100",
                  "23125120",
                  "23125130",
                  "23125140",
                  "23125170",
                  "23145020",
                  "23155030",
                  "23155040",
                  "23175020",
                  "23195040",
                  "23195110",
                  "23195130",
                  "24015090",
                  "24015120",
                  "24015220",
                  "24015250",
                  "24015260",
                  "24015270",
                  "24015280",
                  "24015300",
                  "24015360",
                  "24015370",
                  "24025020",
                  "24025030",
                  "24025040",
                  "24025050",
                  "24025090",
                  "24035010",
                  "24035020",
                  "24035040",
                  "24035070",
                  "24035090",
                  "24035120",
                  "24035130",
                  "24035150",
                  "24035170",
                  "24035180",
                  "24035240",
                  "24035250",
                  "24035260",
                  "24035270",
                  "24035280",
                  "24035310",
                  "24035320",
                  "24035330",
                  "24035340",
                  "24035370",
                  "24035380",
                  "24035400",
                  "24035420",
                  "24055030",
                  "24055040",
                  "24055070",
                  "24055080",
                  "24065030",
                  "31015010",
                  "31095010",
                  "31095030",
                  "32035010",
                  "32035020",
                  "32065010",
                  "32075020",
                  "32075030",
                  "32075040",
                  "32075050",
                  "32075060",
                  "32075080",
                  "32105070",
                  "32155010",
                  "33035010",
                  "33055010",
                  "34015010",
                  "34035010",
                  "34035020",
                  "35015030",
                  "35015050",
                  "35025020",
                  "35025050",
                  "35025080",
                  "35025090",
                  "35025110",
                  "35035010",
                  "35035020",
                  "35035030",
                  "35035070",
                  "35035100",
                  "35045020",
                  "35055010",
                  "35065010",
                  "35075010",
                  "35075020",
                  "35075030",
                  "35075040",
                  "35075070",
                  "35075080",
                  "35085020",
                  "35085040",
                  "35085050",
                  "35085060",
                  "35095020",
                  "35095110",
                  "35095120",
                  "35105020",
                  "35105040",
                  "35105050",
                  "35125010",
                  "35185010",
                  "35195020",
                  "35195030",
                  "35195050",
                  "35215010",
                  "35225020",
                  "35235020",
                  "35235030",
                  "36015010",
                  "36015020",
                  "36025010",
                  "37015030",
                  "37035010",
                  "37045010",
                  "37055010",
                  "38015030",
                  "46015010",
                  "46015020",
                  "46015030")


rutas1<-array(NA,length(nom.files))

for (i in 1:length(nom.files)) {
rutas<-paste0("S:/observed/weather_station/col-ideam/daily-raw/tmax-per-station/",nom.files[i],"_raw_tmax.txt")
rutas1[i]<-rutas
}

datos=lapply(rutas1,function(x) read.table(x,header=T,sep="\t"))

x=seq(as.Date("1980/1/1"), as.Date("2014/12/31"), "days") #Definir periodo que se desea analizar
fechas=format(x,"%Y%m%d")
fechas=cbind.data.frame("Date"=fechas)


for(j in 1:length(datos)) {  
  fechas=merge(fechas,datos[[j]],by="Date",all.x=T) 
}
names(fechas)=c("Date",nom.files)




write.csv(fechas,"C:/Users/jardila/Desktop/estaciones cormacarena/estations_all/temp.max.all.csv",row.names=F)



#####tmin
